# Use measured lens data from Optimax, thanks David Marx (see issue #148)
3200  0.5684892
3210  0.5409994
3220  0.51398522
3230  0.48859274
3240  0.4627934
3250  0.43825846
3260  0.41446416
3270  0.39201528
3280  0.36993004
3290  0.34787732
3300  0.32799348
3310  0.30948192
3320  0.2905089
3330  0.2730007
3340  0.25569088
3350  0.23960038
3360  0.22519754
3370  0.21142726
3380  0.19787674
3390  0.18457542
3400  0.17315254
3410  0.16325074
3420  0.15275108
3430  0.1428338
3440  0.13433844
3450  0.12635006
3460  0.1192781
3470  0.11260444
3480  0.1062004
3490  0.1007173
3500  0.09552254
3510  0.09154088
3520  0.0880834
3530  0.08445034
3540  0.08141192
3550  0.07909806
3560  0.07750452
3570  0.07670568
3580  0.07609836
3590  0.07546536
3600  0.0756685
3610  0.07602482
3620  0.07733898
3630  0.07874376
3640  0.0806409
3650  0.08352562
3660  0.085839
3670  0.0883226
3680  0.091388
3690  0.09551394
3700  0.09972446
3710  0.1033975
3720  0.1089909
3730  0.1147817
3740  0.11924606
3750  0.12439744
3760  0.13129436
3770  0.1378675
3780  0.14543194
3790  0.1541127
3800  0.16180606
3810  0.16938902
3820  0.1772055
3830  0.18527362
3840  0.19378188
3850  0.2024267
3860  0.21152914
3870  0.2209116
3880  0.2301916
3890  0.2396849
3900  0.24952314
3910  0.2596948
3920  0.27003362
3930  0.28045212
3940  0.2908096
3950  0.30133202
3960  0.31233534
3970  0.32376772
3980  0.33492042
3990  0.34600644
4000  0.35757772
4010  0.3691598
4020  0.38066036
4030  0.39223064
4040  0.40391792
4050  0.4159395
4060  0.42782724
4070  0.43970074
4080  0.45159914
4090  0.46344942
4100  0.47551996
4110  0.48776006
4120  0.49959562
4130  0.51158564
4140  0.52353614
4150  0.53535684
4160  0.54739008
4170  0.559367
4180  0.57105136
4190  0.58273206
4200  0.59430808
4210  0.60576282
4220  0.61718256
4230  0.62837594
4240  0.6395235
4250  0.65059494
4260  0.66165976
4270  0.67245652
4280  0.68308482
4290  0.6936431
4300  0.70387938
4310  0.71402946
4320  0.72395932
4330  0.7336834
4340  0.74330666
4350  0.75271332
4360  0.76195826
4370  0.77094874
4380  0.77983256
4390  0.78850432
4400  0.79681666
4410  0.80489468
4420  0.81278048
4430  0.82045858
4440  0.8281454
4450  0.83558346
4460  0.84281998
4470  0.84992858
4480  0.85682884
4490  0.86339612
4500  0.8697339
4510  0.87597212
4520  0.88196222
4530  0.88774834
4540  0.89332524
4550  0.89866032
4560  0.9038253
4570  0.90888538
4580  0.91363606
4590  0.9181868
4600  0.92253266
4610  0.92677268
4620  0.93076342
4630  0.93456042
4640  0.93825092
4650  0.94180776
4660  0.9451479
4670  0.9483658
4680  0.95143758
4690  0.95430898
4700  0.95706654
4710  0.95966788
4720  0.96220154
4730  0.96455552
4740  0.96680746
4750  0.96893344
4760  0.97096364
4770  0.97285208
4780  0.97460202
4790  0.97622484
4800  0.97774206
4810  0.97917478
4820  0.98055654
4830  0.98190094
4840  0.98315498
4850  0.98435558
4860  0.98549384
4870  0.98654502
4880  0.9875602
4890  0.98843364
4900  0.98921786
4910  0.9900103
4920  0.99073038
4930  0.99133618
4940  0.9918886
4950  0.9924733
4960  0.9929949
4970  0.9934208
4980  0.99383318
4990  0.99417836
5000  0.99450402
5010  0.9948167
5020  0.99506038
5030  0.99530314
5040  0.99548214
5050  0.99563996
5060  0.99580092
5070  0.99590818
5080  0.9960134
5090  0.9960952
5100  0.99616216
5110  0.99621426
5120  0.99624566
5130  0.9962694
5140  0.9962684
5150  0.99627122
5160  0.99626558
5170  0.99623238
5180  0.99620392
5190  0.99618564
5200  0.99614236
5210  0.99610338
5220  0.99603918
5230  0.99599342
5240  0.99592528
5250  0.99587122
5260  0.99580388
5270  0.99575812
5280  0.9956707
5290  0.99562348
5300  0.99554846
5310  0.9954839
5320  0.99541684
5330  0.99535882
5340  0.99531058
5350  0.995246
5360  0.995176
5370  0.99512024
5380  0.99506402
5390  0.9950342
5400  0.99498332
5410  0.99493044
5420  0.9948807
5430  0.99485212
5440  0.99481684
5450  0.99478762
5460  0.99476452
5470  0.99475474
5480  0.99470774
5490  0.99470724
5500  0.99469272
5510  0.99468426
5520  0.99467404
5530  0.9946745
5540  0.99466792
5550  0.9946798
5560  0.99467902
5570  0.99469292
5580  0.99470986
5590  0.99472676
5600  0.9947363
5610  0.9947558
5620  0.99479716
5630  0.99481504
5640  0.99483048
5650  0.99486844
5660  0.99489388
5670  0.99493016
5680  0.99496692
5690  0.9949945
5700  0.99504322
5710  0.99508888
5720  0.99514062
5730  0.9951788
5740  0.99522438
5750  0.99527596
5760  0.99531816
5770  0.99536578
5780  0.99542708
5790  0.99547902
5800  0.9955141
5810  0.99556376
5820  0.99562272
5830  0.9956777
5840  0.9957248
5850  0.99577638
5860  0.99582436
5870  0.99586834
5880  0.9959306
5890  0.99597604
5900  0.9960224
5910  0.99607728
5920  0.99613482
5930  0.99615926
5940  0.99621616
5950  0.99626956
5960  0.99631278
5970  0.99636332
5980  0.99640366
5990  0.99644466
6000  0.9964819
6010  0.9965316
6020  0.99656796
6030  0.9965991
6040  0.99662356
6050  0.99665498
6060  0.99668812
6070  0.99672306
6080  0.9967469
6090  0.9967732
6100  0.99678976
6110  0.99683148
6120  0.9968532
6130  0.99685364
6140  0.9968785
6150  0.99690408
6160  0.99690794
6170  0.99691348
6180  0.9969331
6190  0.99694856
6200  0.99695058
6210  0.99695806
6220  0.99697288
6230  0.99696782
6240  0.99696622
6250  0.99697582
6260  0.99695444
6270  0.99695804
6280  0.996927
6290  0.99693114
6300  0.99692788
6310  0.99691208
6320  0.99689262
6330  0.9968818
6340  0.99684926
6350  0.99683682
6360  0.99681344
6370  0.99679308
6380  0.9967799
6390  0.9967552
6400  0.99673042
6410  0.99670512
6420  0.9966713
6430  0.99663236
6440  0.99659252
6450  0.99655622
6460  0.99652522
6470  0.99649982
6480  0.9964549
6490  0.99642976
6500  0.99638438
6510  0.99634282
6520  0.99628482
6530  0.99624378
6540  0.99620556
6550  0.99615108
6560  0.99609932
6570  0.99606342
6580  0.9960132
6590  0.99596838
6600  0.99591774
6610  0.99586528
6620  0.99581992
6630  0.9957782
6640  0.99572372
6650  0.995671
6660  0.99562634
6670  0.9955548
6680  0.99549956
6690  0.99545594
6700  0.99540712
6710  0.99535326
6720  0.9952812
6730  0.99523658
6740  0.99518726
6750  0.99514166
6760  0.99507314
6770  0.99500822
6780  0.9949504
6790  0.99489852
6800  0.99483848
6810  0.9947791
6820  0.99473692
6830  0.9946921
6840  0.9946393
6850  0.99457768
6860  0.99452238
6870  0.99447776
6880  0.99443204
6890  0.99437912
6900  0.99432796
6910  0.99427676
6920  0.99422072
6930  0.99416088
6940  0.99411218
6950  0.99408058
6960  0.99403412
6970  0.99397306
6980  0.99392114
6990  0.99389928
7000  0.99384136
7010  0.9937958
7020  0.99374784
7030  0.99369588
7040  0.9936611
7050  0.99360736
7060  0.99357822
7070  0.99353954
7080  0.99348122
7090  0.99344788
7100  0.9934044
7110  0.9933604
7120  0.99334442
7130  0.99331336
7140  0.99326802
7150  0.99323262
7160  0.9931905
7170  0.99315686
7180  0.9931237
7190  0.99308918
7200  0.99306274
7210  0.99305752
7220  0.9930367
7230  0.99300476
7240  0.99297054
7250  0.99294912
7260  0.9929157
7270  0.99289704
7280  0.992895
7290  0.99286942
7300  0.99284338
7310  0.99281566
7320  0.99281308
7330  0.99277954
7340  0.99275806
7350  0.99277232
7360  0.99273514
7370  0.9927088
7380  0.99271356
7390  0.99270318
7400  0.99267892
7410  0.99266778
7420  0.9926655
7430  0.99266862
7440  0.99265266
7450  0.99265922
7460  0.99265936
7470  0.99265696
7480  0.99263536
7490  0.9926381
7500  0.9926449
7510  0.99262592
7520  0.99262532
7530  0.99262648
7540  0.99262852
7550  0.99262964
7560  0.99262338
7570  0.9926314
7580  0.99262258
7590  0.99259752
7600  0.99263678
7610  0.99268552
7620  0.99267804
7630  0.99268432
7640  0.99269262
7650  0.99269866
7660  0.99270742
7670  0.99271408
7680  0.99272048
7690  0.99271184
7700  0.99274714
7710  0.99277578
7720  0.99274974
7730  0.99273986
7740  0.9927375
7750  0.99278176
7760  0.99282342
7770  0.9928298
7780  0.99283196
7790  0.992855
7800  0.9928929
7810  0.99289642
7820  0.9928926
7830  0.99291998
7840  0.9929448
7850  0.99299188
7860  0.99299022
7870  0.9929782
7880  0.9930032
7890  0.99300074
7900  0.99303496
7910  0.9930345
7920  0.993075
7930  0.99306228
7940  0.99306298
7950  0.9931238
7960  0.99317072
7970  0.9931635
7980  0.99314268
7990  0.99320994
8000  0.9932176
8010  0.99326458
8020  0.99321392
8030  0.99321824
8040  0.99324524
8050  0.99326056
8060  0.99326108
8070  0.99323372
8080  0.99328136
8090  0.993333
8100  0.99329326
8110  0.99330716
8120  0.99333172
8130  0.993333
8140  0.99331936
8150  0.993377
8160  0.99335238
8170  0.99334538
8180  0.99337034
8190  0.993361
8200  0.99339064
8210  0.9933835
8220  0.99342604
8230  0.99338138
8240  0.99343582
8250  0.99339422
8260  0.99340378
8270  0.99339734
8280  0.9933146
8290  0.99336262
8300  0.99338384
8310  0.99333458
8320  0.99339202
8330  0.9933901
8340  0.99331346
8350  0.99332146
8360  0.99334574
8370  0.99339756
8380  0.99340836
8390  0.99330814
8400  0.99336292
8410  0.99340692
8420  0.9933257
8430  0.993278
8440  0.99319598
8450  0.99317276
8460  0.99317672
8470  0.99315792
8480  0.9931737
8490  0.99315568
8500  0.99312262
8510  0.99308072
8520  0.99302748
8530  0.99295228
8540  0.99298384
8550  0.99290888
8560  0.99298008
8570  0.99288154
8580  0.99288582
8590  0.99286006
8600  0.99277342
8610  0.9927574
8620  0.99266754
8630  0.99258922
8640  0.99258758
8650  0.99252012
8660  0.99250868
8670  0.9924854
8680  0.99238768
8690  0.99234894
8700  0.99234352
8710  0.99225528
8720  0.99214562
8730  0.99210018
8740  0.99208066
8750  0.99201666
8760  0.99191906
8770  0.99184944
8780  0.99176782
8790  0.99170614
8800  0.99164156
8810  0.99154714
8820  0.99147382
8830  0.9914052
8840  0.99133988
8850  0.99123136
8860  0.99110506
8870  0.9910843
8880  0.99097244
8890  0.99091192
8900  0.98987538
8910  0.98862014
8920  0.98892892
8930  0.98948282
8940  0.99057896
8950  0.99125846
8960  0.99102746
8970  0.98968206
8980  0.99094798
8990  0.98860832
9000  0.9897879
9010  0.98951934
9020  0.990672
9030  0.98870356
9040  0.98947784
9050  0.98901194
9060  0.98933328
9070  0.98873382
9080  0.98894002
9090  0.98804206
9100  0.98841798
9110  0.98802618
9120  0.98908722
9130  0.98757046
9140  0.98675672
9150  0.98784734
9160  0.98781834
9170  0.98787434
9180  0.9874448
9190  0.98664646
9200  0.98773966
9210  0.98785274
9220  0.98736474
9230  0.98621754
9240  0.98632316
9250  0.9863209
9260  0.98670672
9270  0.98551382
9280  0.9851501
9290  0.98503424
9300  0.98549218
9310  0.98456076
9320  0.98454592
9330  0.98443498
9340  0.98407946
9350  0.98389292
9360  0.98419094
9370  0.98396366
9380  0.98449682
9390  0.98432502
9400  0.98347326
9410  0.98352208
9420  0.98329168
9430  0.98202318
9440  0.9816736
9450  0.981951
9460  0.98188
9470  0.98134482
9480  0.98162794
9490  0.98148962
9500  0.98232566
9510  0.98191468
9520  0.98112132
9530  0.9806401
9540  0.9807387
9550  0.98046094
9560  0.9797993
9570  0.97988712
9580  0.97945966
9590  0.97907648
9600  0.97947314
9610  0.97880904
9620  0.97871494
9630  0.9784889
9640  0.97801068
9650  0.97757802
9660  0.97817796
9670  0.97737838
9680  0.97694572
9690  0.97718122
9700  0.97671288
9710  0.97644902
9720  0.97631992
9730  0.97606472
9740  0.97585236
9750  0.97514702
9760  0.97538634
9770  0.97479754
9780  0.97428128
9790  0.97427176
9800  0.97389914
9810  0.97384578
9820  0.97360862
9830  0.9731634
9840  0.97278996
9850  0.97293296
9860  0.97248548
9870  0.9719243
9880  0.97191208
9890  0.9718411
9900  0.97144732
9910  0.97088996
9920  0.97085774
9930  0.970375
9940  0.970428
9950  0.96977852
9960  0.96971066
9970  0.9692185
9980  0.96890068
9990  0.96831574
10000 0.96801952
