# Same as IOI curve given flat mirror coating
4095.519011 0.950460783
4102.405499 0.951481285
4107.652348 0.952497906
4111.587484 0.953580491
4119.457756 0.95488813
4127.328029 0.956141446
4136.322626 0.957332123
4143.068573 0.95833921
4150.938846 0.959373681
4158.809118 0.960595955
4167.991103 0.961807558
4178.484799 0.96300946
4188.978496 0.964217183
4200.492413 0.965376403
4209.091414 0.966385264
4221.771297 0.96747949
4234.888418 0.968489903
4249.31725 0.969481691
4258.87401 0.970542658
4272.928068 0.971751628
4288.668612 0.972803172
4305.720869 0.97391181
4322.773126 0.974948941
4338.513671 0.975957802
4355.940702 0.976935067
4371.306472 0.978015989
4393.605577 0.978878066
4415.904682 0.980041471
4438.203787 0.980891908
4459.19118 0.981979925
4476.243437 0.983068054
4495.919118 0.984055851
4516.906511 0.985103514
4540.517328 0.986009161
4574.621842 0.987204661
4607.414643 0.987969714
4646.766005 0.989050266
4699.234488 0.990177635
4751.70297 0.991028077
4806.794877 0.991810776
4861.886783 0.992280839
4916.97869 0.992847353
4972.070596 0.992869526
5027.162503 0.993307438
5082.25441 0.993458213
5134.722892 0.993987208
5187.191375 0.994077941
5242.283281 0.994070181
5297.375188 0.993902777
5352.467094 0.993856214
5407.559001 0.994023618
5462.650908 0.994178827
5517.742814 0.99412783
5572.834721 0.993780826
5626.972655 0.993607576
5684.091753 0.993371588
5738.110441 0.993196574
5792.844608 0.992835057
5848.294254 0.992550238
5903.38616 0.992675514
5956.539014 0.992230661
6012.616001 0.992165187
6024.355162 0.991451577
6076.532153 0.991209894
6131.624059 0.991284173
6184.092542 0.990678798
6230.629804 0.989879239
6280.682248 0.98957566
6331.878767 0.989030311
6383.472775 0.988575769
6434.932248 0.987991304
6422.824137 0.987222122
6493.656588 0.987898391
6538.254798 0.986870314
6587.026638 0.986281341
6637.541311 0.98623893
6669.863242 0.985826531
6718.262054 0.985449153
6744.922321 0.984759467
6797.711444 0.984646034
6827.705927 0.984459395
6871.283916 0.983688522
6912.161773 0.983216495
6964.561218 0.984052317
7007.060689 0.982568169
7032.11439 0.981921722
7077.368456 0.981491986
7132.175208 0.981335975
7124.59009 0.982239901
7187.44296 0.980968154
7240.990278 0.980503918
7296.42437 0.980990466
7345.832191 0.980500263
7368.131296 0.979810875
7414.064231 0.979848043
7411.855032 0.978957223
7456.095502 0.980701212
7503.775777 0.979780927
7553.714262 0.980391185
7560.078495 0.979302564
7607.4313 0.980896564
7650.691564 0.979739571
7674.67443 0.980817619
7674.459786 0.978717425
7691.249701 0.979690587
7718.795654 0.982039422
7757.992697 0.982356308
7798.81009 0.980953603
7800.121802 0.979905109
7848.800894 0.982294224
7880.713391 0.981138225
7890.817322 0.980041471
7884.68865 0.984246667
7890.442547 0.982941669
7918.011923 0.979088181
7912.71042 0.977764051
7935.824377 0.981173189
7961.025148 0.982111853
8015.24258 0.982764287
8070.334487 0.983697761
8125.426393 0.984294208
8180.5183 0.984448309
8235.610206 0.98461793
8290.702113 0.985202183
8345.79402 0.985020366
8400.885926 0.985461604
8455.977833 0.985765371
8511.069739 0.985772023
8564.981105 0.98620356
8617.187245 0.986515531
8671.098611 0.986679998
8726.190518 0.986875118
8781.282424 0.987031436
8836.374331 0.987013698
8891.466237 0.987447175
8946.558144 0.987828547
8989.340137 0.987752222
