# wavelength, f_lambda
2.2900e+02,0.0000e+00
2.3400e+02,0.0000e+00
2.4300e+02,0.0000e+00
2.5200e+02,0.0000e+00
2.5600e+02,0.0000e+00
2.6000e+02,0.0000e+00
2.6600e+02,0.0000e+00
2.7500e+02,0.0000e+00
2.8300e+02,0.0000e+00
2.9300e+02,0.0000e+00
3.0100e+02,0.0000e+00
3.0900e+02,0.0000e+00
3.2500e+02,0.0000e+00
3.4200e+02,0.0000e+00
3.5100e+02,0.0000e+00
3.5600e+02,0.0000e+00
3.6500e+02,0.0000e+00
3.7500e+02,0.0000e+00
3.8400e+02,0.0000e+00
4.0000e+02,0.0000e+00
4.1500e+02,0.0000e+00
4.2500e+02,0.0000e+00
4.4500e+02,0.0000e+00
4.7200e+02,0.0000e+00
4.9400e+02,0.0000e+00
5.0600e+02,2.0156e-24
5.1600e+02,4.2702e-24
5.4000e+02,2.2623e-23
5.6400e+02,1.0566e-22
5.8700e+02,4.2101e-22
6.1200e+02,1.7294e-21
6.4000e+02,7.5547e-21
6.7100e+02,3.4431e-20
7.0500e+02,1.5845e-19
7.3600e+02,5.6863e-19
7.7000e+02,2.0593e-18
8.1000e+02,8.1488e-18
8.5000e+02,2.8235e-17
8.9000e+02,8.6980e-17
9.2000e+02,1.1588e-14
9.4000e+02,4.9374e-14
9.6200e+02,8.3331e-14
9.8700e+02,1.4955e-13
1.0120e+03,2.1714e-13
1.0370e+03,2.9620e-13
1.0620e+03,4.4789e-13
1.0870e+03,6.1521e-13
1.1120e+03,1.7086e-11
1.1200e+03,1.8843e-11
1.1400e+03,1.7303e-11
1.1600e+03,1.6305e-11
1.1800e+03,9.4247e-12
1.2000e+03,4.6763e-12
1.2200e+03,4.4308e-12
1.2400e+03,7.7368e-11
1.2600e+03,3.4218e-10
1.2800e+03,1.5918e-09
1.3000e+03,2.4868e-09
1.3200e+03,3.7934e-09
1.3400e+03,4.4883e-09
1.3600e+03,4.5655e-09
1.3800e+03,5.0030e-09
1.4000e+03,5.2700e-09
1.4200e+03,5.8895e-09
1.4400e+03,6.0527e-09
1.4600e+03,6.7483e-09
1.4800e+03,6.4235e-09
1.5000e+03,7.4822e-09
1.5200e+03,7.5300e-09
1.5400e+03,7.6633e-09
1.5600e+03,7.4440e-09
1.5800e+03,7.2907e-09
1.6000e+03,7.0048e-09
1.6200e+03,6.5007e-09
1.6400e+03,6.2898e-09
1.6600e+03,5.8523e-09
1.6800e+03,6.3481e-09
1.7000e+03,6.2421e-09
1.7200e+03,6.1565e-09
1.7400e+03,6.2231e-09
1.7600e+03,6.2708e-09
1.7800e+03,6.3375e-09
1.8000e+03,6.4041e-09
1.8200e+03,6.2042e-09
1.8400e+03,6.0898e-09
1.8600e+03,6.1565e-09
1.8800e+03,6.0705e-09
1.9000e+03,5.8523e-09
1.9200e+03,5.7190e-09
1.9400e+03,5.6225e-09
1.9600e+03,5.4892e-09
1.9800e+03,5.2517e-09
2.0000e+03,5.0223e-09
2.0025e+03,5.0019e-09
2.0050e+03,4.9819e-09
2.0075e+03,4.9618e-09
2.0100e+03,4.9418e-09
2.0125e+03,4.9214e-09
2.0150e+03,4.9014e-09
2.0175e+03,4.8813e-09
2.0200e+03,4.8609e-09
2.0225e+03,4.8529e-09
2.0250e+03,4.8445e-09
2.0275e+03,4.8362e-09
2.0300e+03,4.8278e-09
2.0325e+03,4.8194e-09
2.0350e+03,4.8110e-09
2.0375e+03,4.8027e-09
2.0400e+03,4.7943e-09
2.0425e+03,4.7812e-09
2.0450e+03,4.7681e-09
2.0475e+03,4.7546e-09
2.0500e+03,4.7415e-09
2.0525e+03,4.7284e-09
2.0550e+03,4.7149e-09
2.0575e+03,4.7018e-09
2.0600e+03,4.6887e-09
2.0625e+03,4.6814e-09
2.0650e+03,4.6744e-09
2.0675e+03,4.6675e-09
2.0700e+03,4.6606e-09
2.0725e+03,4.6533e-09
2.0750e+03,4.6464e-09
2.0775e+03,4.6395e-09
2.0800e+03,4.6322e-09
2.0825e+03,4.6264e-09
2.0850e+03,4.6205e-09
2.0875e+03,4.6144e-09
2.0900e+03,4.6085e-09
2.0925e+03,4.6023e-09
2.0950e+03,4.5965e-09
2.0975e+03,4.5907e-09
2.1000e+03,4.5845e-09
2.1025e+03,4.5583e-09
2.1050e+03,4.5320e-09
2.1075e+03,4.5058e-09
2.1100e+03,4.4792e-09
2.1125e+03,4.4530e-09
2.1150e+03,4.4268e-09
2.1175e+03,4.4002e-09
2.1200e+03,4.3740e-09
2.1225e+03,4.3561e-09
2.1250e+03,4.3386e-09
2.1275e+03,4.3208e-09
2.1300e+03,4.3029e-09
2.1325e+03,4.2851e-09
2.1350e+03,4.2676e-09
2.1375e+03,4.2498e-09
2.1400e+03,4.2319e-09
2.1425e+03,4.2403e-09
2.1450e+03,4.2487e-09
2.1475e+03,4.2570e-09
2.1500e+03,4.2654e-09
2.1525e+03,4.2738e-09
2.1550e+03,4.2822e-09
2.1575e+03,4.2902e-09
2.1600e+03,4.2986e-09
2.1625e+03,4.2785e-09
2.1650e+03,4.2578e-09
2.1675e+03,4.2377e-09
2.1700e+03,4.2173e-09
2.1725e+03,4.1970e-09
2.1750e+03,4.1766e-09
2.1775e+03,4.1562e-09
2.1800e+03,4.1358e-09
2.1825e+03,4.1263e-09
2.1850e+03,4.1168e-09
2.1875e+03,4.1074e-09
2.1900e+03,4.0979e-09
2.1925e+03,4.0888e-09
2.1950e+03,4.0793e-09
2.1975e+03,4.0698e-09
2.2000e+03,4.0604e-09
2.2025e+03,4.0447e-09
2.2050e+03,4.0290e-09
2.2075e+03,4.0137e-09
2.2100e+03,3.9981e-09
2.2125e+03,3.9824e-09
2.2150e+03,3.9668e-09
2.2175e+03,3.9511e-09
2.2200e+03,3.9354e-09
2.2225e+03,3.9354e-09
2.2250e+03,3.9354e-09
2.2275e+03,3.9354e-09
2.2300e+03,3.9354e-09
2.2325e+03,3.9354e-09
2.2350e+03,3.9354e-09
2.2375e+03,3.9354e-09
2.2400e+03,3.9354e-09
2.2425e+03,3.9096e-09
2.2450e+03,3.8834e-09
2.2475e+03,3.8571e-09
2.2500e+03,3.8313e-09
2.2525e+03,3.8050e-09
2.2550e+03,3.7792e-09
2.2575e+03,3.7530e-09
2.2600e+03,3.7267e-09
2.2625e+03,3.7424e-09
2.2650e+03,3.7577e-09
2.2675e+03,3.7734e-09
2.2700e+03,3.7887e-09
2.2725e+03,3.8043e-09
2.2750e+03,3.8196e-09
2.2775e+03,3.8353e-09
2.2800e+03,3.8506e-09
2.2825e+03,3.8426e-09
2.2850e+03,3.8342e-09
2.2875e+03,3.8258e-09
2.2900e+03,3.8174e-09
2.2925e+03,3.8091e-09
2.2950e+03,3.8007e-09
2.2975e+03,3.7923e-09
2.3000e+03,3.7839e-09
2.3025e+03,3.7781e-09
2.3050e+03,3.7719e-09
2.3075e+03,3.7657e-09
2.3100e+03,3.7595e-09
2.3125e+03,3.7537e-09
2.3150e+03,3.7475e-09
2.3175e+03,3.7413e-09
2.3200e+03,3.7355e-09
2.3225e+03,3.7176e-09
2.3250e+03,3.6998e-09
2.3275e+03,3.6819e-09
2.3300e+03,3.6637e-09
2.3325e+03,3.6459e-09
2.3350e+03,3.6282e-09
2.3375e+03,3.6103e-09
2.3400e+03,3.5924e-09
2.3425e+03,3.5914e-09
2.3450e+03,3.5903e-09
2.3475e+03,3.5892e-09
2.3500e+03,3.5882e-09
2.3525e+03,3.5871e-09
2.3550e+03,3.5860e-09
2.3575e+03,3.5849e-09
2.3600e+03,3.5839e-09
2.3625e+03,3.5635e-09
2.3650e+03,3.5431e-09
2.3675e+03,3.5227e-09
2.3700e+03,3.5023e-09
2.3725e+03,3.4820e-09
2.3750e+03,3.4616e-09
2.3775e+03,3.4412e-09
2.3800e+03,3.4209e-09
2.3825e+03,3.4174e-09
2.3850e+03,3.4139e-09
2.3875e+03,3.4105e-09
2.3900e+03,3.4070e-09
2.3925e+03,3.4036e-09
2.3950e+03,3.4001e-09
2.3975e+03,3.3967e-09
2.4000e+03,3.3932e-09
2.4025e+03,3.4087e-09
2.4050e+03,3.4242e-09
2.4075e+03,3.4397e-09
2.4100e+03,3.4552e-09
2.4125e+03,3.4707e-09
2.4150e+03,3.4862e-09
2.4175e+03,3.5016e-09
2.4200e+03,3.5171e-09
2.4225e+03,3.5231e-09
2.4250e+03,3.5290e-09
2.4275e+03,3.5350e-09
2.4300e+03,3.5409e-09
2.4325e+03,3.5469e-09
2.4350e+03,3.5529e-09
2.4375e+03,3.5588e-09
2.4400e+03,3.5648e-09
2.4425e+03,3.5565e-09
2.4450e+03,3.5481e-09
2.4475e+03,3.5398e-09
2.4500e+03,3.5314e-09
2.4525e+03,3.5231e-09
2.4550e+03,3.5148e-09
2.4575e+03,3.5064e-09
2.4600e+03,3.4981e-09
2.4625e+03,3.4933e-09
2.4650e+03,3.4885e-09
2.4675e+03,3.4838e-09
2.4700e+03,3.4790e-09
2.4725e+03,3.4742e-09
2.4750e+03,3.4695e-09
2.4775e+03,3.4647e-09
2.4800e+03,3.4599e-09
2.4825e+03,3.4693e-09
2.4850e+03,3.4788e-09
2.4875e+03,3.4882e-09
2.4900e+03,3.4976e-09
2.4925e+03,3.5070e-09
2.4950e+03,3.5164e-09
2.4975e+03,3.5258e-09
2.5000e+03,3.5352e-09
2.5025e+03,3.5246e-09
2.5050e+03,3.5140e-09
2.5075e+03,3.5034e-09
2.5100e+03,3.4928e-09
2.5125e+03,3.4822e-09
2.5150e+03,3.4716e-09
2.5175e+03,3.4610e-09
2.5200e+03,3.4504e-09
2.5225e+03,3.4254e-09
2.5250e+03,3.4004e-09
2.5275e+03,3.3753e-09
2.5300e+03,3.3503e-09
2.5325e+03,3.3253e-09
2.5350e+03,3.3003e-09
2.5375e+03,3.2753e-09
2.5400e+03,3.2503e-09
2.5425e+03,3.2609e-09
2.5450e+03,3.2715e-09
2.5475e+03,3.2821e-09
2.5500e+03,3.2927e-09
2.5525e+03,3.3033e-09
2.5550e+03,3.3139e-09
2.5575e+03,3.3245e-09
2.5600e+03,3.3351e-09
2.5625e+03,3.3518e-09
2.5650e+03,3.3685e-09
2.5675e+03,3.3851e-09
2.5700e+03,3.4018e-09
2.5725e+03,3.4185e-09
2.5750e+03,3.4352e-09
2.5775e+03,3.4519e-09
2.5800e+03,3.4685e-09
2.5825e+03,3.4651e-09
2.5850e+03,3.4616e-09
2.5875e+03,3.4582e-09
2.5900e+03,3.4547e-09
2.5925e+03,3.4512e-09
2.5950e+03,3.4478e-09
2.5975e+03,3.4443e-09
2.6000e+03,3.4409e-09
2.6025e+03,3.4433e-09
2.6050e+03,3.4456e-09
2.6075e+03,3.4480e-09
2.6100e+03,3.4504e-09
2.6125e+03,3.4528e-09
2.6150e+03,3.4552e-09
2.6175e+03,3.4575e-09
2.6200e+03,3.4599e-09
2.6225e+03,3.4622e-09
2.6250e+03,3.4645e-09
2.6275e+03,3.4667e-09
2.6300e+03,3.4690e-09
2.6325e+03,3.4713e-09
2.6350e+03,3.4735e-09
2.6375e+03,3.4758e-09
2.6400e+03,3.4780e-09
2.6425e+03,3.4780e-09
2.6450e+03,3.4780e-09
2.6475e+03,3.4780e-09
2.6500e+03,3.4780e-09
2.6525e+03,3.4780e-09
2.6550e+03,3.4780e-09
2.6575e+03,3.4780e-09
2.6600e+03,3.4780e-09
2.6625e+03,3.4697e-09
2.6650e+03,3.4614e-09
2.6675e+03,3.4530e-09
2.6700e+03,3.4447e-09
2.6725e+03,3.4363e-09
2.6750e+03,3.4280e-09
2.6775e+03,3.4197e-09
2.6800e+03,3.4113e-09
2.6825e+03,3.4067e-09
2.6850e+03,3.4020e-09
2.6875e+03,3.3974e-09
2.6900e+03,3.3927e-09
2.6925e+03,3.3881e-09
2.6950e+03,3.3835e-09
2.6975e+03,3.3788e-09
2.7000e+03,3.3742e-09
2.7025e+03,3.3753e-09
2.7050e+03,3.3765e-09
2.7075e+03,3.3777e-09
2.7100e+03,3.3789e-09
2.7125e+03,3.3801e-09
2.7150e+03,3.3813e-09
2.7175e+03,3.3825e-09
2.7200e+03,3.3837e-09
2.7225e+03,3.3730e-09
2.7250e+03,3.3623e-09
2.7275e+03,3.3515e-09
2.7300e+03,3.3408e-09
2.7325e+03,3.3301e-09
2.7350e+03,3.3194e-09
2.7375e+03,3.3086e-09
2.7400e+03,3.2979e-09
2.7425e+03,3.2836e-09
2.7450e+03,3.2693e-09
2.7475e+03,3.2550e-09
2.7500e+03,3.2407e-09
2.7525e+03,3.2264e-09
2.7550e+03,3.2121e-09
2.7575e+03,3.1978e-09
2.7600e+03,3.1835e-09
2.7625e+03,3.1882e-09
2.7650e+03,3.1928e-09
2.7675e+03,3.1974e-09
2.7700e+03,3.2021e-09
2.7725e+03,3.2068e-09
2.7750e+03,3.2114e-09
2.7775e+03,3.2161e-09
2.7800e+03,3.2207e-09
2.7825e+03,3.1839e-09
2.7850e+03,3.1471e-09
2.7875e+03,3.1103e-09
2.7900e+03,3.0734e-09
2.7925e+03,3.0366e-09
2.7950e+03,2.9998e-09
2.7975e+03,2.9630e-09
2.8000e+03,2.9262e-09
2.8025e+03,2.9846e-09
2.8050e+03,3.0429e-09
2.8075e+03,3.1013e-09
2.8100e+03,3.1597e-09
2.8125e+03,3.2181e-09
2.8150e+03,3.2764e-09
2.8175e+03,3.3348e-09
2.8200e+03,3.3932e-09
2.8225e+03,3.3753e-09
2.8250e+03,3.3575e-09
2.8275e+03,3.3396e-09
2.8300e+03,3.3217e-09
2.8325e+03,3.3039e-09
2.8350e+03,3.2860e-09
2.8375e+03,3.2681e-09
2.8400e+03,3.2503e-09
2.8425e+03,3.2407e-09
2.8450e+03,3.2312e-09
2.8475e+03,3.2217e-09
2.8500e+03,3.2121e-09
2.8525e+03,3.2026e-09
2.8550e+03,3.1931e-09
2.8575e+03,3.1835e-09
2.8600e+03,3.1740e-09
2.8625e+03,3.1752e-09
2.8650e+03,3.1764e-09
2.8675e+03,3.1776e-09
2.8700e+03,3.1788e-09
2.8725e+03,3.1800e-09
2.8750e+03,3.1811e-09
2.8775e+03,3.1823e-09
2.8800e+03,3.1835e-09
2.8825e+03,3.1941e-09
2.8850e+03,3.2047e-09
2.8875e+03,3.2153e-09
2.8900e+03,3.2259e-09
2.8925e+03,3.2366e-09
2.8950e+03,3.2472e-09
2.8975e+03,3.2578e-09
2.9000e+03,3.2684e-09
2.9025e+03,3.2578e-09
2.9050e+03,3.2472e-09
2.9075e+03,3.2366e-09
2.9100e+03,3.2259e-09
2.9125e+03,3.2153e-09
2.9150e+03,3.2047e-09
2.9175e+03,3.1941e-09
2.9200e+03,3.1835e-09
2.9225e+03,3.1775e-09
2.9250e+03,3.1714e-09
2.9275e+03,3.1653e-09
2.9300e+03,3.1592e-09
2.9325e+03,3.1532e-09
2.9350e+03,3.1471e-09
2.9375e+03,3.1410e-09
2.9400e+03,3.1349e-09
2.9425e+03,3.1373e-09
2.9450e+03,3.1397e-09
2.9475e+03,3.1420e-09
2.9500e+03,3.1445e-09
2.9525e+03,3.1468e-09
2.9550e+03,3.1492e-09
2.9575e+03,3.1516e-09
2.9600e+03,3.1540e-09
2.9625e+03,3.1540e-09
2.9650e+03,3.1540e-09
2.9675e+03,3.1540e-09
2.9700e+03,3.1540e-09
2.9725e+03,3.1540e-09
2.9750e+03,3.1540e-09
2.9775e+03,3.1540e-09
2.9800e+03,3.1540e-09
2.9825e+03,3.1589e-09
2.9850e+03,3.1638e-09
2.9875e+03,3.1686e-09
2.9900e+03,3.1735e-09
2.9925e+03,3.1784e-09
2.9950e+03,3.1833e-09
2.9975e+03,3.1882e-09
3.0000e+03,3.1931e-09
3.0025e+03,3.1919e-09
3.0050e+03,3.1907e-09
3.0075e+03,3.1895e-09
3.0100e+03,3.1883e-09
3.0125e+03,3.1871e-09
3.0150e+03,3.1859e-09
3.0175e+03,3.1847e-09
3.0200e+03,3.1835e-09
3.0225e+03,3.1823e-09
3.0250e+03,3.1811e-09
3.0275e+03,3.1800e-09
3.0300e+03,3.1788e-09
3.0325e+03,3.1776e-09
3.0350e+03,3.1764e-09
3.0375e+03,3.1752e-09
3.0400e+03,3.1740e-09
3.0425e+03,3.1691e-09
3.0450e+03,3.1642e-09
3.0475e+03,3.1593e-09
3.0500e+03,3.1545e-09
3.0525e+03,3.1496e-09
3.0550e+03,3.1447e-09
3.0575e+03,3.1398e-09
3.0600e+03,3.1349e-09
3.0625e+03,3.1386e-09
3.0650e+03,3.1423e-09
3.0675e+03,3.1460e-09
3.0700e+03,3.1497e-09
3.0725e+03,3.1534e-09
3.0750e+03,3.1571e-09
3.0775e+03,3.1608e-09
3.0800e+03,3.1644e-09
3.0825e+03,3.1669e-09
3.0850e+03,3.1692e-09
3.0875e+03,3.1716e-09
3.0900e+03,3.1740e-09
3.0925e+03,3.1764e-09
3.0950e+03,3.1788e-09
3.0975e+03,3.1811e-09
3.1000e+03,3.1835e-09
3.1025e+03,3.1823e-09
3.1050e+03,3.1811e-09
3.1075e+03,3.1800e-09
3.1100e+03,3.1788e-09
3.1125e+03,3.1776e-09
3.1150e+03,3.1764e-09
3.1175e+03,3.1752e-09
3.1200e+03,3.1740e-09
3.1225e+03,3.1752e-09
3.1250e+03,3.1764e-09
3.1275e+03,3.1776e-09
3.1300e+03,3.1788e-09
3.1325e+03,3.1800e-09
3.1350e+03,3.1811e-09
3.1375e+03,3.1823e-09
3.1400e+03,3.1835e-09
3.1425e+03,3.1811e-09
3.1450e+03,3.1788e-09
3.1475e+03,3.1764e-09
3.1500e+03,3.1740e-09
3.1525e+03,3.1716e-09
3.1550e+03,3.1692e-09
3.1575e+03,3.1669e-09
3.1600e+03,3.1644e-09
3.1625e+03,3.1631e-09
3.1650e+03,3.1618e-09
3.1675e+03,3.1605e-09
3.1700e+03,3.1592e-09
3.1725e+03,3.1579e-09
3.1750e+03,3.1566e-09
3.1775e+03,3.1553e-09
3.1800e+03,3.1540e-09
3.1825e+03,3.1528e-09
3.1850e+03,3.1516e-09
3.1875e+03,3.1504e-09
3.1900e+03,3.1492e-09
3.1925e+03,3.1480e-09
3.1950e+03,3.1468e-09
3.1975e+03,3.1456e-09
3.2000e+03,3.1445e-09
3.2025e+03,3.1398e-09
3.2050e+03,3.1352e-09
3.2075e+03,3.1305e-09
3.2100e+03,3.1258e-09
3.2125e+03,3.1212e-09
3.2150e+03,3.1166e-09
3.2175e+03,3.1119e-09
3.2200e+03,3.1073e-09
3.2225e+03,3.1073e-09
3.2250e+03,3.1073e-09
3.2275e+03,3.1073e-09
3.2300e+03,3.1073e-09
3.2325e+03,3.1073e-09
3.2350e+03,3.1073e-09
3.2375e+03,3.1073e-09
3.2400e+03,3.1073e-09
3.2600e+03,3.3412e-09
3.2700e+03,3.1492e-09
3.2800e+03,3.0102e-09
3.2900e+03,3.0908e-09
3.3000e+03,3.0420e-09
3.3100e+03,3.0396e-09
3.3200e+03,3.0322e-09
3.3300e+03,3.0062e-09
3.3400e+03,2.9383e-09
3.3500e+03,3.0541e-09
3.3600e+03,3.0263e-09
3.3700e+03,2.9410e-09
3.3800e+03,2.9227e-09
3.3900e+03,3.0196e-09
3.4000e+03,2.9461e-09
3.4100e+03,2.9861e-09
3.4200e+03,2.9846e-09
3.4300e+03,2.9087e-09
3.4400e+03,2.9407e-09
3.4500e+03,2.9090e-09
3.4600e+03,2.8877e-09
3.4700e+03,2.9210e-09
3.4800e+03,2.8699e-09
3.4900e+03,2.8194e-09
3.5000e+03,2.8417e-09
3.5100e+03,2.8024e-09
3.5200e+03,2.8792e-09
3.5300e+03,2.9401e-09
3.5400e+03,2.8825e-09
3.5500e+03,2.8845e-09
3.5600e+03,2.8097e-09
3.5700e+03,2.8326e-09
3.5800e+03,2.8355e-09
3.5900e+03,2.7994e-09
3.6000e+03,2.7822e-09
3.6100e+03,2.8020e-09
3.6200e+03,2.7999e-09
3.6300e+03,2.8019e-09
3.6400e+03,2.8022e-09
3.6500e+03,2.8000e-09
3.6600e+03,2.8165e-09
3.6700e+03,2.7355e-09
3.6800e+03,2.7335e-09
3.6900e+03,2.7789e-09
3.7000e+03,2.8637e-09
3.7100e+03,2.9754e-09
3.7200e+03,3.3045e-09
3.7300e+03,3.3764e-09
3.7400e+03,3.5357e-09
3.7500e+03,4.2101e-09
3.7600e+03,4.2898e-09
3.7700e+03,4.4348e-09
3.7800e+03,5.7034e-09
3.7900e+03,5.0933e-09
3.8000e+03,4.8085e-09
3.8100e+03,6.8088e-09
3.8200e+03,7.0120e-09
3.8300e+03,4.8475e-09
3.8400e+03,4.9356e-09
3.8500e+03,7.2710e-09
3.8600e+03,7.9812e-09
3.8700e+03,7.6115e-09
3.8800e+03,5.5329e-09
3.8900e+03,4.4443e-09
3.9000e+03,6.2639e-09
3.9100e+03,7.7711e-09
3.9200e+03,8.0231e-09
3.9300e+03,8.0814e-09
3.9400e+03,7.9277e-09
3.9500e+03,7.7336e-09
3.9600e+03,5.7143e-09
3.9700e+03,4.4373e-09
3.9800e+03,6.4060e-09
3.9900e+03,7.9772e-09
4.0000e+03,8.4362e-09
4.0100e+03,8.3535e-09
4.0200e+03,8.3050e-09
4.0300e+03,8.1695e-09
4.0400e+03,8.1695e-09
4.0500e+03,8.0694e-09
4.0600e+03,7.8705e-09
4.0700e+03,7.6538e-09
4.0800e+03,7.2357e-09
4.0900e+03,5.5431e-09
4.1000e+03,4.2672e-09
4.1100e+03,5.4816e-09
4.1200e+03,6.9541e-09
4.1300e+03,7.2921e-09
4.1400e+03,7.7095e-09
4.1500e+03,7.6534e-09
4.1600e+03,7.6607e-09
4.1700e+03,7.4793e-09
4.1800e+03,7.5125e-09
4.1900e+03,7.5139e-09
4.2000e+03,7.4844e-09
4.2100e+03,7.4983e-09
4.2200e+03,7.4320e-09
4.2300e+03,7.3238e-09
4.2400e+03,7.2590e-09
4.2500e+03,7.1763e-09
4.2600e+03,7.0947e-09
4.2700e+03,7.0616e-09
4.2800e+03,7.0404e-09
4.2900e+03,6.9006e-09
4.3000e+03,6.7447e-09
4.3100e+03,6.5899e-09
4.3200e+03,6.2020e-09
4.3300e+03,4.4880e-09
4.3400e+03,3.8356e-09
4.3500e+03,5.3625e-09
4.3600e+03,6.4282e-09
4.3700e+03,6.7247e-09
4.3800e+03,6.6314e-09
4.3900e+03,6.5841e-09
4.4000e+03,6.5429e-09
4.4100e+03,6.4402e-09
4.4200e+03,6.3553e-09
4.4300e+03,6.3324e-09
4.4400e+03,6.2982e-09
4.4500e+03,6.2974e-09
4.4600e+03,6.3076e-09
4.4700e+03,6.0938e-09
4.4800e+03,6.0501e-09
4.4900e+03,6.1423e-09
4.5000e+03,6.0559e-09
4.5100e+03,6.0290e-09
4.5200e+03,5.9704e-09
4.5300e+03,5.9226e-09
4.5400e+03,5.8647e-09
4.5500e+03,5.8917e-09
4.5600e+03,5.8502e-09
4.5700e+03,5.8873e-09
4.5800e+03,5.8148e-09
4.5900e+03,5.7842e-09
4.6000e+03,5.8210e-09
4.6100e+03,5.7394e-09
4.6200e+03,5.7453e-09
4.6300e+03,5.7205e-09
4.6400e+03,5.7416e-09
4.6500e+03,5.6866e-09
4.6600e+03,5.5919e-09
4.6700e+03,5.5978e-09
4.6800e+03,5.5941e-09
4.6900e+03,5.6396e-09
4.7000e+03,5.5315e-09
4.7100e+03,5.5624e-09
4.7200e+03,5.5045e-09
4.7300e+03,5.4714e-09
4.7400e+03,5.4630e-09
4.7500e+03,5.3770e-09
4.7600e+03,5.3399e-09
4.7700e+03,5.3082e-09
4.7800e+03,5.2907e-09
4.7900e+03,5.2590e-09
4.8000e+03,5.2040e-09
4.8100e+03,5.1163e-09
4.8200e+03,5.0481e-09
4.8300e+03,4.9192e-09
4.8400e+03,4.6027e-09
4.8500e+03,3.5178e-09
4.8600e+03,2.9189e-09
4.8700e+03,3.7366e-09
4.8800e+03,4.5368e-09
4.8900e+03,4.7673e-09
4.9000e+03,4.8252e-09
4.9100e+03,4.8012e-09
4.9200e+03,4.7906e-09
4.9300e+03,4.8027e-09
4.9400e+03,4.8103e-09
4.9500e+03,4.7597e-09
4.9600e+03,4.7491e-09
4.9700e+03,4.7433e-09
4.9800e+03,4.7466e-09
4.9900e+03,4.6836e-09
5.0000e+03,4.6650e-09
5.0100e+03,4.6114e-09
5.0200e+03,4.6016e-09
5.0300e+03,4.5663e-09
5.0400e+03,4.5652e-09
5.0500e+03,4.4829e-09
5.0600e+03,4.4311e-09
5.0700e+03,4.4180e-09
5.0800e+03,4.4133e-09
5.0900e+03,4.3707e-09
5.1000e+03,4.3703e-09
5.1100e+03,4.3951e-09
5.1200e+03,4.4279e-09
5.1300e+03,4.4523e-09
5.1400e+03,4.3893e-09
5.1500e+03,4.3849e-09
5.1600e+03,4.2938e-09
5.1700e+03,4.2691e-09
5.1800e+03,4.3135e-09
5.1900e+03,4.3011e-09
5.2000e+03,4.2603e-09
5.2100e+03,4.2199e-09
5.2200e+03,4.1798e-09
5.2300e+03,4.0997e-09
5.2400e+03,4.0880e-09
5.2500e+03,4.0964e-09
5.2600e+03,4.0454e-09
5.2700e+03,4.0065e-09
5.2800e+03,4.0068e-09
5.2900e+03,4.0072e-09
5.3000e+03,3.9766e-09
5.3100e+03,3.9307e-09
5.3200e+03,3.8928e-09
5.3300e+03,3.8859e-09
5.3400e+03,3.9096e-09
5.3500e+03,3.9103e-09
5.3600e+03,3.8651e-09
5.3700e+03,3.8131e-09
5.3800e+03,3.8025e-09
5.3900e+03,3.7887e-09
5.4000e+03,3.7857e-09
5.4100e+03,3.7457e-09
5.4200e+03,3.7504e-09
5.4300e+03,3.7144e-09
5.4400e+03,3.7267e-09
5.4500e+03,3.6983e-09
5.4600e+03,3.6641e-09
5.4700e+03,3.6823e-09
5.4800e+03,3.6652e-09
5.4900e+03,3.6409e-09
5.5000e+03,3.6205e-09
5.5100e+03,3.6721e-09
5.5200e+03,3.6194e-09
5.5300e+03,3.5582e-09
5.5400e+03,3.5237e-09
5.5500e+03,3.5337e-09
5.5600e+03,3.5108e-09
5.5700e+03,3.5226e-09
5.5800e+03,3.4923e-09
5.5900e+03,3.4903e-09
5.6000e+03,3.4650e-09
5.6100e+03,3.4464e-09
5.6200e+03,3.4182e-09
5.6300e+03,3.3844e-09
5.6400e+03,3.3724e-09
5.6500e+03,3.3865e-09
5.6600e+03,3.3428e-09
5.6700e+03,3.3779e-09
5.6800e+03,3.3366e-09
5.6900e+03,3.3168e-09
5.7000e+03,3.2957e-09
5.7100e+03,3.2557e-09
5.7200e+03,3.2463e-09
5.7300e+03,3.2736e-09
5.7400e+03,3.2052e-09
5.7600e+03,3.1473e-09
5.7800e+03,3.1488e-09
5.8000e+03,3.1180e-09
5.8200e+03,3.1044e-09
5.8400e+03,3.0967e-09
5.8600e+03,3.0472e-09
5.8800e+03,2.9472e-09
5.9000e+03,2.9021e-09
5.9200e+03,2.9443e-09
5.9400e+03,2.8892e-09
5.9600e+03,2.8754e-09
5.9800e+03,2.8733e-09
6.0000e+03,2.8730e-09
6.0200e+03,2.8135e-09
6.0400e+03,2.8165e-09
6.0600e+03,2.8652e-09
6.0800e+03,2.8591e-09
6.1000e+03,2.8600e-09
6.1200e+03,2.8396e-09
6.1400e+03,2.7571e-09
6.1600e+03,2.6876e-09
6.1800e+03,2.6714e-09
6.2000e+03,2.6343e-09
6.2200e+03,2.6231e-09
6.2400e+03,2.5872e-09
6.2600e+03,2.5227e-09
6.2800e+03,2.4972e-09
6.3000e+03,2.4921e-09
6.3200e+03,2.4917e-09
6.3400e+03,2.4570e-09
6.3600e+03,2.4497e-09
6.3800e+03,2.4231e-09
6.4000e+03,2.3765e-09
6.4200e+03,2.3747e-09
6.4400e+03,2.3560e-09
6.4600e+03,2.3202e-09
6.4800e+03,2.2861e-09
6.5000e+03,2.2671e-09
6.5200e+03,2.1949e-09
6.5400e+03,1.9058e-09
6.5600e+03,1.7959e-09
6.5800e+03,2.0498e-09
6.6000e+03,2.1874e-09
6.6200e+03,2.1715e-09
6.6400e+03,2.1609e-09
6.6600e+03,2.1066e-09
6.6800e+03,2.0903e-09
6.7000e+03,2.0778e-09
6.7200e+03,2.0691e-09
6.7400e+03,2.0325e-09
6.7600e+03,2.0148e-09
6.7800e+03,2.0293e-09
6.8000e+03,2.0207e-09
6.8200e+03,2.0267e-09
6.8400e+03,2.0953e-09
6.8600e+03,1.9618e-09
6.8800e+03,1.8615e-09
6.9000e+03,1.9393e-09
6.9200e+03,1.9453e-09
6.9400e+03,1.8948e-09
6.9600e+03,1.8828e-09
6.9800e+03,1.8508e-09
7.0000e+03,1.8513e-09
7.0200e+03,1.8304e-09
7.0400e+03,1.8222e-09
7.0600e+03,1.8134e-09
7.0800e+03,1.8130e-09
7.1000e+03,1.7972e-09
7.1200e+03,1.7757e-09
7.1400e+03,1.7497e-09
7.1600e+03,1.7476e-09
7.1800e+03,1.7124e-09
7.2000e+03,1.6966e-09
7.2200e+03,1.6893e-09
7.2400e+03,1.6235e-09
7.2600e+03,1.6230e-09
7.2800e+03,1.6329e-09
7.3000e+03,1.6354e-09
7.3200e+03,1.6184e-09
7.3400e+03,1.5937e-09
7.3600e+03,1.5958e-09
7.3800e+03,1.5865e-09
7.4000e+03,1.5750e-09
7.4200e+03,1.5606e-09
7.4400e+03,1.5506e-09
7.4600e+03,1.5356e-09
7.4800e+03,1.5188e-09
7.5000e+03,1.5358e-09
7.5200e+03,1.5512e-09
7.5400e+03,1.5759e-09
7.5600e+03,1.5752e-09
7.5800e+03,1.4294e-09
7.6000e+03,1.2462e-09
7.6200e+03,1.4614e-09
7.6400e+03,1.4345e-09
7.6600e+03,1.4315e-09
7.6800e+03,1.2880e-09
7.7000e+03,1.3625e-09
7.7200e+03,1.3787e-09
7.7400e+03,1.3809e-09
7.7600e+03,1.3547e-09
7.7800e+03,1.3591e-09
7.8000e+03,1.3705e-09
7.8200e+03,1.3490e-09
7.8400e+03,1.3688e-09
7.8600e+03,1.3378e-09
7.8800e+03,1.3277e-09
7.9000e+03,1.3138e-09
7.9200e+03,1.3241e-09
7.9400e+03,1.3138e-09
7.9600e+03,1.2953e-09
7.9800e+03,1.2938e-09
8.0000e+03,1.2800e-09
8.0200e+03,1.2643e-09
8.0400e+03,1.2600e-09
8.0600e+03,1.2526e-09
8.0800e+03,1.2303e-09
8.1000e+03,1.2322e-09
8.1200e+03,1.2378e-09
8.1400e+03,1.2027e-09
8.1600e+03,1.1705e-09
8.1800e+03,1.1581e-09
8.2000e+03,1.1780e-09
8.2200e+03,1.1330e-09
8.2400e+03,1.1215e-09
8.2600e+03,1.1699e-09
8.2800e+03,1.1174e-09
8.3000e+03,1.1385e-09
8.3200e+03,1.0946e-09
8.3400e+03,1.0856e-09
8.3600e+03,1.0856e-09
8.3800e+03,1.0843e-09
8.4000e+03,1.1091e-09
8.4200e+03,1.0492e-09
8.4400e+03,1.0309e-09
8.4600e+03,1.0477e-09
8.4800e+03,1.0717e-09
8.5000e+03,1.0905e-09
8.5200e+03,1.0997e-09
8.5400e+03,1.0360e-09
8.5600e+03,1.1229e-09
8.5800e+03,1.0366e-09
8.6000e+03,1.0712e-09
8.6200e+03,1.1510e-09
8.6400e+03,1.0616e-09
8.6600e+03,1.0286e-09
8.6800e+03,1.1659e-09
8.7000e+03,1.1903e-09
8.7200e+03,1.1053e-09
8.7400e+03,9.9670e-10
8.7600e+03,1.0399e-09
8.7800e+03,1.1742e-09
8.8000e+03,1.2149e-09
8.8200e+03,1.1237e-09
8.8400e+03,9.9051e-10
8.8600e+03,9.5569e-10
8.8800e+03,1.0706e-09
8.9000e+03,1.1135e-09
8.9200e+03,1.1014e-09
8.9400e+03,1.1286e-09
8.9600e+03,1.0342e-09
8.9800e+03,9.6501e-10
9.0000e+03,7.9004e-10
9.0200e+03,9.4410e-10
9.0400e+03,1.0887e-09
9.0600e+03,1.0331e-09
9.0800e+03,9.8472e-10
9.1000e+03,1.0575e-09
9.1200e+03,1.0468e-09
9.1400e+03,9.6133e-10
9.1600e+03,9.7590e-10
9.1800e+03,9.9553e-10
9.2000e+03,8.9268e-10
9.2200e+03,7.8093e-10
9.2400e+03,8.8933e-10
9.2600e+03,9.1351e-10
9.2800e+03,9.1366e-10
9.3000e+03,8.5578e-10
9.3200e+03,7.9812e-10
9.3400e+03,9.0258e-10
9.3600e+03,7.7259e-10
9.3800e+03,9.1464e-10
9.4000e+03,9.6013e-10
9.4200e+03,8.3892e-10
9.4400e+03,7.9244e-10
9.4600e+03,8.2573e-10
9.4800e+03,7.9718e-10
9.5000e+03,7.6345e-10
9.5200e+03,7.0270e-10
9.5400e+03,6.6001e-10
9.5600e+03,7.7707e-10
9.5800e+03,8.0814e-10
9.6000e+03,8.0606e-10
9.6200e+03,8.0887e-10
9.6400e+03,7.9554e-10
9.6600e+03,8.4260e-10
9.6800e+03,8.5593e-10
9.7000e+03,8.2009e-10
9.7200e+03,8.0606e-10
9.7400e+03,7.8767e-10
9.7600e+03,8.1003e-10
9.7800e+03,7.9772e-10
9.8000e+03,7.9091e-10
9.8200e+03,8.2795e-10
9.8400e+03,8.1025e-10
9.8600e+03,7.7503e-10
9.8800e+03,7.7055e-10
9.9000e+03,7.9601e-10
9.9200e+03,8.0002e-10
9.9400e+03,7.9248e-10
9.9600e+03,7.8468e-10
9.9800e+03,7.6254e-10
1.0000e+04,7.3511e-10
1.0020e+04,6.4988e-10
1.0040e+04,6.4850e-10
1.0060e+04,6.8609e-10
1.0080e+04,7.0940e-10
1.0100e+04,7.5427e-10
1.0120e+04,7.3060e-10
1.0140e+04,7.3974e-10
1.0160e+04,7.3533e-10
1.0180e+04,7.3001e-10
1.0200e+04,7.1457e-10
1.0220e+04,7.0153e-10
1.0240e+04,7.2379e-10
1.0260e+04,6.9691e-10
1.0280e+04,6.8871e-10
1.0300e+04,6.9323e-10
1.0320e+04,6.9887e-10
1.0340e+04,6.9760e-10
1.0360e+04,6.8718e-10
1.0380e+04,6.8554e-10
1.0400e+04,6.9119e-10
1.0420e+04,6.7946e-10
1.0440e+04,6.8551e-10
1.0460e+04,6.7578e-10
1.0480e+04,6.4107e-10
1.0500e+04,6.4238e-10
1.0520e+04,6.1120e-10
1.0540e+04,6.4089e-10
1.0560e+04,6.4803e-10
1.0580e+04,6.2891e-10
1.0600e+04,6.3262e-10
1.0800e+04,5.9806e-10
1.1000e+04,5.6254e-10
1.1200e+04,5.2696e-10
1.1400e+04,4.9199e-10
1.1600e+04,4.5834e-10
1.1800e+04,4.2643e-10
1.2000e+04,3.9653e-10
1.2200e+04,3.6896e-10
1.2400e+04,3.4381e-10
1.2600e+04,3.2446e-10
1.2800e+04,2.9091e-10
1.3000e+04,2.9104e-10
1.3200e+04,2.7663e-10
1.3400e+04,2.6222e-10
1.3600e+04,2.4876e-10
1.3800e+04,2.3645e-10
1.4000e+04,2.2528e-10
1.4200e+04,2.1420e-10
1.4400e+04,2.0313e-10
1.4600e+04,1.9416e-10
1.4800e+04,1.8519e-10
1.5000e+04,1.7622e-10
1.5200e+04,1.6830e-10
1.5400e+04,1.6042e-10
1.5600e+04,1.5366e-10
1.5800e+04,1.4798e-10
1.6000e+04,1.4349e-10
1.6200e+04,1.3594e-10
1.6400e+04,1.2926e-10
1.6600e+04,1.2661e-10
1.6800e+04,1.1677e-10
1.7000e+04,1.1531e-10
1.7200e+04,1.1171e-10
1.7400e+04,1.0396e-10
1.7600e+04,1.0249e-10
1.7800e+04,9.9714e-11
1.8000e+04,9.5576e-11
1.8200e+04,8.7829e-11
1.8400e+04,8.7745e-11
1.8600e+04,8.4751e-11
1.8800e+04,7.7547e-11
1.9000e+04,7.8345e-11
1.9200e+04,7.5438e-11
1.9400e+04,7.1009e-11
1.9600e+04,6.9523e-11
1.9800e+04,6.7935e-11
2.0000e+04,6.4908e-11
2.0200e+04,6.2519e-11
2.0400e+04,6.0228e-11
2.0600e+04,5.8024e-11
2.0800e+04,5.6054e-11
2.1000e+04,5.3974e-11
2.1200e+04,5.2109e-11
2.1400e+04,5.0296e-11
2.1600e+04,4.6781e-11
2.1800e+04,4.6020e-11
2.2000e+04,4.5368e-11
2.2200e+04,4.3889e-11
2.2400e+04,4.2494e-11
2.2600e+04,4.1121e-11
2.2800e+04,3.9853e-11
2.3000e+04,3.8691e-11
2.3200e+04,3.7530e-11
2.3400e+04,3.6384e-11
2.3600e+04,3.5258e-11
2.3800e+04,3.4201e-11
2.4000e+04,3.3163e-11
2.4200e+04,3.2246e-11
2.4400e+04,3.1208e-11
2.4600e+04,3.0379e-11
2.4800e+04,2.9465e-11
2.5000e+04,2.8635e-11
2.5200e+04,2.7738e-11
2.5400e+04,2.6929e-11
2.5600e+04,2.6118e-11
