# wavelength, f_lambda
2.2900e+02,0.0000e+00
2.3400e+02,0.0000e+00
2.4300e+02,0.0000e+00
2.5200e+02,0.0000e+00
2.5600e+02,0.0000e+00
2.6000e+02,0.0000e+00
2.6600e+02,0.0000e+00
2.7500e+02,0.0000e+00
2.8300e+02,0.0000e+00
2.9300e+02,0.0000e+00
3.0100e+02,0.0000e+00
3.0900e+02,0.0000e+00
3.2500e+02,0.0000e+00
3.4200e+02,0.0000e+00
3.5100e+02,0.0000e+00
3.5600e+02,0.0000e+00
3.6500e+02,0.0000e+00
3.7500e+02,0.0000e+00
3.8400e+02,0.0000e+00
4.0000e+02,0.0000e+00
4.1500e+02,0.0000e+00
4.2500e+02,0.0000e+00
4.4500e+02,0.0000e+00
4.7200e+02,0.0000e+00
4.9400e+02,0.0000e+00
5.0600e+02,2.5453e-24
5.1600e+02,5.3925e-24
5.4000e+02,2.8568e-23
5.6400e+02,1.3343e-22
5.8700e+02,5.3166e-22
6.1200e+02,2.1840e-21
6.4000e+02,9.5401e-21
6.7100e+02,4.3479e-20
7.0500e+02,2.0009e-19
7.3600e+02,7.1806e-19
7.7000e+02,2.6006e-18
8.1000e+02,1.0291e-17
8.5000e+02,3.5656e-17
8.9000e+02,1.0984e-16
9.2000e+02,1.4634e-14
9.4000e+02,6.2353e-14
9.6200e+02,1.0523e-13
9.8700e+02,1.8886e-13
1.0120e+03,2.7421e-13
1.0370e+03,3.7404e-13
1.0620e+03,5.6563e-13
1.0870e+03,7.7691e-13
1.1120e+03,2.1576e-11
1.1200e+03,2.3796e-11
1.1400e+03,2.1851e-11
1.1600e+03,2.0591e-11
1.1800e+03,1.1902e-11
1.2000e+03,5.9051e-12
1.2200e+03,5.5953e-12
1.2400e+03,9.7703e-11
1.2600e+03,4.3213e-10
1.2800e+03,2.0101e-09
1.3000e+03,3.1403e-09
1.3200e+03,4.7905e-09
1.3400e+03,5.6679e-09
1.3600e+03,5.7657e-09
1.3800e+03,6.3181e-09
1.4000e+03,6.6552e-09
1.4200e+03,7.4375e-09
1.4400e+03,7.6432e-09
1.4600e+03,8.5218e-09
1.4800e+03,8.1113e-09
1.5000e+03,9.4489e-09
1.5200e+03,9.5091e-09
1.5400e+03,9.6773e-09
1.5600e+03,9.4007e-09
1.5800e+03,9.2066e-09
1.6000e+03,8.8458e-09
1.6200e+03,8.2091e-09
1.6400e+03,7.9431e-09
1.6600e+03,7.3904e-09
1.6800e+03,8.0165e-09
1.7000e+03,7.8826e-09
1.7200e+03,7.7746e-09
1.7400e+03,7.8589e-09
1.7600e+03,7.9191e-09
1.7800e+03,8.0030e-09
1.8000e+03,8.0873e-09
1.8200e+03,7.8348e-09
1.8400e+03,7.6903e-09
1.8600e+03,7.7746e-09
1.8800e+03,7.6662e-09
1.9000e+03,7.3904e-09
1.9200e+03,7.2218e-09
1.9400e+03,7.1003e-09
1.9600e+03,6.9318e-09
1.9800e+03,6.6322e-09
2.0000e+03,6.3422e-09
2.0025e+03,6.3166e-09
2.0050e+03,6.2911e-09
2.0075e+03,6.2659e-09
2.0100e+03,6.2404e-09
2.0125e+03,6.2149e-09
2.0150e+03,6.1897e-09
2.0175e+03,6.1641e-09
2.0200e+03,6.1386e-09
2.0225e+03,6.1280e-09
2.0250e+03,6.1174e-09
2.0275e+03,6.1072e-09
2.0300e+03,6.0966e-09
2.0325e+03,6.0861e-09
2.0350e+03,6.0755e-09
2.0375e+03,6.0649e-09
2.0400e+03,6.0543e-09
2.0425e+03,6.0379e-09
2.0450e+03,6.0211e-09
2.0475e+03,6.0043e-09
2.0500e+03,5.9876e-09
2.0525e+03,5.9708e-09
2.0550e+03,5.9544e-09
2.0575e+03,5.9376e-09
2.0600e+03,5.9208e-09
2.0625e+03,5.9120e-09
2.0650e+03,5.9029e-09
2.0675e+03,5.8942e-09
2.0700e+03,5.8854e-09
2.0725e+03,5.8763e-09
2.0750e+03,5.8675e-09
2.0775e+03,5.8588e-09
2.0800e+03,5.8496e-09
2.0825e+03,5.8423e-09
2.0850e+03,5.8347e-09
2.0875e+03,5.8274e-09
2.0900e+03,5.8197e-09
2.0925e+03,5.8121e-09
2.0950e+03,5.8048e-09
2.0975e+03,5.7971e-09
2.1000e+03,5.7894e-09
2.1025e+03,5.7562e-09
2.1050e+03,5.7230e-09
2.1075e+03,5.6898e-09
2.1100e+03,5.6566e-09
2.1125e+03,5.6234e-09
2.1150e+03,5.5902e-09
2.1175e+03,5.5570e-09
2.1200e+03,5.5235e-09
2.1225e+03,5.5012e-09
2.1250e+03,5.4790e-09
2.1275e+03,5.4563e-09
2.1300e+03,5.4341e-09
2.1325e+03,5.4115e-09
2.1350e+03,5.3892e-09
2.1375e+03,5.3666e-09
2.1400e+03,5.3443e-09
2.1425e+03,5.3549e-09
2.1450e+03,5.3655e-09
2.1475e+03,5.3757e-09
2.1500e+03,5.3863e-09
2.1525e+03,5.3969e-09
2.1550e+03,5.4074e-09
2.1575e+03,5.4180e-09
2.1600e+03,5.4286e-09
2.1625e+03,5.4027e-09
2.1650e+03,5.3772e-09
2.1675e+03,5.3513e-09
2.1700e+03,5.3257e-09
2.1725e+03,5.2998e-09
2.1750e+03,5.2743e-09
2.1775e+03,5.2484e-09
2.1800e+03,5.2228e-09
2.1825e+03,5.2108e-09
2.1850e+03,5.1991e-09
2.1875e+03,5.1871e-09
2.1900e+03,5.1750e-09
2.1925e+03,5.1634e-09
2.1950e+03,5.1513e-09
2.1975e+03,5.1396e-09
2.2000e+03,5.1276e-09
2.2025e+03,5.1079e-09
2.2050e+03,5.0882e-09
2.2075e+03,5.0685e-09
2.2100e+03,5.0488e-09
2.2125e+03,5.0291e-09
2.2150e+03,5.0094e-09
2.2175e+03,4.9897e-09
2.2200e+03,4.9700e-09
2.2225e+03,4.9700e-09
2.2250e+03,4.9700e-09
2.2275e+03,4.9700e-09
2.2300e+03,4.9700e-09
2.2325e+03,4.9700e-09
2.2350e+03,4.9700e-09
2.2375e+03,4.9700e-09
2.2400e+03,4.9700e-09
2.2425e+03,4.9371e-09
2.2450e+03,4.9039e-09
2.2475e+03,4.8711e-09
2.2500e+03,4.8383e-09
2.2525e+03,4.8051e-09
2.2550e+03,4.7722e-09
2.2575e+03,4.7394e-09
2.2600e+03,4.7062e-09
2.2625e+03,4.7259e-09
2.2650e+03,4.7456e-09
2.2675e+03,4.7649e-09
2.2700e+03,4.7846e-09
2.2725e+03,4.8040e-09
2.2750e+03,4.8237e-09
2.2775e+03,4.8434e-09
2.2800e+03,4.8627e-09
2.2825e+03,4.8521e-09
2.2850e+03,4.8419e-09
2.2875e+03,4.8313e-09
2.2900e+03,4.8208e-09
2.2925e+03,4.8102e-09
2.2950e+03,4.7996e-09
2.2975e+03,4.7890e-09
2.3000e+03,4.7784e-09
2.3025e+03,4.7708e-09
2.3050e+03,4.7631e-09
2.3075e+03,4.7555e-09
2.3100e+03,4.7478e-09
2.3125e+03,4.7401e-09
2.3150e+03,4.7325e-09
2.3175e+03,4.7248e-09
2.3200e+03,4.7171e-09
2.3225e+03,4.6945e-09
2.3250e+03,4.6719e-09
2.3275e+03,4.6493e-09
2.3300e+03,4.6270e-09
2.3325e+03,4.6044e-09
2.3350e+03,4.5818e-09
2.3375e+03,4.5592e-09
2.3400e+03,4.5365e-09
2.3425e+03,4.5351e-09
2.3450e+03,4.5340e-09
2.3475e+03,4.5325e-09
2.3500e+03,4.5311e-09
2.3525e+03,4.5300e-09
2.3550e+03,4.5285e-09
2.3575e+03,4.5271e-09
2.3600e+03,4.5256e-09
2.3625e+03,4.5001e-09
2.3650e+03,4.4742e-09
2.3675e+03,4.4486e-09
2.3700e+03,4.4227e-09
2.3725e+03,4.3972e-09
2.3750e+03,4.3713e-09
2.3775e+03,4.3457e-09
2.3800e+03,4.3198e-09
2.3825e+03,4.3154e-09
2.3850e+03,4.3111e-09
2.3875e+03,4.3067e-09
2.3900e+03,4.3027e-09
2.3925e+03,4.2979e-09
2.3950e+03,4.2939e-09
2.3975e+03,4.2895e-09
2.4000e+03,4.2852e-09
2.4025e+03,4.3045e-09
2.4050e+03,4.3242e-09
2.4075e+03,4.3435e-09
2.4100e+03,4.3632e-09
2.4125e+03,4.3829e-09
2.4150e+03,4.4023e-09
2.4175e+03,4.4220e-09
2.4200e+03,4.4413e-09
2.4225e+03,4.4490e-09
2.4250e+03,4.4566e-09
2.4275e+03,4.4639e-09
2.4300e+03,4.4716e-09
2.4325e+03,4.4793e-09
2.4350e+03,4.4866e-09
2.4375e+03,4.4942e-09
2.4400e+03,4.5019e-09
2.4425e+03,4.4913e-09
2.4450e+03,4.4807e-09
2.4475e+03,4.4701e-09
2.4500e+03,4.4596e-09
2.4525e+03,4.4490e-09
2.4550e+03,4.4384e-09
2.4575e+03,4.4278e-09
2.4600e+03,4.4172e-09
2.4625e+03,4.4114e-09
2.4650e+03,4.4056e-09
2.4675e+03,4.3994e-09
2.4700e+03,4.3935e-09
2.4725e+03,4.3873e-09
2.4750e+03,4.3815e-09
2.4775e+03,4.3753e-09
2.4800e+03,4.3694e-09
2.4825e+03,4.3811e-09
2.4850e+03,4.3932e-09
2.4875e+03,4.4048e-09
2.4900e+03,4.4169e-09
2.4925e+03,4.4289e-09
2.4950e+03,4.4406e-09
2.4975e+03,4.4526e-09
2.5000e+03,4.4643e-09
2.5025e+03,4.4512e-09
2.5050e+03,4.4377e-09
2.5075e+03,4.4242e-09
2.5100e+03,4.4107e-09
2.5125e+03,4.3975e-09
2.5150e+03,4.3840e-09
2.5175e+03,4.3705e-09
2.5200e+03,4.3574e-09
2.5225e+03,4.3257e-09
2.5250e+03,4.2939e-09
2.5275e+03,4.2625e-09
2.5300e+03,4.2308e-09
2.5325e+03,4.1994e-09
2.5350e+03,4.1677e-09
2.5375e+03,4.1359e-09
2.5400e+03,4.1046e-09
2.5425e+03,4.1177e-09
2.5450e+03,4.1312e-09
2.5475e+03,4.1447e-09
2.5500e+03,4.1582e-09
2.5525e+03,4.1713e-09
2.5550e+03,4.1848e-09
2.5575e+03,4.1983e-09
2.5600e+03,4.2115e-09
2.5625e+03,4.2326e-09
2.5650e+03,4.2538e-09
2.5675e+03,4.2749e-09
2.5700e+03,4.2957e-09
2.5725e+03,4.3169e-09
2.5750e+03,4.3381e-09
2.5775e+03,4.3589e-09
2.5800e+03,4.3800e-09
2.5825e+03,4.3756e-09
2.5850e+03,4.3713e-09
2.5875e+03,4.3669e-09
2.5900e+03,4.3625e-09
2.5925e+03,4.3585e-09
2.5950e+03,4.3538e-09
2.5975e+03,4.3497e-09
2.6000e+03,4.3454e-09
2.6025e+03,4.3483e-09
2.6050e+03,4.3512e-09
2.6075e+03,4.3541e-09
2.6100e+03,4.3574e-09
2.6125e+03,4.3603e-09
2.6150e+03,4.3632e-09
2.6175e+03,4.3662e-09
2.6200e+03,4.3694e-09
2.6225e+03,4.3720e-09
2.6250e+03,4.3749e-09
2.6275e+03,4.3778e-09
2.6300e+03,4.3808e-09
2.6325e+03,4.3837e-09
2.6350e+03,4.3866e-09
2.6375e+03,4.3891e-09
2.6400e+03,4.3921e-09
2.6425e+03,4.3921e-09
2.6450e+03,4.3921e-09
2.6475e+03,4.3921e-09
2.6500e+03,4.3921e-09
2.6525e+03,4.3921e-09
2.6550e+03,4.3921e-09
2.6575e+03,4.3921e-09
2.6600e+03,4.3921e-09
2.6625e+03,4.3815e-09
2.6650e+03,4.3709e-09
2.6675e+03,4.3607e-09
2.6700e+03,4.3501e-09
2.6725e+03,4.3395e-09
2.6750e+03,4.3289e-09
2.6775e+03,4.3184e-09
2.6800e+03,4.3078e-09
2.6825e+03,4.3019e-09
2.6850e+03,4.2961e-09
2.6875e+03,4.2903e-09
2.6900e+03,4.2844e-09
2.6925e+03,4.2786e-09
2.6950e+03,4.2728e-09
2.6975e+03,4.2669e-09
2.7000e+03,4.2611e-09
2.7025e+03,4.2625e-09
2.7050e+03,4.2640e-09
2.7075e+03,4.2655e-09
2.7100e+03,4.2669e-09
2.7125e+03,4.2684e-09
2.7150e+03,4.2698e-09
2.7175e+03,4.2717e-09
2.7200e+03,4.2731e-09
2.7225e+03,4.2596e-09
2.7250e+03,4.2458e-09
2.7275e+03,4.2323e-09
2.7300e+03,4.2188e-09
2.7325e+03,4.2053e-09
2.7350e+03,4.1918e-09
2.7375e+03,4.1783e-09
2.7400e+03,4.1648e-09
2.7425e+03,4.1465e-09
2.7450e+03,4.1286e-09
2.7475e+03,4.1104e-09
2.7500e+03,4.0925e-09
2.7525e+03,4.0743e-09
2.7550e+03,4.0564e-09
2.7575e+03,4.0382e-09
2.7600e+03,4.0203e-09
2.7625e+03,4.0261e-09
2.7650e+03,4.0320e-09
2.7675e+03,4.0378e-09
2.7700e+03,4.0436e-09
2.7725e+03,4.0495e-09
2.7750e+03,4.0553e-09
2.7775e+03,4.0611e-09
2.7800e+03,4.0670e-09
2.7825e+03,4.0206e-09
2.7850e+03,3.9743e-09
2.7875e+03,3.9276e-09
2.7900e+03,3.8813e-09
2.7925e+03,3.8346e-09
2.7950e+03,3.7882e-09
2.7975e+03,3.7415e-09
2.8000e+03,3.6952e-09
2.8025e+03,3.7689e-09
2.8050e+03,3.8426e-09
2.8075e+03,3.9163e-09
2.8100e+03,3.9900e-09
2.8125e+03,4.0637e-09
2.8150e+03,4.1374e-09
2.8175e+03,4.2115e-09
2.8200e+03,4.2852e-09
2.8225e+03,4.2625e-09
2.8250e+03,4.2399e-09
2.8275e+03,4.2173e-09
2.8300e+03,4.1947e-09
2.8325e+03,4.1721e-09
2.8350e+03,4.1494e-09
2.8375e+03,4.1272e-09
2.8400e+03,4.1046e-09
2.8425e+03,4.0925e-09
2.8450e+03,4.0805e-09
2.8475e+03,4.0684e-09
2.8500e+03,4.0564e-09
2.8525e+03,4.0444e-09
2.8550e+03,4.0323e-09
2.8575e+03,4.0203e-09
2.8600e+03,4.0082e-09
2.8625e+03,4.0097e-09
2.8650e+03,4.0112e-09
2.8675e+03,4.0126e-09
2.8700e+03,4.0141e-09
2.8725e+03,4.0159e-09
2.8750e+03,4.0174e-09
2.8775e+03,4.0188e-09
2.8800e+03,4.0203e-09
2.8825e+03,4.0338e-09
2.8850e+03,4.0469e-09
2.8875e+03,4.0604e-09
2.8900e+03,4.0739e-09
2.8925e+03,4.0870e-09
2.8950e+03,4.1005e-09
2.8975e+03,4.1140e-09
2.9000e+03,4.1272e-09
2.9025e+03,4.1140e-09
2.9050e+03,4.1005e-09
2.9075e+03,4.0870e-09
2.9100e+03,4.0739e-09
2.9125e+03,4.0604e-09
2.9150e+03,4.0469e-09
2.9175e+03,4.0338e-09
2.9200e+03,4.0203e-09
2.9225e+03,4.0126e-09
2.9250e+03,4.0050e-09
2.9275e+03,3.9973e-09
2.9300e+03,3.9896e-09
2.9325e+03,3.9820e-09
2.9350e+03,3.9743e-09
2.9375e+03,3.9666e-09
2.9400e+03,3.9590e-09
2.9425e+03,3.9619e-09
2.9450e+03,3.9648e-09
2.9475e+03,3.9677e-09
2.9500e+03,3.9710e-09
2.9525e+03,3.9739e-09
2.9550e+03,3.9769e-09
2.9575e+03,3.9798e-09
2.9600e+03,3.9831e-09
2.9625e+03,3.9831e-09
2.9650e+03,3.9831e-09
2.9675e+03,3.9831e-09
2.9700e+03,3.9831e-09
2.9725e+03,3.9831e-09
2.9750e+03,3.9831e-09
2.9775e+03,3.9831e-09
2.9800e+03,3.9831e-09
2.9825e+03,3.9889e-09
2.9850e+03,3.9951e-09
2.9875e+03,4.0013e-09
2.9900e+03,4.0075e-09
2.9925e+03,4.0137e-09
2.9950e+03,4.0199e-09
2.9975e+03,4.0261e-09
3.0000e+03,4.0323e-09
3.0025e+03,4.0309e-09
3.0050e+03,4.0294e-09
3.0075e+03,4.0279e-09
3.0100e+03,4.0261e-09
3.0125e+03,4.0247e-09
3.0150e+03,4.0232e-09
3.0175e+03,4.0217e-09
3.0200e+03,4.0203e-09
3.0225e+03,4.0188e-09
3.0250e+03,4.0174e-09
3.0275e+03,4.0159e-09
3.0300e+03,4.0141e-09
3.0325e+03,4.0126e-09
3.0350e+03,4.0112e-09
3.0375e+03,4.0097e-09
3.0400e+03,4.0082e-09
3.0425e+03,4.0020e-09
3.0450e+03,3.9958e-09
3.0475e+03,3.9896e-09
3.0500e+03,3.9834e-09
3.0525e+03,3.9772e-09
3.0550e+03,3.9710e-09
3.0575e+03,3.9652e-09
3.0600e+03,3.9590e-09
3.0625e+03,3.9634e-09
3.0650e+03,3.9681e-09
3.0675e+03,3.9729e-09
3.0700e+03,3.9776e-09
3.0725e+03,3.9823e-09
3.0750e+03,3.9867e-09
3.0775e+03,3.9915e-09
3.0800e+03,3.9962e-09
3.0825e+03,3.9991e-09
3.0850e+03,4.0020e-09
3.0875e+03,4.0053e-09
3.0900e+03,4.0082e-09
3.0925e+03,4.0112e-09
3.0950e+03,4.0141e-09
3.0975e+03,4.0174e-09
3.1000e+03,4.0203e-09
3.1025e+03,4.0188e-09
3.1050e+03,4.0174e-09
3.1075e+03,4.0159e-09
3.1100e+03,4.0141e-09
3.1125e+03,4.0126e-09
3.1150e+03,4.0112e-09
3.1175e+03,4.0097e-09
3.1200e+03,4.0082e-09
3.1225e+03,4.0097e-09
3.1250e+03,4.0112e-09
3.1275e+03,4.0126e-09
3.1300e+03,4.0141e-09
3.1325e+03,4.0159e-09
3.1350e+03,4.0174e-09
3.1375e+03,4.0188e-09
3.1400e+03,4.0203e-09
3.1425e+03,4.0174e-09
3.1450e+03,4.0141e-09
3.1475e+03,4.0112e-09
3.1500e+03,4.0082e-09
3.1525e+03,4.0053e-09
3.1550e+03,4.0020e-09
3.1575e+03,3.9991e-09
3.1600e+03,3.9962e-09
3.1625e+03,3.9944e-09
3.1650e+03,3.9929e-09
3.1675e+03,3.9911e-09
3.1700e+03,3.9896e-09
3.1725e+03,3.9878e-09
3.1750e+03,3.9863e-09
3.1775e+03,3.9845e-09
3.1800e+03,3.9831e-09
3.1825e+03,3.9812e-09
3.1850e+03,3.9798e-09
3.1875e+03,3.9783e-09
3.1900e+03,3.9769e-09
3.1925e+03,3.9754e-09
3.1950e+03,3.9739e-09
3.1975e+03,3.9725e-09
3.2000e+03,3.9710e-09
3.2025e+03,3.9652e-09
3.2050e+03,3.9590e-09
3.2075e+03,3.9531e-09
3.2100e+03,3.9473e-09
3.2125e+03,3.9415e-09
3.2150e+03,3.9356e-09
3.2175e+03,3.9298e-09
3.2200e+03,3.9240e-09
3.2225e+03,3.9240e-09
3.2250e+03,3.9240e-09
3.2275e+03,3.9240e-09
3.2300e+03,3.9240e-09
3.2325e+03,3.9240e-09
3.2350e+03,3.9240e-09
3.2375e+03,3.9240e-09
3.2400e+03,3.9240e-09
3.2600e+03,4.2195e-09
3.2700e+03,3.9586e-09
3.2800e+03,3.8342e-09
3.2900e+03,3.8192e-09
3.3000e+03,3.8831e-09
3.3100e+03,3.8539e-09
3.3200e+03,3.8404e-09
3.3300e+03,3.8302e-09
3.3400e+03,3.7047e-09
3.3500e+03,3.7992e-09
3.3600e+03,3.8725e-09
3.3700e+03,3.7320e-09
3.3800e+03,3.7226e-09
3.3900e+03,3.7795e-09
3.4000e+03,3.7704e-09
3.4100e+03,3.7605e-09
3.4200e+03,3.7547e-09
3.4300e+03,3.7612e-09
3.4400e+03,3.6602e-09
3.4500e+03,3.6620e-09
3.4600e+03,3.6602e-09
3.4700e+03,3.6507e-09
3.4800e+03,3.6117e-09
3.4900e+03,3.5794e-09
3.5000e+03,3.5697e-09
3.5100e+03,3.6380e-09
3.5200e+03,3.5618e-09
3.5300e+03,3.6188e-09
3.5400e+03,3.6341e-09
3.5500e+03,3.6137e-09
3.5600e+03,3.6020e-09
3.5700e+03,3.5202e-09
3.5800e+03,3.4724e-09
3.5900e+03,3.5776e-09
3.6000e+03,3.5695e-09
3.6100e+03,3.4895e-09
3.6200e+03,3.4402e-09
3.6300e+03,3.4230e-09
3.6400e+03,3.3779e-09
3.6500e+03,3.4233e-09
3.6600e+03,3.4184e-09
3.6700e+03,3.4566e-09
3.6800e+03,3.3927e-09
3.6900e+03,3.3767e-09
3.7000e+03,3.3872e-09
3.7100e+03,3.4174e-09
3.7200e+03,3.4771e-09
3.7300e+03,3.4790e-09
3.7400e+03,3.8014e-09
3.7500e+03,3.9776e-09
3.7600e+03,4.2253e-09
3.7700e+03,4.0870e-09
3.7800e+03,4.8678e-09
3.7900e+03,5.0251e-09
3.8000e+03,4.3319e-09
3.8100e+03,5.5413e-09
3.8200e+03,6.3104e-09
3.8300e+03,4.6289e-09
3.8400e+03,4.2104e-09
3.8500e+03,6.2243e-09
3.8600e+03,7.4893e-09
3.8700e+03,7.3995e-09
3.8800e+03,5.7354e-09
3.8900e+03,4.1742e-09
3.9000e+03,5.1966e-09
3.9100e+03,7.3988e-09
3.9200e+03,8.4342e-09
3.9300e+03,8.1442e-09
3.9400e+03,7.9548e-09
3.9500e+03,7.9917e-09
3.9600e+03,6.2579e-09
3.9700e+03,4.3271e-09
3.9800e+03,5.6161e-09
3.9900e+03,7.8600e-09
4.0000e+03,8.7962e-09
4.0100e+03,9.0851e-09
4.0200e+03,9.0807e-09
4.0300e+03,8.9950e-09
4.0400e+03,8.8702e-09
4.0500e+03,8.7932e-09
4.0600e+03,8.6510e-09
4.0700e+03,8.2854e-09
4.0800e+03,7.6411e-09
4.0900e+03,6.2116e-09
4.1000e+03,4.4311e-09
4.1100e+03,4.8762e-09
4.1200e+03,6.8763e-09
4.1300e+03,7.7968e-09
4.1400e+03,8.1537e-09
4.1500e+03,8.2733e-09
4.1600e+03,8.1832e-09
4.1700e+03,8.0683e-09
4.1800e+03,8.0486e-09
4.1900e+03,8.0475e-09
4.2000e+03,8.0526e-09
4.2100e+03,8.0701e-09
4.2200e+03,7.9581e-09
4.2300e+03,7.8899e-09
4.2400e+03,7.8406e-09
4.2500e+03,7.8643e-09
4.2600e+03,7.7852e-09
4.2700e+03,7.6589e-09
4.2800e+03,7.5163e-09
4.2900e+03,7.3681e-09
4.3000e+03,7.1332e-09
4.3100e+03,6.7884e-09
4.3200e+03,6.3185e-09
4.3300e+03,4.5924e-09
4.3400e+03,3.5720e-09
4.3500e+03,3.9750e-09
4.3600e+03,6.0769e-09
4.3700e+03,6.7121e-09
4.3800e+03,6.7957e-09
4.3900e+03,6.7928e-09
4.4000e+03,6.7899e-09
4.4100e+03,6.7931e-09
4.4200e+03,6.7793e-09
4.4300e+03,6.7990e-09
4.4400e+03,6.7238e-09
4.4500e+03,6.6881e-09
4.4600e+03,6.6968e-09
4.4700e+03,6.5954e-09
4.4800e+03,6.4575e-09
4.4900e+03,6.4772e-09
4.5000e+03,6.5673e-09
4.5100e+03,6.5330e-09
4.5200e+03,6.4451e-09
4.5300e+03,6.3477e-09
4.5400e+03,6.3513e-09
4.5500e+03,6.2816e-09
4.5600e+03,6.2382e-09
4.5700e+03,6.3207e-09
4.5800e+03,6.2046e-09
4.5900e+03,6.1933e-09
4.6000e+03,6.2123e-09
4.6100e+03,6.2214e-09
4.6200e+03,6.1638e-09
4.6300e+03,6.1069e-09
4.6400e+03,6.1007e-09
4.6500e+03,6.0744e-09
4.6600e+03,6.0332e-09
4.6700e+03,5.9828e-09
4.6800e+03,5.9821e-09
4.6900e+03,5.9813e-09
4.7000e+03,5.9460e-09
4.7100e+03,5.9011e-09
4.7200e+03,5.8858e-09
4.7300e+03,5.8755e-09
4.7400e+03,5.8168e-09
4.7500e+03,5.7832e-09
4.7600e+03,5.6913e-09
4.7700e+03,5.6723e-09
4.7800e+03,5.6533e-09
4.7900e+03,5.6154e-09
4.8000e+03,5.5351e-09
4.8100e+03,5.4600e-09
4.8200e+03,5.3388e-09
4.8300e+03,5.0780e-09
4.8400e+03,4.7168e-09
4.8500e+03,3.8973e-09
4.8600e+03,3.0394e-09
4.8700e+03,3.3680e-09
4.8800e+03,4.4132e-09
4.8900e+03,4.8219e-09
4.9000e+03,5.0251e-09
4.9100e+03,5.0455e-09
4.9200e+03,4.9663e-09
4.9300e+03,4.9641e-09
4.9400e+03,4.9755e-09
4.9500e+03,4.9641e-09
4.9600e+03,4.9174e-09
4.9700e+03,4.9328e-09
4.9800e+03,4.9087e-09
4.9900e+03,4.8587e-09
5.0000e+03,4.8306e-09
5.0100e+03,4.7372e-09
5.0200e+03,4.6963e-09
5.0300e+03,4.6821e-09
5.0400e+03,4.6635e-09
5.0500e+03,4.5340e-09
5.0600e+03,4.5117e-09
5.0700e+03,4.5493e-09
5.0800e+03,4.5438e-09
5.0900e+03,4.5515e-09
5.1000e+03,4.4541e-09
5.1100e+03,4.4450e-09
5.1200e+03,4.3943e-09
5.1300e+03,4.4271e-09
5.1400e+03,4.3767e-09
5.1500e+03,4.3760e-09
5.1600e+03,4.3304e-09
5.1700e+03,4.2235e-09
5.1800e+03,4.1914e-09
5.1900e+03,4.2155e-09
5.2000e+03,4.2155e-09
5.2100e+03,4.2315e-09
5.2200e+03,4.1834e-09
5.2300e+03,4.1195e-09
5.2400e+03,4.0801e-09
5.2500e+03,4.0958e-09
5.2600e+03,4.0371e-09
5.2700e+03,3.9823e-09
5.2800e+03,3.9911e-09
5.2900e+03,4.0112e-09
5.3000e+03,3.9842e-09
5.3100e+03,3.9225e-09
5.3200e+03,3.8616e-09
5.3300e+03,3.8368e-09
5.3400e+03,3.8404e-09
5.3500e+03,3.8375e-09
5.3600e+03,3.8309e-09
5.3700e+03,3.8357e-09
5.3800e+03,3.8251e-09
5.3900e+03,3.8222e-09
5.4000e+03,3.7667e-09
5.4100e+03,3.7379e-09
5.4200e+03,3.7875e-09
5.4300e+03,3.7846e-09
5.4400e+03,3.8149e-09
5.4500e+03,3.7642e-09
5.4600e+03,3.7248e-09
5.4700e+03,3.7222e-09
5.4800e+03,3.6868e-09
5.4900e+03,3.6697e-09
5.5000e+03,3.6598e-09
5.5100e+03,3.6287e-09
5.5200e+03,3.6263e-09
5.5300e+03,3.6418e-09
5.5400e+03,3.6073e-09
5.5500e+03,3.6085e-09
5.5600e+03,3.5991e-09
5.5700e+03,3.5579e-09
5.5800e+03,3.5277e-09
5.5900e+03,3.5185e-09
5.6000e+03,3.4886e-09
5.6100e+03,3.4727e-09
5.6200e+03,3.4984e-09
5.6300e+03,3.4305e-09
5.6400e+03,3.4266e-09
5.6500e+03,3.3970e-09
5.6600e+03,3.3663e-09
5.6700e+03,3.3531e-09
5.6800e+03,3.3843e-09
5.6900e+03,3.3336e-09
5.7000e+03,3.3340e-09
5.7100e+03,3.2993e-09
5.7200e+03,3.2810e-09
5.7300e+03,3.2679e-09
5.7400e+03,3.2456e-09
5.7600e+03,3.2011e-09
5.7800e+03,3.1554e-09
5.8000e+03,3.1100e-09
5.8200e+03,3.0655e-09
5.8400e+03,3.0215e-09
5.8600e+03,2.9780e-09
5.8800e+03,2.9350e-09
5.9000e+03,2.8926e-09
5.9200e+03,2.8512e-09
5.9400e+03,2.8098e-09
5.9600e+03,2.7692e-09
5.9800e+03,2.7283e-09
6.0000e+03,2.7011e-09
6.0200e+03,2.7320e-09
6.0400e+03,2.6963e-09
6.0600e+03,2.6699e-09
6.0800e+03,2.6884e-09
6.1000e+03,2.6761e-09
6.1200e+03,2.6318e-09
6.1400e+03,2.6028e-09
6.1600e+03,2.5367e-09
6.1800e+03,2.5323e-09
6.2000e+03,2.5129e-09
6.2200e+03,2.5137e-09
6.2400e+03,2.4732e-09
6.2600e+03,2.4722e-09
6.2800e+03,2.4230e-09
6.3000e+03,2.4040e-09
6.3200e+03,2.3796e-09
6.3400e+03,2.3496e-09
6.3600e+03,2.3314e-09
6.3800e+03,2.3066e-09
6.4000e+03,2.3047e-09
6.4200e+03,2.2528e-09
6.4400e+03,2.2490e-09
6.4600e+03,2.2242e-09
6.4800e+03,2.1855e-09
6.5000e+03,2.1672e-09
6.5200e+03,2.1246e-09
6.5400e+03,1.9904e-09
6.5600e+03,1.7154e-09
6.5800e+03,1.7279e-09
6.6000e+03,2.0015e-09
6.6200e+03,2.0664e-09
6.6400e+03,2.0616e-09
6.6600e+03,2.0409e-09
6.6800e+03,2.0297e-09
6.7000e+03,1.9930e-09
6.7200e+03,1.9841e-09
6.7400e+03,1.9749e-09
6.7600e+03,1.9468e-09
6.7800e+03,1.9372e-09
6.8000e+03,1.9199e-09
6.8200e+03,1.9428e-09
6.8400e+03,1.9774e-09
6.8600e+03,1.8897e-09
6.8800e+03,1.8045e-09
6.9000e+03,1.7920e-09
6.9200e+03,1.8202e-09
6.9400e+03,1.8188e-09
6.9600e+03,1.8011e-09
6.9800e+03,1.7716e-09
7.0000e+03,1.7469e-09
7.0200e+03,1.7618e-09
7.0400e+03,1.7223e-09
7.0600e+03,1.7113e-09
7.0800e+03,1.6940e-09
7.1000e+03,1.6898e-09
7.1200e+03,1.6742e-09
7.1400e+03,1.6626e-09
7.1600e+03,1.7142e-09
7.1800e+03,1.7058e-09
7.2000e+03,1.6196e-09
7.2200e+03,1.6053e-09
7.2400e+03,1.5887e-09
7.2600e+03,1.5592e-09
7.2800e+03,1.5533e-09
7.3000e+03,1.5461e-09
7.3200e+03,1.5309e-09
7.3400e+03,1.5116e-09
7.3600e+03,1.5226e-09
7.3800e+03,1.5188e-09
7.4000e+03,1.4990e-09
7.4200e+03,1.4745e-09
7.4400e+03,1.4628e-09
7.4600e+03,1.4609e-09
7.4800e+03,1.4384e-09
7.5000e+03,1.4067e-09
7.5200e+03,1.3851e-09
7.5400e+03,1.3684e-09
7.5600e+03,1.3340e-09
7.5800e+03,1.4446e-09
7.6000e+03,1.2739e-09
7.6200e+03,1.1805e-09
7.6400e+03,1.2784e-09
7.6600e+03,1.2905e-09
7.6800e+03,1.2249e-09
7.7000e+03,1.3138e-09
7.7200e+03,1.3227e-09
7.7400e+03,1.2969e-09
7.7600e+03,1.2808e-09
7.7800e+03,1.2652e-09
7.8000e+03,1.2622e-09
7.8200e+03,1.2659e-09
7.8400e+03,1.2408e-09
7.8600e+03,1.2378e-09
7.8800e+03,1.2296e-09
7.9000e+03,1.2052e-09
7.9200e+03,1.1956e-09
7.9400e+03,1.1921e-09
7.9600e+03,1.1807e-09
7.9800e+03,1.1719e-09
8.0000e+03,1.1654e-09
8.0200e+03,1.1609e-09
8.0400e+03,1.1591e-09
8.0600e+03,1.1422e-09
8.0800e+03,1.1521e-09
8.1000e+03,1.1441e-09
8.1200e+03,1.1471e-09
8.1400e+03,1.1545e-09
8.1600e+03,1.1231e-09
8.1800e+03,1.0944e-09
8.2000e+03,1.1232e-09
8.2200e+03,1.0954e-09
8.2400e+03,1.0927e-09
8.2600e+03,1.0978e-09
8.2800e+03,1.0632e-09
8.3000e+03,1.0714e-09
8.3200e+03,1.0557e-09
8.3400e+03,1.0258e-09
8.3600e+03,1.0553e-09
8.3800e+03,1.0430e-09
8.4000e+03,1.0550e-09
8.4200e+03,1.0496e-09
8.4400e+03,1.0283e-09
8.4600e+03,1.0120e-09
8.4800e+03,1.0554e-09
8.5000e+03,1.0167e-09
8.5200e+03,1.0106e-09
8.5400e+03,9.8794e-10
8.5600e+03,9.7973e-10
8.5800e+03,9.9060e-10
8.6000e+03,9.6634e-10
8.6200e+03,1.0070e-09
8.6400e+03,9.9327e-10
8.6600e+03,9.3920e-10
8.6800e+03,9.2661e-10
8.7000e+03,9.7068e-10
8.7200e+03,1.0106e-09
8.7400e+03,9.0078e-10
8.7600e+03,8.8556e-10
8.7800e+03,9.7714e-10
8.8000e+03,9.9020e-10
8.8200e+03,1.0061e-09
8.8400e+03,8.9797e-10
8.8600e+03,8.2773e-10
8.8800e+03,8.2511e-10
8.9000e+03,9.0096e-10
8.9200e+03,9.4522e-10
8.9400e+03,9.5806e-10
8.9600e+03,9.5445e-10
8.9800e+03,9.0392e-10
9.0000e+03,8.0365e-10
9.0200e+03,7.5622e-10
9.0400e+03,8.6550e-10
9.0600e+03,9.1143e-10
9.0800e+03,8.6280e-10
9.1000e+03,8.8644e-10
9.1200e+03,8.7177e-10
9.1400e+03,8.7907e-10
9.1600e+03,8.4974e-10
9.1800e+03,8.4696e-10
9.2000e+03,8.1734e-10
9.2200e+03,7.4470e-10
9.2400e+03,6.9427e-10
9.2600e+03,7.8552e-10
9.2800e+03,8.3525e-10
9.3000e+03,8.6863e-10
9.3200e+03,8.5802e-10
9.3400e+03,8.8564e-10
9.3600e+03,7.9862e-10
9.3800e+03,8.1234e-10
9.4000e+03,8.6188e-10
9.4200e+03,8.2981e-10
9.4400e+03,7.5378e-10
9.4600e+03,8.1916e-10
9.4800e+03,7.9187e-10
9.5000e+03,7.6228e-10
9.5200e+03,7.3222e-10
9.5400e+03,6.3342e-10
9.5600e+03,6.5815e-10
9.5800e+03,7.1036e-10
9.6000e+03,7.3546e-10
9.6200e+03,7.3525e-10
9.6400e+03,7.2609e-10
9.6600e+03,7.4335e-10
9.6800e+03,7.3152e-10
9.7000e+03,7.3769e-10
9.7200e+03,7.2565e-10
9.7400e+03,7.3590e-10
9.7600e+03,7.4605e-10
9.7800e+03,7.2601e-10
9.8000e+03,7.3054e-10
9.8200e+03,7.2474e-10
9.8400e+03,7.2113e-10
9.8600e+03,6.7902e-10
9.8800e+03,6.9449e-10
9.9000e+03,6.6596e-10
9.9200e+03,7.1832e-10
9.9400e+03,6.9044e-10
9.9600e+03,6.9362e-10
9.9800e+03,6.8636e-10
1.0000e+04,6.4670e-10
1.0020e+04,6.1933e-10
1.0040e+04,5.5070e-10
1.0060e+04,5.3607e-10
1.0080e+04,6.2152e-10
1.0100e+04,6.3739e-10
1.0120e+04,6.2506e-10
1.0140e+04,6.1134e-10
1.0160e+04,6.5294e-10
1.0180e+04,6.5334e-10
1.0200e+04,6.1426e-10
1.0220e+04,6.1948e-10
1.0240e+04,6.0842e-10
1.0260e+04,6.1630e-10
1.0280e+04,5.7362e-10
1.0300e+04,5.9310e-10
1.0320e+04,6.0127e-10
1.0340e+04,6.0437e-10
1.0360e+04,6.1229e-10
1.0380e+04,5.9080e-10
1.0400e+04,5.9044e-10
1.0420e+04,5.8628e-10
1.0440e+04,5.6501e-10
1.0460e+04,5.8467e-10
1.0480e+04,5.5961e-10
1.0500e+04,5.6530e-10
1.0520e+04,5.6493e-10
1.0540e+04,5.5826e-10
1.0560e+04,5.5399e-10
1.0580e+04,5.6428e-10
1.0600e+04,5.5381e-10
1.0800e+04,5.2681e-10
1.1000e+04,4.9853e-10
1.1200e+04,4.6971e-10
1.1400e+04,4.4096e-10
1.1600e+04,4.1272e-10
1.1800e+04,3.8550e-10
1.2000e+04,3.5953e-10
1.2200e+04,3.3509e-10
1.2400e+04,3.1232e-10
1.2600e+04,2.9454e-10
1.2800e+04,2.6300e-10
1.3000e+04,2.6357e-10
1.3200e+04,2.5041e-10
1.3400e+04,2.3706e-10
1.3600e+04,2.2477e-10
1.3800e+04,2.1346e-10
1.4000e+04,2.0322e-10
1.4200e+04,1.9294e-10
1.4400e+04,1.8266e-10
1.4600e+04,1.7446e-10
1.4800e+04,1.6626e-10
1.5000e+04,1.5806e-10
1.5200e+04,1.5087e-10
1.5400e+04,1.4367e-10
1.5600e+04,1.3751e-10
1.5800e+04,1.3239e-10
1.6000e+04,1.2830e-10
1.6200e+04,1.2162e-10
1.6400e+04,1.1553e-10
1.6600e+04,1.1287e-10
1.6800e+04,1.0401e-10
1.7000e+04,1.0300e-10
1.7200e+04,9.9381e-11
1.7400e+04,9.2489e-11
1.7600e+04,9.1519e-11
1.7800e+04,8.8969e-11
1.8000e+04,8.4974e-11
1.8200e+04,7.8096e-11
1.8400e+04,7.8242e-11
1.8600e+04,7.5217e-11
1.8800e+04,6.8924e-11
1.9000e+04,6.9756e-11
1.9200e+04,6.7092e-11
1.9400e+04,6.3010e-11
1.9600e+04,6.1897e-11
1.9800e+04,6.0485e-11
2.0000e+04,5.7778e-11
2.0200e+04,5.5614e-11
2.0400e+04,5.3571e-11
2.0600e+04,5.1619e-11
2.0800e+04,4.9882e-11
2.1000e+04,4.8022e-11
2.1200e+04,4.6376e-11
2.1400e+04,4.4625e-11
2.1600e+04,4.1469e-11
2.1800e+04,4.0860e-11
2.2000e+04,4.0338e-11
2.2200e+04,3.8999e-11
2.2400e+04,3.7777e-11
2.2600e+04,3.6525e-11
2.2800e+04,3.5398e-11
2.3000e+04,3.4394e-11
2.3200e+04,3.3357e-11
2.3400e+04,3.2319e-11
2.3600e+04,3.1314e-11
2.3800e+04,3.0366e-11
2.4000e+04,2.9454e-11
2.4200e+04,2.8629e-11
2.4400e+04,2.7709e-11
2.4600e+04,2.6993e-11
2.4800e+04,2.6170e-11
2.5000e+04,2.5453e-11
2.5200e+04,2.4630e-11
2.5400e+04,2.3913e-11
2.5600e+04,2.3194e-11
