# wavelength, f_lambda
2.2900e+02,0.0000e+00
2.3400e+02,0.0000e+00
2.4300e+02,0.0000e+00
2.5200e+02,0.0000e+00
2.5600e+02,0.0000e+00
2.6000e+02,0.0000e+00
2.6600e+02,0.0000e+00
2.7500e+02,0.0000e+00
2.8300e+02,0.0000e+00
2.9300e+02,0.0000e+00
3.0100e+02,0.0000e+00
3.0900e+02,0.0000e+00
3.2500e+02,0.0000e+00
3.4200e+02,0.0000e+00
3.5100e+02,0.0000e+00
3.5600e+02,0.0000e+00
3.6500e+02,0.0000e+00
3.7500e+02,0.0000e+00
3.8400e+02,0.0000e+00
4.0000e+02,0.0000e+00
4.1500e+02,0.0000e+00
4.2500e+02,0.0000e+00
4.4500e+02,0.0000e+00
4.7200e+02,0.0000e+00
4.9400e+02,0.0000e+00
5.0600e+02,2.9403e-26
5.1600e+02,6.2661e-26
5.4000e+02,3.3233e-25
5.6400e+02,1.5363e-24
5.8700e+02,6.0436e-24
6.1200e+02,2.4671e-23
6.4000e+02,1.0873e-22
6.7100e+02,5.1103e-22
7.0500e+02,2.4943e-21
7.3600e+02,9.5939e-21
7.7000e+02,3.7828e-20
8.1000e+02,1.6619e-19
8.5000e+02,6.3882e-19
8.9000e+02,2.1751e-18
9.2000e+02,2.8058e-16
9.4000e+02,1.1304e-15
9.6200e+02,1.9272e-15
9.8700e+02,3.5061e-15
1.0120e+03,5.3518e-15
1.0370e+03,7.6368e-15
1.0620e+03,1.1915e-14
1.0870e+03,1.7071e-14
1.1120e+03,1.9622e-13
1.1200e+03,2.1864e-13
1.1400e+03,2.6854e-13
1.1600e+03,3.6070e-13
1.1800e+03,4.3590e-13
1.2000e+03,4.4091e-13
1.2200e+03,5.8682e-13
1.2400e+03,3.4055e-12
1.2600e+03,1.9451e-11
1.2800e+03,6.1598e-11
1.3000e+03,9.3900e-11
1.3200e+03,1.3065e-10
1.3400e+03,1.7072e-10
1.3600e+03,1.6399e-10
1.3800e+03,1.8137e-10
1.4000e+03,1.9667e-10
1.4200e+03,2.0930e-10
1.4400e+03,2.4875e-10
1.4600e+03,3.2341e-10
1.4800e+03,3.1428e-10
1.5000e+03,3.5569e-10
1.5200e+03,6.6885e-10
1.5400e+03,8.4754e-10
1.5600e+03,6.6633e-10
1.5800e+03,9.5081e-10
1.6000e+03,1.1646e-09
1.6200e+03,1.2929e-09
1.6400e+03,1.3231e-09
1.6600e+03,1.3706e-09
1.6800e+03,1.3809e-09
1.7000e+03,1.5895e-09
1.7200e+03,2.0221e-09
1.7400e+03,2.1278e-09
1.7600e+03,2.6160e-09
1.7800e+03,2.6387e-09
1.8000e+03,2.9430e-09
1.8200e+03,2.5632e-09
1.8400e+03,2.4070e-09
1.8600e+03,2.6387e-09
1.8800e+03,2.6638e-09
1.9000e+03,2.7166e-09
1.9200e+03,2.7392e-09
1.9400e+03,2.6915e-09
1.9600e+03,2.7392e-09
1.9800e+03,2.6387e-09
2.0000e+03,2.3971e-09
2.0025e+03,2.3902e-09
2.0050e+03,2.3833e-09
2.0075e+03,2.3764e-09
2.0100e+03,2.3695e-09
2.0125e+03,2.3626e-09
2.0150e+03,2.3556e-09
2.0175e+03,2.3487e-09
2.0200e+03,2.3418e-09
2.0225e+03,2.3519e-09
2.0250e+03,2.3620e-09
2.0275e+03,2.3720e-09
2.0300e+03,2.3821e-09
2.0325e+03,2.3921e-09
2.0350e+03,2.4022e-09
2.0375e+03,2.4122e-09
2.0400e+03,2.4223e-09
2.0425e+03,2.4125e-09
2.0450e+03,2.4027e-09
2.0475e+03,2.3930e-09
2.0500e+03,2.3832e-09
2.0525e+03,2.3734e-09
2.0550e+03,2.3636e-09
2.0575e+03,2.3538e-09
2.0600e+03,2.3441e-09
2.0625e+03,2.3645e-09
2.0650e+03,2.3849e-09
2.0675e+03,2.4054e-09
2.0700e+03,2.4258e-09
2.0725e+03,2.4463e-09
2.0750e+03,2.4667e-09
2.0775e+03,2.4872e-09
2.0800e+03,2.5076e-09
2.0825e+03,2.4802e-09
2.0850e+03,2.4529e-09
2.0875e+03,2.4255e-09
2.0900e+03,2.3982e-09
2.0925e+03,2.3708e-09
2.0950e+03,2.3435e-09
2.0975e+03,2.3161e-09
2.1000e+03,2.2887e-09
2.1025e+03,2.2771e-09
2.1050e+03,2.2655e-09
2.1075e+03,2.2539e-09
2.1100e+03,2.2423e-09
2.1125e+03,2.2307e-09
2.1150e+03,2.2191e-09
2.1175e+03,2.2075e-09
2.1200e+03,2.1959e-09
2.1225e+03,2.1657e-09
2.1250e+03,2.1355e-09
2.1275e+03,2.1054e-09
2.1300e+03,2.0752e-09
2.1325e+03,2.0450e-09
2.1350e+03,2.0148e-09
2.1375e+03,1.9846e-09
2.1400e+03,1.9545e-09
2.1425e+03,1.9592e-09
2.1450e+03,1.9639e-09
2.1475e+03,1.9686e-09
2.1500e+03,1.9733e-09
2.1525e+03,1.9780e-09
2.1550e+03,1.9827e-09
2.1575e+03,1.9874e-09
2.1600e+03,1.9922e-09
2.1625e+03,1.9928e-09
2.1650e+03,1.9934e-09
2.1675e+03,1.9941e-09
2.1700e+03,1.9947e-09
2.1725e+03,1.9953e-09
2.1750e+03,1.9960e-09
2.1775e+03,1.9966e-09
2.1800e+03,1.9972e-09
2.1825e+03,2.0057e-09
2.1850e+03,2.0142e-09
2.1875e+03,2.0227e-09
2.1900e+03,2.0312e-09
2.1925e+03,2.0397e-09
2.1950e+03,2.0481e-09
2.1975e+03,2.0567e-09
2.2000e+03,2.0651e-09
2.2025e+03,2.0510e-09
2.2050e+03,2.0368e-09
2.2075e+03,2.0226e-09
2.2100e+03,2.0084e-09
2.2125e+03,1.9942e-09
2.2150e+03,1.9800e-09
2.2175e+03,1.9659e-09
2.2200e+03,1.9517e-09
2.2225e+03,1.9413e-09
2.2250e+03,1.9309e-09
2.2275e+03,1.9206e-09
2.2300e+03,1.9102e-09
2.2325e+03,1.8998e-09
2.2350e+03,1.8894e-09
2.2375e+03,1.8791e-09
2.2400e+03,1.8687e-09
2.2425e+03,1.8570e-09
2.2450e+03,1.8454e-09
2.2475e+03,1.8338e-09
2.2500e+03,1.8221e-09
2.2525e+03,1.8105e-09
2.2550e+03,1.7989e-09
2.2575e+03,1.7872e-09
2.2600e+03,1.7756e-09
2.2625e+03,1.7904e-09
2.2650e+03,1.8052e-09
2.2675e+03,1.8201e-09
2.2700e+03,1.8349e-09
2.2725e+03,1.8496e-09
2.2750e+03,1.8644e-09
2.2775e+03,1.8793e-09
2.2800e+03,1.8941e-09
2.2825e+03,1.8840e-09
2.2850e+03,1.8739e-09
2.2875e+03,1.8639e-09
2.2900e+03,1.8539e-09
2.2925e+03,1.8438e-09
2.2950e+03,1.8337e-09
2.2975e+03,1.8237e-09
2.3000e+03,1.8136e-09
2.3025e+03,1.7953e-09
2.3050e+03,1.7771e-09
2.3075e+03,1.7589e-09
2.3100e+03,1.7406e-09
2.3125e+03,1.7224e-09
2.3150e+03,1.7042e-09
2.3175e+03,1.6859e-09
2.3200e+03,1.6677e-09
2.3225e+03,1.6535e-09
2.3250e+03,1.6393e-09
2.3275e+03,1.6251e-09
2.3300e+03,1.6110e-09
2.3325e+03,1.5968e-09
2.3350e+03,1.5826e-09
2.3375e+03,1.5684e-09
2.3400e+03,1.5542e-09
2.3425e+03,1.5448e-09
2.3450e+03,1.5354e-09
2.3475e+03,1.5260e-09
2.3500e+03,1.5165e-09
2.3525e+03,1.5071e-09
2.3550e+03,1.4976e-09
2.3575e+03,1.4882e-09
2.3600e+03,1.4788e-09
2.3625e+03,1.4772e-09
2.3650e+03,1.4756e-09
2.3675e+03,1.4741e-09
2.3700e+03,1.4725e-09
2.3725e+03,1.4709e-09
2.3750e+03,1.4694e-09
2.3775e+03,1.4678e-09
2.3800e+03,1.4662e-09
2.3825e+03,1.4533e-09
2.3850e+03,1.4404e-09
2.3875e+03,1.4276e-09
2.3900e+03,1.4147e-09
2.3925e+03,1.4018e-09
2.3950e+03,1.3889e-09
2.3975e+03,1.3760e-09
2.4000e+03,1.3631e-09
2.4025e+03,1.3798e-09
2.4050e+03,1.3964e-09
2.4075e+03,1.4131e-09
2.4100e+03,1.4298e-09
2.4125e+03,1.4464e-09
2.4150e+03,1.4631e-09
2.4175e+03,1.4797e-09
2.4200e+03,1.4964e-09
2.4225e+03,1.5241e-09
2.4250e+03,1.5518e-09
2.4275e+03,1.5795e-09
2.4300e+03,1.6072e-09
2.4325e+03,1.6349e-09
2.4350e+03,1.6626e-09
2.4375e+03,1.6903e-09
2.4400e+03,1.7180e-09
2.4425e+03,1.7177e-09
2.4450e+03,1.7173e-09
2.4475e+03,1.7170e-09
2.4500e+03,1.7166e-09
2.4525e+03,1.7163e-09
2.4550e+03,1.7159e-09
2.4575e+03,1.7156e-09
2.4600e+03,1.7153e-09
2.4625e+03,1.7049e-09
2.4650e+03,1.6945e-09
2.4675e+03,1.6842e-09
2.4700e+03,1.6738e-09
2.4725e+03,1.6635e-09
2.4750e+03,1.6532e-09
2.4775e+03,1.6428e-09
2.4800e+03,1.6325e-09
2.4825e+03,1.6488e-09
2.4850e+03,1.6652e-09
2.4875e+03,1.6815e-09
2.4900e+03,1.6979e-09
2.4925e+03,1.7142e-09
2.4950e+03,1.7306e-09
2.4975e+03,1.7469e-09
2.5000e+03,1.7633e-09
2.5025e+03,1.7476e-09
2.5050e+03,1.7318e-09
2.5075e+03,1.7161e-09
2.5100e+03,1.7004e-09
2.5125e+03,1.6847e-09
2.5150e+03,1.6690e-09
2.5175e+03,1.6532e-09
2.5200e+03,1.6375e-09
2.5225e+03,1.6010e-09
2.5250e+03,1.5646e-09
2.5275e+03,1.5281e-09
2.5300e+03,1.4916e-09
2.5325e+03,1.4551e-09
2.5350e+03,1.4187e-09
2.5375e+03,1.3822e-09
2.5400e+03,1.3457e-09
2.5425e+03,1.3797e-09
2.5450e+03,1.4136e-09
2.5475e+03,1.4476e-09
2.5500e+03,1.4816e-09
2.5525e+03,1.5155e-09
2.5550e+03,1.5495e-09
2.5575e+03,1.5834e-09
2.5600e+03,1.6174e-09
2.5625e+03,1.6457e-09
2.5650e+03,1.6740e-09
2.5675e+03,1.7023e-09
2.5700e+03,1.7306e-09
2.5725e+03,1.7589e-09
2.5750e+03,1.7872e-09
2.5775e+03,1.8155e-09
2.5800e+03,1.8438e-09
2.5825e+03,1.8353e-09
2.5850e+03,1.8267e-09
2.5875e+03,1.8182e-09
2.5900e+03,1.8097e-09
2.5925e+03,1.8012e-09
2.5950e+03,1.7926e-09
2.5975e+03,1.7841e-09
2.6000e+03,1.7756e-09
2.6025e+03,1.7703e-09
2.6050e+03,1.7650e-09
2.6075e+03,1.7597e-09
2.6100e+03,1.7544e-09
2.6125e+03,1.7491e-09
2.6150e+03,1.7437e-09
2.6175e+03,1.7384e-09
2.6200e+03,1.7331e-09
2.6225e+03,1.7821e-09
2.6250e+03,1.8311e-09
2.6275e+03,1.8802e-09
2.6300e+03,1.9292e-09
2.6325e+03,1.9782e-09
2.6350e+03,2.0272e-09
2.6375e+03,2.0762e-09
2.6400e+03,2.1252e-09
2.6425e+03,2.1231e-09
2.6450e+03,2.1209e-09
2.6475e+03,2.1187e-09
2.6500e+03,2.1166e-09
2.6525e+03,2.1144e-09
2.6550e+03,2.1122e-09
2.6575e+03,2.1100e-09
2.6600e+03,2.1079e-09
2.6625e+03,2.0994e-09
2.6650e+03,2.0909e-09
2.6675e+03,2.0823e-09
2.6700e+03,2.0738e-09
2.6725e+03,2.0653e-09
2.6750e+03,2.0568e-09
2.6775e+03,2.0483e-09
2.6800e+03,2.0397e-09
2.6825e+03,2.0350e-09
2.6850e+03,2.0303e-09
2.6875e+03,2.0256e-09
2.6900e+03,2.0208e-09
2.6925e+03,2.0161e-09
2.6950e+03,2.0114e-09
2.6975e+03,2.0067e-09
2.7000e+03,2.0020e-09
2.7025e+03,2.0058e-09
2.7050e+03,2.0095e-09
2.7075e+03,2.0133e-09
2.7100e+03,2.0171e-09
2.7125e+03,2.0208e-09
2.7150e+03,2.0246e-09
2.7175e+03,2.0284e-09
2.7200e+03,2.0322e-09
2.7225e+03,2.0048e-09
2.7250e+03,1.9775e-09
2.7275e+03,1.9502e-09
2.7300e+03,1.9229e-09
2.7325e+03,1.8955e-09
2.7350e+03,1.8682e-09
2.7375e+03,1.8409e-09
2.7400e+03,1.8136e-09
2.7425e+03,1.8161e-09
2.7450e+03,1.8186e-09
2.7475e+03,1.8210e-09
2.7500e+03,1.8235e-09
2.7525e+03,1.8260e-09
2.7550e+03,1.8285e-09
2.7575e+03,1.8310e-09
2.7600e+03,1.8335e-09
2.7625e+03,1.8228e-09
2.7650e+03,1.8122e-09
2.7675e+03,1.8015e-09
2.7700e+03,1.7908e-09
2.7725e+03,1.7801e-09
2.7750e+03,1.7695e-09
2.7775e+03,1.7588e-09
2.7800e+03,1.7482e-09
2.7825e+03,1.7372e-09
2.7850e+03,1.7262e-09
2.7875e+03,1.7152e-09
2.7900e+03,1.7042e-09
2.7925e+03,1.6932e-09
2.7950e+03,1.6822e-09
2.7975e+03,1.6711e-09
2.8000e+03,1.6601e-09
2.8025e+03,1.6985e-09
2.8050e+03,1.7368e-09
2.8075e+03,1.7751e-09
2.8100e+03,1.8135e-09
2.8125e+03,1.8518e-09
2.8150e+03,1.8901e-09
2.8175e+03,1.9284e-09
2.8200e+03,1.9668e-09
2.8225e+03,1.9844e-09
2.8250e+03,2.0021e-09
2.8275e+03,2.0197e-09
2.8300e+03,2.0373e-09
2.8325e+03,2.0550e-09
2.8350e+03,2.0726e-09
2.8375e+03,2.0902e-09
2.8400e+03,2.1079e-09
2.8425e+03,2.0928e-09
2.8450e+03,2.0776e-09
2.8475e+03,2.0625e-09
2.8500e+03,2.0474e-09
2.8525e+03,2.0323e-09
2.8550e+03,2.0172e-09
2.8575e+03,2.0020e-09
2.8600e+03,1.9869e-09
2.8625e+03,1.9926e-09
2.8650e+03,1.9982e-09
2.8675e+03,2.0039e-09
2.8700e+03,2.0095e-09
2.8725e+03,2.0152e-09
2.8750e+03,2.0208e-09
2.8775e+03,2.0265e-09
2.8800e+03,2.0322e-09
2.8825e+03,2.0438e-09
2.8850e+03,2.0555e-09
2.8875e+03,2.0671e-09
2.8900e+03,2.0787e-09
2.8925e+03,2.0903e-09
2.8950e+03,2.1020e-09
2.8975e+03,2.1136e-09
2.9000e+03,2.1252e-09
2.9025e+03,2.1413e-09
2.9050e+03,2.1574e-09
2.9075e+03,2.1734e-09
2.9100e+03,2.1895e-09
2.9125e+03,2.2056e-09
2.9150e+03,2.2216e-09
2.9175e+03,2.2377e-09
2.9200e+03,2.2538e-09
2.9225e+03,2.2440e-09
2.9250e+03,2.2343e-09
2.9275e+03,2.2245e-09
2.9300e+03,2.2148e-09
2.9325e+03,2.2051e-09
2.9350e+03,2.1953e-09
2.9375e+03,2.1855e-09
2.9400e+03,2.1758e-09
2.9425e+03,2.1814e-09
2.9450e+03,2.1871e-09
2.9475e+03,2.1927e-09
2.9500e+03,2.1983e-09
2.9525e+03,2.2040e-09
2.9550e+03,2.2096e-09
2.9575e+03,2.2152e-09
2.9600e+03,2.2208e-09
2.9625e+03,2.2224e-09
2.9650e+03,2.2241e-09
2.9675e+03,2.2257e-09
2.9700e+03,2.2272e-09
2.9725e+03,2.2288e-09
2.9750e+03,2.2304e-09
2.9775e+03,2.2321e-09
2.9800e+03,2.2337e-09
2.9825e+03,2.2453e-09
2.9850e+03,2.2569e-09
2.9875e+03,2.2686e-09
2.9900e+03,2.2802e-09
2.9925e+03,2.2918e-09
2.9950e+03,2.3035e-09
2.9975e+03,2.3151e-09
3.0000e+03,2.3267e-09
3.0025e+03,2.3318e-09
3.0050e+03,2.3368e-09
3.0075e+03,2.3418e-09
3.0100e+03,2.3468e-09
3.0125e+03,2.3519e-09
3.0150e+03,2.3569e-09
3.0175e+03,2.3620e-09
3.0200e+03,2.3670e-09
3.0225e+03,2.3657e-09
3.0250e+03,2.3644e-09
3.0275e+03,2.3631e-09
3.0300e+03,2.3618e-09
3.0325e+03,2.3605e-09
3.0350e+03,2.3592e-09
3.0375e+03,2.3579e-09
3.0400e+03,2.3567e-09
3.0425e+03,2.3545e-09
3.0450e+03,2.3523e-09
3.0475e+03,2.3500e-09
3.0500e+03,2.3479e-09
3.0525e+03,2.3457e-09
3.0550e+03,2.3435e-09
3.0575e+03,2.3412e-09
3.0600e+03,2.3390e-09
3.0625e+03,2.3488e-09
3.0650e+03,2.3586e-09
3.0675e+03,2.3683e-09
3.0700e+03,2.3780e-09
3.0725e+03,2.3878e-09
3.0750e+03,2.3976e-09
3.0775e+03,2.4073e-09
3.0800e+03,2.4170e-09
3.0825e+03,2.4114e-09
3.0850e+03,2.4057e-09
3.0875e+03,2.4000e-09
3.0900e+03,2.3944e-09
3.0925e+03,2.3887e-09
3.0950e+03,2.3831e-09
3.0975e+03,2.3774e-09
3.1000e+03,2.3718e-09
3.1025e+03,2.3730e-09
3.1050e+03,2.3743e-09
3.1075e+03,2.3756e-09
3.1100e+03,2.3769e-09
3.1125e+03,2.3782e-09
3.1150e+03,2.3795e-09
3.1175e+03,2.3808e-09
3.1200e+03,2.3821e-09
3.1225e+03,2.3877e-09
3.1250e+03,2.3934e-09
3.1275e+03,2.3990e-09
3.1300e+03,2.4047e-09
3.1325e+03,2.4104e-09
3.1350e+03,2.4160e-09
3.1375e+03,2.4217e-09
3.1400e+03,2.4273e-09
3.1425e+03,2.4286e-09
3.1450e+03,2.4299e-09
3.1475e+03,2.4311e-09
3.1500e+03,2.4324e-09
3.1525e+03,2.4336e-09
3.1550e+03,2.4349e-09
3.1575e+03,2.4361e-09
3.1600e+03,2.4374e-09
3.1625e+03,2.4386e-09
3.1650e+03,2.4399e-09
3.1675e+03,2.4411e-09
3.1700e+03,2.4423e-09
3.1725e+03,2.4435e-09
3.1750e+03,2.4448e-09
3.1775e+03,2.4460e-09
3.1800e+03,2.4472e-09
3.1825e+03,2.4472e-09
3.1850e+03,2.4472e-09
3.1875e+03,2.4472e-09
3.1900e+03,2.4472e-09
3.1925e+03,2.4472e-09
3.1950e+03,2.4472e-09
3.1975e+03,2.4472e-09
3.2000e+03,2.4472e-09
3.2025e+03,2.4406e-09
3.2050e+03,2.4341e-09
3.2075e+03,2.4275e-09
3.2100e+03,2.4209e-09
3.2125e+03,2.4144e-09
3.2150e+03,2.4078e-09
3.2175e+03,2.4012e-09
3.2200e+03,2.3946e-09
3.2225e+03,2.3909e-09
3.2250e+03,2.3871e-09
3.2275e+03,2.3833e-09
3.2300e+03,2.3795e-09
3.2325e+03,2.3758e-09
3.2350e+03,2.3720e-09
3.2375e+03,2.3682e-09
3.2400e+03,2.3644e-09
3.2600e+03,2.5492e-09
3.2700e+03,2.4877e-09
3.2800e+03,2.2609e-09
3.2900e+03,2.3078e-09
3.3000e+03,2.4346e-09
3.3100e+03,2.4389e-09
3.3200e+03,2.4381e-09
3.3300e+03,2.4107e-09
3.3400e+03,2.3600e-09
3.3500e+03,2.3381e-09
3.3600e+03,2.4677e-09
3.3700e+03,2.2911e-09
3.3800e+03,2.3341e-09
3.3900e+03,2.3766e-09
3.4000e+03,2.3541e-09
3.4100e+03,2.3771e-09
3.4200e+03,2.3940e-09
3.4300e+03,2.4052e-09
3.4400e+03,2.4033e-09
3.4500e+03,2.3682e-09
3.4600e+03,2.3811e-09
3.4700e+03,2.3882e-09
3.4800e+03,2.3963e-09
3.4900e+03,2.3547e-09
3.5000e+03,2.3851e-09
3.5100e+03,2.3936e-09
3.5200e+03,2.4764e-09
3.5300e+03,2.4747e-09
3.5400e+03,2.5393e-09
3.5500e+03,2.5155e-09
3.5600e+03,2.4608e-09
3.5700e+03,2.4513e-09
3.5800e+03,2.4078e-09
3.5900e+03,2.4360e-09
3.6000e+03,2.5061e-09
3.6100e+03,2.3838e-09
3.6200e+03,2.3724e-09
3.6300e+03,2.3942e-09
3.6400e+03,2.3778e-09
3.6500e+03,2.4157e-09
3.6600e+03,2.3853e-09
3.6700e+03,2.3862e-09
3.6800e+03,2.3587e-09
3.6900e+03,2.3564e-09
3.7000e+03,2.4109e-09
3.7100e+03,2.5013e-09
3.7200e+03,2.6863e-09
3.7300e+03,2.7310e-09
3.7400e+03,3.1093e-09
3.7500e+03,3.2390e-09
3.7600e+03,3.5114e-09
3.7700e+03,3.3727e-09
3.7800e+03,3.9801e-09
3.7900e+03,4.5154e-09
3.8000e+03,3.6918e-09
3.8100e+03,4.6217e-09
3.8200e+03,5.5346e-09
3.8300e+03,4.3404e-09
3.8400e+03,3.5938e-09
3.8500e+03,5.0676e-09
3.8600e+03,6.3662e-09
3.8700e+03,6.5139e-09
3.8800e+03,5.1925e-09
3.8900e+03,3.7283e-09
3.9000e+03,4.4131e-09
3.9100e+03,6.2990e-09
3.9200e+03,7.2162e-09
3.9300e+03,6.6531e-09
3.9400e+03,6.4930e-09
3.9500e+03,7.0583e-09
3.9600e+03,5.7903e-09
3.9700e+03,3.9264e-09
3.9800e+03,4.5183e-09
3.9900e+03,6.9450e-09
4.0000e+03,7.6149e-09
4.0100e+03,7.6653e-09
4.0200e+03,7.8710e-09
4.0300e+03,7.7449e-09
4.0400e+03,7.6328e-09
4.0500e+03,7.6751e-09
4.0600e+03,7.5377e-09
4.0700e+03,7.2626e-09
4.0800e+03,6.7799e-09
4.0900e+03,5.9157e-09
4.1000e+03,4.1540e-09
4.1100e+03,4.3049e-09
4.1200e+03,6.0878e-09
4.1300e+03,6.8606e-09
4.1400e+03,7.0956e-09
4.1500e+03,7.1124e-09
4.1600e+03,7.1164e-09
4.1700e+03,6.9874e-09
4.1800e+03,6.8665e-09
4.1900e+03,6.9461e-09
4.2000e+03,6.9940e-09
4.2100e+03,6.9359e-09
4.2200e+03,6.8537e-09
4.2300e+03,6.8767e-09
4.2400e+03,6.8563e-09
4.2500e+03,6.8120e-09
4.2600e+03,6.8405e-09
4.2700e+03,6.7963e-09
4.2800e+03,6.6629e-09
4.2900e+03,6.5186e-09
4.3000e+03,6.2519e-09
4.3100e+03,5.9639e-09
4.3200e+03,5.8093e-09
4.3300e+03,4.8552e-09
4.3400e+03,3.5097e-09
4.3500e+03,4.0707e-09
4.3600e+03,5.5097e-09
4.3700e+03,6.0074e-09
4.3800e+03,6.1685e-09
4.3900e+03,6.0494e-09
4.4000e+03,5.9369e-09
4.4100e+03,6.0059e-09
4.4200e+03,6.0629e-09
4.4300e+03,6.0684e-09
4.4400e+03,5.9807e-09
4.4500e+03,5.9149e-09
4.4600e+03,6.0147e-09
4.4700e+03,5.9226e-09
4.4800e+03,5.8525e-09
4.4900e+03,5.8375e-09
4.5000e+03,5.9084e-09
4.5100e+03,5.9197e-09
4.5200e+03,5.8616e-09
4.5300e+03,5.8035e-09
4.5400e+03,5.7622e-09
4.5500e+03,5.6475e-09
4.5600e+03,5.5700e-09
4.5700e+03,5.7129e-09
4.5800e+03,5.6310e-09
4.5900e+03,5.5963e-09
4.6000e+03,5.6855e-09
4.6100e+03,5.7173e-09
4.6200e+03,5.6310e-09
4.6300e+03,5.5353e-09
4.6400e+03,5.6182e-09
4.6500e+03,5.6146e-09
4.6600e+03,5.5397e-09
4.6700e+03,5.5313e-09
4.6800e+03,5.5477e-09
4.6900e+03,5.5689e-09
4.7000e+03,5.4907e-09
4.7100e+03,5.3983e-09
4.7200e+03,5.4786e-09
4.7300e+03,5.4260e-09
4.7400e+03,5.4326e-09
4.7500e+03,5.3902e-09
4.7600e+03,5.2758e-09
4.7700e+03,5.2583e-09
4.7800e+03,5.2510e-09
4.7900e+03,5.2813e-09
4.8000e+03,5.1976e-09
4.8100e+03,5.1198e-09
4.8200e+03,5.0467e-09
4.8300e+03,4.9035e-09
4.8400e+03,4.5454e-09
4.8500e+03,3.9099e-09
4.8600e+03,2.8971e-09
4.8700e+03,3.1257e-09
4.8800e+03,4.1661e-09
4.8900e+03,4.5629e-09
4.9000e+03,4.7599e-09
4.9100e+03,4.8088e-09
4.9200e+03,4.6985e-09
4.9300e+03,4.6930e-09
4.9400e+03,4.7189e-09
4.9500e+03,4.7043e-09
4.9600e+03,4.7076e-09
4.9700e+03,4.6978e-09
4.9800e+03,4.7230e-09
4.9900e+03,4.6470e-09
5.0000e+03,4.6064e-09
5.0100e+03,4.5008e-09
5.0200e+03,4.5045e-09
5.0300e+03,4.4303e-09
5.0400e+03,4.4646e-09
5.0500e+03,4.3440e-09
5.0600e+03,4.3652e-09
5.0700e+03,4.3733e-09
5.0800e+03,4.3817e-09
5.0900e+03,4.3689e-09
5.1000e+03,4.3389e-09
5.1100e+03,4.2717e-09
5.1200e+03,4.3093e-09
5.1300e+03,4.2509e-09
5.1400e+03,4.2677e-09
5.1500e+03,4.2055e-09
5.1600e+03,4.1811e-09
5.1700e+03,4.1036e-09
5.1800e+03,4.0839e-09
5.1900e+03,4.0722e-09
5.2000e+03,4.0809e-09
5.2100e+03,4.1496e-09
5.2200e+03,4.0977e-09
5.2300e+03,3.9834e-09
5.2400e+03,3.9808e-09
5.2500e+03,4.0075e-09
5.2600e+03,3.9845e-09
5.2700e+03,3.8752e-09
5.2800e+03,3.8774e-09
5.2900e+03,3.9512e-09
5.3000e+03,3.9903e-09
5.3100e+03,3.8979e-09
5.3200e+03,3.8299e-09
5.3300e+03,3.7853e-09
5.3400e+03,3.8175e-09
5.3500e+03,3.8325e-09
5.3600e+03,3.8295e-09
5.3700e+03,3.8420e-09
5.3800e+03,3.8500e-09
5.3900e+03,3.8058e-09
5.4000e+03,3.7652e-09
5.4100e+03,3.7225e-09
5.4200e+03,3.8343e-09
5.4300e+03,3.8054e-09
5.4400e+03,3.8098e-09
5.4500e+03,3.8069e-09
5.4600e+03,3.7930e-09
5.4700e+03,3.6768e-09
5.4800e+03,3.6709e-09
5.4900e+03,3.6199e-09
5.5000e+03,3.7309e-09
5.5100e+03,3.7353e-09
5.5200e+03,3.7327e-09
5.5300e+03,3.7298e-09
5.5400e+03,3.6772e-09
5.5500e+03,3.6355e-09
5.5600e+03,3.6259e-09
5.5700e+03,3.6658e-09
5.5800e+03,3.6176e-09
5.5900e+03,3.6011e-09
5.6000e+03,3.5988e-09
5.6100e+03,3.5616e-09
5.6200e+03,3.5281e-09
5.6300e+03,3.5156e-09
5.6400e+03,3.5031e-09
5.6500e+03,3.4907e-09
5.6600e+03,3.4852e-09
5.6700e+03,3.4187e-09
5.6800e+03,3.4203e-09
5.6900e+03,3.4723e-09
5.7000e+03,3.4433e-09
5.7100e+03,3.3979e-09
5.7200e+03,3.3924e-09
5.7300e+03,3.3873e-09
5.7400e+03,3.3592e-09
5.7600e+03,3.3094e-09
5.7800e+03,3.2560e-09
5.8000e+03,3.2039e-09
5.8200e+03,3.1522e-09
5.8400e+03,3.1018e-09
5.8600e+03,3.0517e-09
5.8800e+03,3.0021e-09
5.9000e+03,2.9532e-09
5.9200e+03,2.9049e-09
5.9400e+03,2.8571e-09
5.9600e+03,2.8102e-09
5.9800e+03,2.7624e-09
6.0000e+03,2.6871e-09
6.0200e+03,2.7859e-09
6.0400e+03,2.8308e-09
6.0600e+03,2.8422e-09
6.0800e+03,2.8153e-09
6.1000e+03,2.8007e-09
6.1200e+03,2.8104e-09
6.1400e+03,2.7303e-09
6.1600e+03,2.7092e-09
6.1800e+03,2.7017e-09
6.2000e+03,2.6561e-09
6.2200e+03,2.6566e-09
6.2400e+03,2.6106e-09
6.2600e+03,2.5834e-09
6.2800e+03,2.5705e-09
6.3000e+03,2.5451e-09
6.3200e+03,2.5491e-09
6.3400e+03,2.4731e-09
6.3600e+03,2.4419e-09
6.3800e+03,2.4548e-09
6.4000e+03,2.4590e-09
6.4200e+03,2.4384e-09
6.4400e+03,2.4125e-09
6.4600e+03,2.3871e-09
6.4800e+03,2.3450e-09
6.5000e+03,2.3119e-09
6.5200e+03,2.3073e-09
6.5400e+03,2.2281e-09
6.5600e+03,1.8521e-09
6.5800e+03,1.8692e-09
6.6000e+03,2.1675e-09
6.6200e+03,2.2503e-09
6.6400e+03,2.2408e-09
6.6600e+03,2.1970e-09
6.6800e+03,2.2049e-09
6.7000e+03,2.1486e-09
6.7200e+03,2.1533e-09
6.7400e+03,2.1427e-09
6.7600e+03,2.1374e-09
6.7800e+03,2.1539e-09
6.8000e+03,2.1645e-09
6.8200e+03,2.0996e-09
6.8400e+03,2.1816e-09
6.8600e+03,2.0973e-09
6.8800e+03,2.0136e-09
6.9000e+03,1.9897e-09
6.9200e+03,2.0075e-09
6.9400e+03,2.0187e-09
6.9600e+03,1.9920e-09
6.9800e+03,1.9842e-09
7.0000e+03,1.9418e-09
7.0200e+03,1.9279e-09
7.0400e+03,1.9185e-09
7.0600e+03,1.8844e-09
7.0800e+03,1.8814e-09
7.1000e+03,1.8740e-09
7.1200e+03,1.8663e-09
7.1400e+03,1.8541e-09
7.1600e+03,1.9160e-09
7.1800e+03,1.9194e-09
7.2000e+03,1.8088e-09
7.2200e+03,1.7803e-09
7.2400e+03,1.7916e-09
7.2600e+03,1.7493e-09
7.2800e+03,1.7416e-09
7.3000e+03,1.7508e-09
7.3200e+03,1.7392e-09
7.3400e+03,1.7029e-09
7.3600e+03,1.7058e-09
7.3800e+03,1.7084e-09
7.4000e+03,1.6894e-09
7.4200e+03,1.6475e-09
7.4400e+03,1.6398e-09
7.4600e+03,1.6486e-09
7.4800e+03,1.6119e-09
7.5000e+03,1.6043e-09
7.5200e+03,1.5980e-09
7.5400e+03,1.5779e-09
7.5600e+03,1.5353e-09
7.5800e+03,1.6808e-09
7.6000e+03,1.5010e-09
7.6200e+03,1.3606e-09
7.6400e+03,1.4306e-09
7.6600e+03,1.4552e-09
7.6800e+03,1.3834e-09
7.7000e+03,1.5082e-09
7.7200e+03,1.5012e-09
7.7400e+03,1.5144e-09
7.7600e+03,1.4412e-09
7.7800e+03,1.4617e-09
7.8000e+03,1.4581e-09
7.8200e+03,1.4612e-09
7.8400e+03,1.4955e-09
7.8600e+03,1.4716e-09
7.8800e+03,1.4808e-09
7.9000e+03,1.4365e-09
7.9200e+03,1.3970e-09
7.9400e+03,1.4059e-09
7.9600e+03,1.4144e-09
7.9800e+03,1.3766e-09
8.0000e+03,1.3692e-09
8.0200e+03,1.3906e-09
8.0400e+03,1.3493e-09
8.0600e+03,1.3676e-09
8.0800e+03,1.3494e-09
8.1000e+03,1.3651e-09
8.1200e+03,1.3552e-09
8.1400e+03,1.3741e-09
8.1600e+03,1.3070e-09
8.1800e+03,1.2662e-09
8.2000e+03,1.3177e-09
8.2200e+03,1.2789e-09
8.2400e+03,1.2131e-09
8.2600e+03,1.2607e-09
8.2800e+03,1.2234e-09
8.3000e+03,1.2669e-09
8.3200e+03,1.1856e-09
8.3400e+03,1.2347e-09
8.3600e+03,1.1943e-09
8.3800e+03,1.2324e-09
8.4000e+03,1.2628e-09
8.4200e+03,1.2339e-09
8.4400e+03,1.1921e-09
8.4600e+03,1.1580e-09
8.4800e+03,1.2175e-09
8.5000e+03,1.1730e-09
8.5200e+03,1.1601e-09
8.5400e+03,1.1626e-09
8.5600e+03,1.1723e-09
8.5800e+03,1.2373e-09
8.6000e+03,1.1250e-09
8.6200e+03,1.0771e-09
8.6400e+03,1.2374e-09
8.6600e+03,1.0964e-09
8.6800e+03,1.0738e-09
8.7000e+03,1.1995e-09
8.7200e+03,1.2461e-09
8.7400e+03,1.0893e-09
8.7600e+03,1.0446e-09
8.7800e+03,1.2033e-09
8.8000e+03,1.1802e-09
8.8200e+03,1.2059e-09
8.8400e+03,1.1548e-09
8.8600e+03,9.8117e-10
8.8800e+03,9.2884e-10
8.9000e+03,1.1233e-09
8.9200e+03,1.1438e-09
8.9400e+03,1.2271e-09
8.9600e+03,1.1575e-09
8.9800e+03,1.1497e-09
9.0000e+03,1.0249e-09
9.0200e+03,9.1869e-10
9.0400e+03,1.0697e-09
9.0600e+03,1.0726e-09
9.0800e+03,1.0401e-09
9.1000e+03,1.0845e-09
9.1200e+03,1.0786e-09
9.1400e+03,1.0852e-09
9.1600e+03,1.0483e-09
9.1800e+03,1.0761e-09
9.2000e+03,1.0779e-09
9.2200e+03,9.0860e-10
9.2400e+03,8.3738e-10
9.2600e+03,9.8212e-10
9.2800e+03,1.0930e-09
9.3000e+03,1.0627e-09
9.3200e+03,1.2034e-09
9.3400e+03,1.0760e-09
9.3600e+03,9.5037e-10
9.3800e+03,1.0554e-09
9.4000e+03,1.0368e-09
9.4200e+03,9.7913e-10
9.4400e+03,9.8176e-10
9.4600e+03,9.7196e-10
9.4800e+03,9.0867e-10
9.5000e+03,9.8198e-10
9.5200e+03,9.9261e-10
9.5400e+03,8.5013e-10
9.5600e+03,8.6968e-10
9.5800e+03,8.4568e-10
9.6000e+03,8.8145e-10
9.6200e+03,9.0878e-10
9.6400e+03,9.5625e-10
9.6600e+03,9.2979e-10
9.6800e+03,9.3166e-10
9.7000e+03,9.1061e-10
9.7200e+03,9.3608e-10
9.7400e+03,9.1551e-10
9.7600e+03,9.2267e-10
9.7800e+03,9.2497e-10
9.8000e+03,8.9669e-10
9.8200e+03,8.8668e-10
9.8400e+03,9.3476e-10
9.8600e+03,9.1923e-10
9.8800e+03,8.5094e-10
9.9000e+03,8.8850e-10
9.9200e+03,8.8558e-10
9.9400e+03,8.5032e-10
9.9600e+03,8.6954e-10
9.9800e+03,8.4341e-10
1.0000e+04,8.2715e-10
1.0020e+04,8.2960e-10
1.0040e+04,7.5527e-10
1.0060e+04,7.1833e-10
1.0080e+04,7.4705e-10
1.0100e+04,8.2920e-10
1.0120e+04,7.8732e-10
1.0140e+04,8.0808e-10
1.0160e+04,8.2357e-10
1.0180e+04,7.7416e-10
1.0200e+04,8.0037e-10
1.0220e+04,7.6496e-10
1.0240e+04,7.5279e-10
1.0260e+04,8.2181e-10
1.0280e+04,7.2480e-10
1.0300e+04,7.5067e-10
1.0320e+04,7.7387e-10
1.0340e+04,7.8378e-10
1.0360e+04,7.6547e-10
1.0380e+04,7.2074e-10
1.0400e+04,7.4683e-10
1.0420e+04,7.5717e-10
1.0440e+04,7.1581e-10
1.0460e+04,7.2158e-10
1.0480e+04,7.0905e-10
1.0500e+04,6.6385e-10
1.0520e+04,7.2264e-10
1.0540e+04,7.0101e-10
1.0560e+04,7.1237e-10
1.0580e+04,6.8690e-10
1.0600e+04,7.0017e-10
1.0800e+04,6.6407e-10
1.1000e+04,6.2778e-10
1.1200e+04,5.9175e-10
1.1400e+04,5.5652e-10
1.1600e+04,5.2243e-10
1.1800e+04,4.8976e-10
1.2000e+04,4.5878e-10
1.2200e+04,4.2958e-10
1.2400e+04,4.0228e-10
1.2600e+04,3.8018e-10
1.2800e+04,3.4415e-10
1.3000e+04,3.4213e-10
1.3200e+04,3.2585e-10
1.3400e+04,3.0957e-10
1.3600e+04,2.9404e-10
1.3800e+04,2.7988e-10
1.4000e+04,2.6710e-10
1.4200e+04,2.5462e-10
1.4400e+04,2.4215e-10
1.4600e+04,2.3180e-10
1.4800e+04,2.2144e-10
1.5000e+04,2.1110e-10
1.5200e+04,2.0181e-10
1.5400e+04,1.9264e-10
1.5600e+04,1.8479e-10
1.5800e+04,1.7806e-10
1.6000e+04,1.7288e-10
1.6200e+04,1.6482e-10
1.6400e+04,1.5722e-10
1.6600e+04,1.5324e-10
1.6800e+04,1.4245e-10
1.7000e+04,1.4003e-10
1.7200e+04,1.3536e-10
1.7400e+04,1.2663e-10
1.7600e+04,1.2415e-10
1.7800e+04,1.2054e-10
1.8000e+04,1.1554e-10
1.8200e+04,1.0707e-10
1.8400e+04,1.0630e-10
1.8600e+04,1.0267e-10
1.8800e+04,9.4792e-11
1.9000e+04,9.4997e-11
1.9200e+04,9.1415e-11
1.9400e+04,8.6424e-11
1.9600e+04,8.4411e-11
1.9800e+04,8.2291e-11
2.0000e+04,7.8801e-11
2.0200e+04,7.5955e-11
2.0400e+04,7.3214e-11
2.0600e+04,7.0517e-11
2.0800e+04,6.8095e-11
2.1000e+04,6.5566e-11
2.1200e+04,6.3249e-11
2.1400e+04,6.1115e-11
2.1600e+04,5.7224e-11
2.1800e+04,5.6153e-11
2.2000e+04,5.5192e-11
2.2200e+04,5.3442e-11
2.2400e+04,5.1735e-11
2.2600e+04,5.0091e-11
2.2800e+04,4.8552e-11
2.3000e+04,4.7120e-11
2.3200e+04,4.5688e-11
2.3400e+04,4.4317e-11
2.3600e+04,4.3009e-11
2.3800e+04,4.1679e-11
2.4000e+04,4.0418e-11
2.4200e+04,3.9322e-11
2.4400e+04,3.8054e-11
2.4600e+04,3.7005e-11
2.4800e+04,3.5908e-11
2.5000e+04,3.4855e-11
2.5200e+04,3.3821e-11
2.5400e+04,3.2830e-11
2.5600e+04,3.1840e-11
