# wavelength, f_lambda
2.2900e+02,0.0000e+00
2.3400e+02,0.0000e+00
2.4300e+02,0.0000e+00
2.5200e+02,0.0000e+00
2.5600e+02,0.0000e+00
2.6000e+02,0.0000e+00
2.6600e+02,0.0000e+00
2.7500e+02,0.0000e+00
2.8300e+02,0.0000e+00
2.9300e+02,0.0000e+00
3.0100e+02,0.0000e+00
3.0900e+02,0.0000e+00
3.2500e+02,0.0000e+00
3.4200e+02,0.0000e+00
3.5100e+02,0.0000e+00
3.5600e+02,0.0000e+00
3.6500e+02,0.0000e+00
3.7500e+02,0.0000e+00
3.8400e+02,0.0000e+00
4.0000e+02,0.0000e+00
4.1500e+02,0.0000e+00
4.2500e+02,0.0000e+00
4.4500e+02,0.0000e+00
4.7200e+02,0.0000e+00
4.9400e+02,0.0000e+00
5.0600e+02,5.1519e-20
5.1600e+02,9.3688e-20
5.4000e+02,3.3847e-19
5.6400e+02,1.0983e-18
5.8700e+02,3.0970e-18
6.1200e+02,8.8580e-18
6.4000e+02,2.6367e-17
6.7100e+02,7.9638e-17
7.0500e+02,2.4149e-16
7.3600e+02,6.1027e-16
7.7000e+02,1.5515e-15
8.1000e+02,4.2088e-15
8.5000e+02,1.0380e-14
8.9000e+02,2.3527e-14
9.2000e+02,1.3913e-12
9.4000e+02,7.1819e-12
9.6200e+02,3.8407e-11
9.8700e+02,5.1224e-10
1.0120e+03,4.5919e-10
1.0370e+03,4.8874e-10
1.0620e+03,1.5728e-09
1.0870e+03,1.6339e-09
1.1120e+03,9.2345e-09
1.1200e+03,9.8150e-09
1.1400e+03,1.0079e-08
1.1600e+03,1.0361e-08
1.1800e+03,7.4129e-09
1.2000e+03,2.9434e-09
1.2200e+03,6.1137e-10
1.2400e+03,4.7276e-09
1.2600e+03,9.1247e-09
1.2800e+03,1.1893e-08
1.3000e+03,1.1097e-08
1.3200e+03,1.3107e-08
1.3400e+03,1.3563e-08
1.3600e+03,1.3815e-08
1.3800e+03,1.3358e-08
1.4000e+03,1.3149e-08
1.4200e+03,1.3400e-08
1.4400e+03,1.3270e-08
1.4600e+03,1.4945e-08
1.4800e+03,1.3735e-08
1.5000e+03,1.4443e-08
1.5200e+03,1.4615e-08
1.5400e+03,1.3903e-08
1.5600e+03,1.3857e-08
1.5800e+03,1.2642e-08
1.6000e+03,1.2521e-08
1.6200e+03,1.1055e-08
1.6400e+03,1.0762e-08
1.6600e+03,1.0339e-08
1.6800e+03,1.0590e-08
1.7000e+03,1.0548e-08
1.7200e+03,9.7990e-09
1.7400e+03,9.9620e-09
1.7600e+03,1.0092e-08
1.7800e+03,1.0134e-08
1.8000e+03,1.0632e-08
1.8200e+03,9.8405e-09
1.8400e+03,9.0032e-09
1.8600e+03,8.9613e-09
1.8800e+03,8.9193e-09
1.9000e+03,8.7103e-09
1.9200e+03,8.4589e-09
1.9400e+03,8.4965e-09
1.9600e+03,8.5804e-09
1.9800e+03,8.0400e-09
2.0000e+03,7.6592e-09
2.0025e+03,7.6223e-09
2.0050e+03,7.5858e-09
2.0075e+03,7.5490e-09
2.0100e+03,7.5125e-09
2.0125e+03,7.4760e-09
2.0150e+03,7.4392e-09
2.0175e+03,7.4027e-09
2.0200e+03,7.3658e-09
2.0225e+03,7.3607e-09
2.0250e+03,7.3552e-09
2.0275e+03,7.3501e-09
2.0300e+03,7.3450e-09
2.0325e+03,7.3399e-09
2.0350e+03,7.3344e-09
2.0375e+03,7.3293e-09
2.0400e+03,7.3239e-09
2.0425e+03,7.2717e-09
2.0450e+03,7.2195e-09
2.0475e+03,7.1670e-09
2.0500e+03,7.1148e-09
2.0525e+03,7.0623e-09
2.0550e+03,7.0101e-09
2.0575e+03,6.9576e-09
2.0600e+03,6.9054e-09
2.0625e+03,6.8744e-09
2.0650e+03,6.8434e-09
2.0675e+03,6.8127e-09
2.0700e+03,6.7817e-09
2.0725e+03,6.7507e-09
2.0750e+03,6.7200e-09
2.0775e+03,6.6890e-09
2.0800e+03,6.6580e-09
2.0825e+03,6.6682e-09
2.0850e+03,6.6781e-09
2.0875e+03,6.6879e-09
2.0900e+03,6.6982e-09
2.0925e+03,6.7080e-09
2.0950e+03,6.7179e-09
2.0975e+03,6.7277e-09
2.1000e+03,6.7379e-09
2.1025e+03,6.7332e-09
2.1050e+03,6.7284e-09
2.1075e+03,6.7237e-09
2.1100e+03,6.7189e-09
2.1125e+03,6.7142e-09
2.1150e+03,6.7095e-09
2.1175e+03,6.7047e-09
2.1200e+03,6.7000e-09
2.1225e+03,6.6682e-09
2.1250e+03,6.6361e-09
2.1275e+03,6.6044e-09
2.1300e+03,6.5723e-09
2.1325e+03,6.5405e-09
2.1350e+03,6.5084e-09
2.1375e+03,6.4767e-09
2.1400e+03,6.4446e-09
2.1425e+03,6.4398e-09
2.1450e+03,6.4351e-09
2.1475e+03,6.4304e-09
2.1500e+03,6.4260e-09
2.1525e+03,6.4212e-09
2.1550e+03,6.4165e-09
2.1575e+03,6.4118e-09
2.1600e+03,6.4070e-09
2.1625e+03,6.3702e-09
2.1650e+03,6.3337e-09
2.1675e+03,6.2972e-09
2.1700e+03,6.2603e-09
2.1725e+03,6.2239e-09
2.1750e+03,6.1870e-09
2.1775e+03,6.1505e-09
2.1800e+03,6.1137e-09
2.1825e+03,6.1027e-09
2.1850e+03,6.0918e-09
2.1875e+03,6.0808e-09
2.1900e+03,6.0699e-09
2.1925e+03,6.0589e-09
2.1950e+03,6.0480e-09
2.1975e+03,6.0367e-09
2.2000e+03,6.0257e-09
2.2025e+03,6.0002e-09
2.2050e+03,5.9747e-09
2.2075e+03,5.9491e-09
2.2100e+03,5.9232e-09
2.2125e+03,5.8977e-09
2.2150e+03,5.8721e-09
2.2175e+03,5.8462e-09
2.2200e+03,5.8207e-09
2.2225e+03,5.8050e-09
2.2250e+03,5.7893e-09
2.2275e+03,5.7736e-09
2.2300e+03,5.7580e-09
2.2325e+03,5.7423e-09
2.2350e+03,5.7266e-09
2.2375e+03,5.7109e-09
2.2400e+03,5.6952e-09
2.2425e+03,5.6474e-09
2.2450e+03,5.6000e-09
2.2475e+03,5.5522e-09
2.2500e+03,5.5044e-09
2.2525e+03,5.4570e-09
2.2550e+03,5.4092e-09
2.2575e+03,5.3617e-09
2.2600e+03,5.3139e-09
2.2625e+03,5.3296e-09
2.2650e+03,5.3453e-09
2.2675e+03,5.3610e-09
2.2700e+03,5.3767e-09
2.2725e+03,5.3924e-09
2.2750e+03,5.4081e-09
2.2775e+03,5.4241e-09
2.2800e+03,5.4398e-09
2.2825e+03,5.4296e-09
2.2850e+03,5.4197e-09
2.2875e+03,5.4099e-09
2.2900e+03,5.3997e-09
2.2925e+03,5.3898e-09
2.2950e+03,5.3800e-09
2.2975e+03,5.3701e-09
2.3000e+03,5.3599e-09
2.3025e+03,5.3333e-09
2.3050e+03,5.3066e-09
2.3075e+03,5.2800e-09
2.3100e+03,5.2534e-09
2.3125e+03,5.2267e-09
2.3150e+03,5.1997e-09
2.3175e+03,5.1731e-09
2.3200e+03,5.1465e-09
2.3225e+03,5.1100e-09
2.3250e+03,5.0731e-09
2.3275e+03,5.0367e-09
2.3300e+03,4.9998e-09
2.3325e+03,4.9633e-09
2.3350e+03,4.9268e-09
2.3375e+03,4.8900e-09
2.3400e+03,4.8535e-09
2.3425e+03,4.8323e-09
2.3450e+03,4.8116e-09
2.3475e+03,4.7904e-09
2.3500e+03,4.7696e-09
2.3525e+03,4.7488e-09
2.3550e+03,4.7276e-09
2.3575e+03,4.7068e-09
2.3600e+03,4.6857e-09
2.3625e+03,4.6656e-09
2.3650e+03,4.6452e-09
2.3675e+03,4.6248e-09
2.3700e+03,4.6043e-09
2.3725e+03,4.5839e-09
2.3750e+03,4.5635e-09
2.3775e+03,4.5430e-09
2.3800e+03,4.5226e-09
2.3825e+03,4.5018e-09
2.3850e+03,4.4806e-09
2.3875e+03,4.4598e-09
2.3900e+03,4.4387e-09
2.3925e+03,4.4179e-09
2.3950e+03,4.3967e-09
2.3975e+03,4.3759e-09
2.4000e+03,4.3551e-09
2.4025e+03,4.3916e-09
2.4050e+03,4.4285e-09
2.4075e+03,4.4649e-09
2.4100e+03,4.5018e-09
2.4125e+03,4.5383e-09
2.4150e+03,4.5748e-09
2.4175e+03,4.6116e-09
2.4200e+03,4.6481e-09
2.4225e+03,4.6430e-09
2.4250e+03,4.6375e-09
2.4275e+03,4.6324e-09
2.4300e+03,4.6273e-09
2.4325e+03,4.6218e-09
2.4350e+03,4.6167e-09
2.4375e+03,4.6116e-09
2.4400e+03,4.6061e-09
2.4425e+03,4.6061e-09
2.4450e+03,4.6061e-09
2.4475e+03,4.6061e-09
2.4500e+03,4.6061e-09
2.4525e+03,4.6061e-09
2.4550e+03,4.6061e-09
2.4575e+03,4.6061e-09
2.4600e+03,4.6061e-09
2.4625e+03,4.6007e-09
2.4650e+03,4.5948e-09
2.4675e+03,4.5890e-09
2.4700e+03,4.5832e-09
2.4725e+03,4.5777e-09
2.4750e+03,4.5718e-09
2.4775e+03,4.5660e-09
2.4800e+03,4.5602e-09
2.4825e+03,4.5759e-09
2.4850e+03,4.5915e-09
2.4875e+03,4.6072e-09
2.4900e+03,4.6229e-09
2.4925e+03,4.6386e-09
2.4950e+03,4.6543e-09
2.4975e+03,4.6700e-09
2.5000e+03,4.6857e-09
2.5025e+03,4.6656e-09
2.5050e+03,4.6452e-09
2.5075e+03,4.6248e-09
2.5100e+03,4.6043e-09
2.5125e+03,4.5839e-09
2.5150e+03,4.5635e-09
2.5175e+03,4.5430e-09
2.5200e+03,4.5226e-09
2.5225e+03,4.4861e-09
2.5250e+03,4.4493e-09
2.5275e+03,4.4128e-09
2.5300e+03,4.3759e-09
2.5325e+03,4.3394e-09
2.5350e+03,4.3026e-09
2.5375e+03,4.2661e-09
2.5400e+03,4.2293e-09
2.5425e+03,4.2398e-09
2.5450e+03,4.2504e-09
2.5475e+03,4.2610e-09
2.5500e+03,4.2712e-09
2.5525e+03,4.2818e-09
2.5550e+03,4.2924e-09
2.5575e+03,4.3026e-09
2.5600e+03,4.3132e-09
2.5625e+03,4.3394e-09
2.5650e+03,4.3653e-09
2.5675e+03,4.3916e-09
2.5700e+03,4.4179e-09
2.5725e+03,4.4442e-09
2.5750e+03,4.4701e-09
2.5775e+03,4.4963e-09
2.5800e+03,4.5226e-09
2.5825e+03,4.5116e-09
2.5850e+03,4.5007e-09
2.5875e+03,4.4894e-09
2.5900e+03,4.4784e-09
2.5925e+03,4.4675e-09
2.5950e+03,4.4566e-09
2.5975e+03,4.4456e-09
2.6000e+03,4.4347e-09
2.6025e+03,4.4248e-09
2.6050e+03,4.4146e-09
2.6075e+03,4.4048e-09
2.6100e+03,4.3949e-09
2.6125e+03,4.3850e-09
2.6150e+03,4.3748e-09
2.6175e+03,4.3650e-09
2.6200e+03,4.3551e-09
2.6225e+03,4.3650e-09
2.6250e+03,4.3748e-09
2.6275e+03,4.3850e-09
2.6300e+03,4.3949e-09
2.6325e+03,4.4048e-09
2.6350e+03,4.4146e-09
2.6375e+03,4.4248e-09
2.6400e+03,4.4347e-09
2.6425e+03,4.4562e-09
2.6450e+03,4.4774e-09
2.6475e+03,4.4989e-09
2.6500e+03,4.5204e-09
2.6525e+03,4.5419e-09
2.6550e+03,4.5635e-09
2.6575e+03,4.5850e-09
2.6600e+03,4.6061e-09
2.6625e+03,4.5905e-09
2.6650e+03,4.5748e-09
2.6675e+03,4.5591e-09
2.6700e+03,4.5434e-09
2.6725e+03,4.5277e-09
2.6750e+03,4.5120e-09
2.6775e+03,4.4963e-09
2.6800e+03,4.4806e-09
2.6825e+03,4.4748e-09
2.6850e+03,4.4693e-09
2.6875e+03,4.4635e-09
2.6900e+03,4.4577e-09
2.6925e+03,4.4518e-09
2.6950e+03,4.4460e-09
2.6975e+03,4.4405e-09
2.7000e+03,4.4347e-09
2.7025e+03,4.4193e-09
2.7050e+03,4.4044e-09
2.7075e+03,4.3891e-09
2.7100e+03,4.3737e-09
2.7125e+03,4.3588e-09
2.7150e+03,4.3435e-09
2.7175e+03,4.3285e-09
2.7200e+03,4.3132e-09
2.7225e+03,4.3026e-09
2.7250e+03,4.2924e-09
2.7275e+03,4.2818e-09
2.7300e+03,4.2712e-09
2.7325e+03,4.2610e-09
2.7350e+03,4.2504e-09
2.7375e+03,4.2398e-09
2.7400e+03,4.2293e-09
2.7425e+03,4.1990e-09
2.7450e+03,4.1687e-09
2.7475e+03,4.1384e-09
2.7500e+03,4.1081e-09
2.7525e+03,4.0775e-09
2.7550e+03,4.0472e-09
2.7575e+03,4.0169e-09
2.7600e+03,3.9866e-09
2.7625e+03,4.0169e-09
2.7650e+03,4.0472e-09
2.7675e+03,4.0775e-09
2.7700e+03,4.1081e-09
2.7725e+03,4.1384e-09
2.7750e+03,4.1687e-09
2.7775e+03,4.1990e-09
2.7800e+03,4.2293e-09
2.7825e+03,4.1588e-09
2.7850e+03,4.0881e-09
2.7875e+03,4.0173e-09
2.7900e+03,3.9465e-09
2.7925e+03,3.8757e-09
2.7950e+03,3.8049e-09
2.7975e+03,3.7345e-09
2.8000e+03,3.6638e-09
2.8025e+03,3.7345e-09
2.8050e+03,3.8049e-09
2.8075e+03,3.8757e-09
2.8100e+03,3.9465e-09
2.8125e+03,4.0173e-09
2.8150e+03,4.0881e-09
2.8175e+03,4.1588e-09
2.8200e+03,4.2293e-09
2.8225e+03,4.2147e-09
2.8250e+03,4.2001e-09
2.8275e+03,4.1855e-09
2.8300e+03,4.1709e-09
2.8325e+03,4.1563e-09
2.8350e+03,4.1413e-09
2.8375e+03,4.1267e-09
2.8400e+03,4.1121e-09
2.8425e+03,4.0950e-09
2.8450e+03,4.0775e-09
2.8475e+03,4.0603e-09
2.8500e+03,4.0428e-09
2.8525e+03,4.0257e-09
2.8550e+03,4.0082e-09
2.8575e+03,3.9910e-09
2.8600e+03,3.9735e-09
2.8625e+03,3.9699e-09
2.8650e+03,3.9662e-09
2.8675e+03,3.9626e-09
2.8700e+03,3.9593e-09
2.8725e+03,3.9556e-09
2.8750e+03,3.9520e-09
2.8775e+03,3.9483e-09
2.8800e+03,3.9447e-09
2.8825e+03,3.9498e-09
2.8850e+03,3.9553e-09
2.8875e+03,3.9604e-09
2.8900e+03,3.9655e-09
2.8925e+03,3.9710e-09
2.8950e+03,3.9761e-09
2.8975e+03,3.9812e-09
2.9000e+03,3.9866e-09
2.9025e+03,3.9914e-09
2.9050e+03,3.9958e-09
2.9075e+03,4.0005e-09
2.9100e+03,4.0052e-09
2.9125e+03,4.0100e-09
2.9150e+03,4.0144e-09
2.9175e+03,4.0191e-09
2.9200e+03,4.0239e-09
2.9225e+03,4.0074e-09
2.9250e+03,3.9914e-09
2.9275e+03,3.9753e-09
2.9300e+03,3.9589e-09
2.9325e+03,3.9429e-09
2.9350e+03,3.9264e-09
2.9375e+03,3.9104e-09
2.9400e+03,3.8940e-09
2.9425e+03,3.8911e-09
2.9450e+03,3.8878e-09
2.9475e+03,3.8845e-09
2.9500e+03,3.8816e-09
2.9525e+03,3.8783e-09
2.9550e+03,3.8750e-09
2.9575e+03,3.8721e-09
2.9600e+03,3.8688e-09
2.9625e+03,3.8564e-09
2.9650e+03,3.8440e-09
2.9675e+03,3.8312e-09
2.9700e+03,3.8188e-09
2.9725e+03,3.8064e-09
2.9750e+03,3.7936e-09
2.9775e+03,3.7812e-09
2.9800e+03,3.7688e-09
2.9825e+03,3.7728e-09
2.9850e+03,3.7772e-09
2.9875e+03,3.7812e-09
2.9900e+03,3.7856e-09
2.9925e+03,3.7896e-09
2.9950e+03,3.7940e-09
2.9975e+03,3.7980e-09
3.0000e+03,3.8024e-09
3.0025e+03,3.8090e-09
3.0050e+03,3.8159e-09
3.0075e+03,3.8225e-09
3.0100e+03,3.8294e-09
3.0125e+03,3.8360e-09
3.0150e+03,3.8429e-09
3.0175e+03,3.8495e-09
3.0200e+03,3.8564e-09
3.0225e+03,3.8586e-09
3.0250e+03,3.8608e-09
3.0275e+03,3.8626e-09
3.0300e+03,3.8648e-09
3.0325e+03,3.8670e-09
3.0350e+03,3.8692e-09
3.0375e+03,3.8713e-09
3.0400e+03,3.8735e-09
3.0425e+03,3.8655e-09
3.0450e+03,3.8575e-09
3.0475e+03,3.8498e-09
3.0500e+03,3.8418e-09
3.0525e+03,3.8338e-09
3.0550e+03,3.8261e-09
3.0575e+03,3.8181e-09
3.0600e+03,3.8104e-09
3.0625e+03,3.8086e-09
3.0650e+03,3.8071e-09
3.0675e+03,3.8057e-09
3.0700e+03,3.8039e-09
3.0725e+03,3.8024e-09
3.0750e+03,3.8009e-09
3.0775e+03,3.7991e-09
3.0800e+03,3.7977e-09
3.0825e+03,3.7987e-09
3.0850e+03,3.7998e-09
3.0875e+03,3.8009e-09
3.0900e+03,3.8020e-09
3.0925e+03,3.8028e-09
3.0950e+03,3.8039e-09
3.0975e+03,3.8049e-09
3.1000e+03,3.8060e-09
3.1025e+03,3.8039e-09
3.1050e+03,3.8020e-09
3.1075e+03,3.7998e-09
3.1100e+03,3.7980e-09
3.1125e+03,3.7958e-09
3.1150e+03,3.7936e-09
3.1175e+03,3.7918e-09
3.1200e+03,3.7896e-09
3.1225e+03,3.7849e-09
3.1250e+03,3.7805e-09
3.1275e+03,3.7758e-09
3.1300e+03,3.7710e-09
3.1325e+03,3.7663e-09
3.1350e+03,3.7615e-09
3.1375e+03,3.7568e-09
3.1400e+03,3.7520e-09
3.1425e+03,3.7473e-09
3.1450e+03,3.7426e-09
3.1475e+03,3.7378e-09
3.1500e+03,3.7331e-09
3.1525e+03,3.7283e-09
3.1550e+03,3.7236e-09
3.1575e+03,3.7188e-09
3.1600e+03,3.7137e-09
3.1625e+03,3.7094e-09
3.1650e+03,3.7046e-09
3.1675e+03,3.6999e-09
3.1700e+03,3.6951e-09
3.1725e+03,3.6904e-09
3.1750e+03,3.6856e-09
3.1775e+03,3.6809e-09
3.1800e+03,3.6762e-09
3.1825e+03,3.6721e-09
3.1850e+03,3.6681e-09
3.1875e+03,3.6638e-09
3.1900e+03,3.6597e-09
3.1925e+03,3.6557e-09
3.1950e+03,3.6513e-09
3.1975e+03,3.6473e-09
3.2000e+03,3.6432e-09
3.2025e+03,3.6369e-09
3.2050e+03,3.6306e-09
3.2075e+03,3.6243e-09
3.2100e+03,3.6180e-09
3.2125e+03,3.6118e-09
3.2150e+03,3.6055e-09
3.2175e+03,3.5992e-09
3.2200e+03,3.5929e-09
3.2225e+03,3.5919e-09
3.2250e+03,3.5908e-09
3.2275e+03,3.5898e-09
3.2300e+03,3.5887e-09
3.2325e+03,3.5877e-09
3.2350e+03,3.5866e-09
3.2375e+03,3.5856e-09
3.2400e+03,3.5845e-09
3.2600e+03,3.6711e-09
3.2700e+03,3.4533e-09
3.2800e+03,3.4141e-09
3.2900e+03,3.4559e-09
3.3000e+03,3.5511e-09
3.3100e+03,3.4500e-09
3.3200e+03,3.4431e-09
3.3300e+03,3.4116e-09
3.3400e+03,3.2876e-09
3.3500e+03,3.3710e-09
3.3600e+03,3.4177e-09
3.3700e+03,3.2850e-09
3.3800e+03,3.3764e-09
3.3900e+03,3.3204e-09
3.4000e+03,3.3623e-09
3.4100e+03,3.3707e-09
3.4200e+03,3.4219e-09
3.4300e+03,3.3816e-09
3.4400e+03,3.3002e-09
3.4500e+03,3.3379e-09
3.4600e+03,3.3533e-09
3.4700e+03,3.3031e-09
3.4800e+03,3.2490e-09
3.4900e+03,3.2224e-09
3.5000e+03,3.2032e-09
3.5100e+03,3.2265e-09
3.5200e+03,3.2760e-09
3.5300e+03,3.2977e-09
3.5400e+03,3.3427e-09
3.5500e+03,3.3636e-09
3.5600e+03,3.2931e-09
3.5700e+03,3.3107e-09
3.5800e+03,3.1935e-09
3.5900e+03,3.1520e-09
3.6000e+03,3.2111e-09
3.6100e+03,3.2201e-09
3.6200e+03,3.2539e-09
3.6300e+03,3.2385e-09
3.6400e+03,3.2249e-09
3.6500e+03,3.2457e-09
3.6600e+03,3.2606e-09
3.6700e+03,3.2096e-09
3.6800e+03,3.1447e-09
3.6900e+03,3.1805e-09
3.7000e+03,3.1872e-09
3.7100e+03,3.2636e-09
3.7200e+03,3.3446e-09
3.7300e+03,3.6410e-09
3.7400e+03,3.7433e-09
3.7500e+03,3.9527e-09
3.7600e+03,4.2150e-09
3.7700e+03,4.4872e-09
3.7800e+03,5.3566e-09
3.7900e+03,5.4172e-09
3.8000e+03,5.0542e-09
3.8100e+03,6.2914e-09
3.8200e+03,6.6423e-09
3.8300e+03,5.3774e-09
3.8400e+03,5.1370e-09
3.8500e+03,6.9762e-09
3.8600e+03,8.2637e-09
3.8700e+03,7.9952e-09
3.8800e+03,6.3972e-09
3.8900e+03,4.9951e-09
3.9000e+03,5.8430e-09
3.9100e+03,7.8394e-09
3.9200e+03,8.5516e-09
3.9300e+03,8.2688e-09
3.9400e+03,8.2473e-09
3.9500e+03,8.0379e-09
3.9600e+03,6.4114e-09
3.9700e+03,4.9717e-09
3.9800e+03,6.2512e-09
3.9900e+03,8.2206e-09
4.0000e+03,9.0105e-09
4.0100e+03,9.2510e-09
4.0200e+03,9.2652e-09
4.0300e+03,9.1857e-09
4.0400e+03,9.2276e-09
4.0500e+03,9.2353e-09
4.0600e+03,8.9912e-09
4.0700e+03,8.5983e-09
4.0800e+03,8.0579e-09
4.0900e+03,6.4530e-09
4.1000e+03,4.8878e-09
4.1100e+03,5.6613e-09
4.1200e+03,7.3687e-09
4.1300e+03,8.3246e-09
4.1400e+03,8.5450e-09
4.1500e+03,8.6245e-09
4.1600e+03,8.5454e-09
4.1700e+03,8.4727e-09
4.1800e+03,8.3454e-09
4.1900e+03,8.4607e-09
4.2000e+03,8.4082e-09
4.2100e+03,8.5158e-09
4.2200e+03,8.3100e-09
4.2300e+03,8.2527e-09
4.2400e+03,8.1772e-09
4.2500e+03,8.2053e-09
4.2600e+03,8.1969e-09
4.2700e+03,8.1528e-09
4.2800e+03,8.0550e-09
4.2900e+03,7.9167e-09
4.3000e+03,7.4727e-09
4.3100e+03,7.1626e-09
4.3200e+03,6.4690e-09
4.3300e+03,4.9750e-09
4.3400e+03,4.1526e-09
4.3500e+03,5.1800e-09
4.3600e+03,6.5519e-09
4.3700e+03,7.3724e-09
4.3800e+03,7.3045e-09
4.3900e+03,7.2826e-09
4.4000e+03,7.2440e-09
4.4100e+03,7.3461e-09
4.4200e+03,7.3852e-09
4.4300e+03,7.3797e-09
4.4400e+03,7.2140e-09
4.4500e+03,7.1429e-09
4.4600e+03,6.9627e-09
4.4700e+03,6.7569e-09
4.4800e+03,6.6511e-09
4.4900e+03,6.7131e-09
4.5000e+03,6.7693e-09
4.5100e+03,6.8415e-09
4.5200e+03,6.7044e-09
4.5300e+03,6.6431e-09
4.5400e+03,6.5343e-09
4.5500e+03,6.4898e-09
4.5600e+03,6.4406e-09
4.5700e+03,6.5741e-09
4.5800e+03,6.5767e-09
4.5900e+03,6.5168e-09
4.6000e+03,6.5508e-09
4.6100e+03,6.5325e-09
4.6200e+03,6.4785e-09
4.6300e+03,6.4048e-09
4.6400e+03,6.4329e-09
4.6500e+03,6.3599e-09
4.6600e+03,6.2224e-09
4.6700e+03,6.2607e-09
4.6800e+03,6.2341e-09
4.6900e+03,6.3216e-09
4.7000e+03,6.2104e-09
4.7100e+03,6.1108e-09
4.7200e+03,6.0797e-09
4.7300e+03,6.0589e-09
4.7400e+03,6.0433e-09
4.7500e+03,5.9838e-09
4.7600e+03,5.9393e-09
4.7700e+03,5.8813e-09
4.7800e+03,5.7466e-09
4.7900e+03,5.7320e-09
4.8000e+03,5.6988e-09
4.8100e+03,5.5857e-09
4.8200e+03,5.4595e-09
4.8300e+03,5.1611e-09
4.8400e+03,4.7298e-09
4.8500e+03,3.8064e-09
4.8600e+03,3.0958e-09
4.8700e+03,3.5968e-09
4.8800e+03,4.4332e-09
4.8900e+03,4.9849e-09
4.9000e+03,5.1644e-09
4.9100e+03,5.1928e-09
4.9200e+03,5.1315e-09
4.9300e+03,5.1822e-09
4.9400e+03,5.1479e-09
4.9500e+03,5.1093e-09
4.9600e+03,5.0316e-09
4.9700e+03,5.0334e-09
4.9800e+03,4.9469e-09
4.9900e+03,4.9228e-09
5.0000e+03,4.8769e-09
5.0100e+03,4.8404e-09
5.0200e+03,4.7908e-09
5.0300e+03,4.7758e-09
5.0400e+03,4.7269e-09
5.0500e+03,4.6912e-09
5.0600e+03,4.6466e-09
5.0700e+03,4.6248e-09
5.0800e+03,4.5554e-09
5.0900e+03,4.4912e-09
5.1000e+03,4.4569e-09
5.1100e+03,4.4770e-09
5.1200e+03,4.4511e-09
5.1300e+03,4.4339e-09
5.1400e+03,4.4000e-09
5.1500e+03,4.4120e-09
5.1600e+03,4.3661e-09
5.1700e+03,4.3292e-09
5.1800e+03,4.2880e-09
5.1900e+03,4.2431e-09
5.2000e+03,4.2592e-09
5.2100e+03,4.2428e-09
5.2200e+03,4.1946e-09
5.2300e+03,4.1304e-09
5.2400e+03,4.1826e-09
5.2500e+03,4.1705e-09
5.2600e+03,4.0760e-09
5.2700e+03,4.0446e-09
5.2800e+03,4.0293e-09
5.2900e+03,4.0257e-09
5.3000e+03,4.0067e-09
5.3100e+03,3.9374e-09
5.3200e+03,3.9148e-09
5.3300e+03,3.8962e-09
5.3400e+03,3.8662e-09
5.3500e+03,3.8786e-09
5.3600e+03,3.8451e-09
5.3700e+03,3.8232e-09
5.3800e+03,3.8243e-09
5.3900e+03,3.8064e-09
5.4000e+03,3.7396e-09
5.4100e+03,3.7196e-09
5.4200e+03,3.7831e-09
5.4300e+03,3.7502e-09
5.4400e+03,3.7035e-09
5.4500e+03,3.6711e-09
5.4600e+03,3.6656e-09
5.4700e+03,3.6211e-09
5.4800e+03,3.6242e-09
5.4900e+03,3.6093e-09
5.5000e+03,3.6270e-09
5.5100e+03,3.5727e-09
5.5200e+03,3.5426e-09
5.5300e+03,3.5223e-09
5.5400e+03,3.5067e-09
5.5500e+03,3.5136e-09
5.5600e+03,3.5020e-09
5.5700e+03,3.4937e-09
5.5800e+03,3.4629e-09
5.5900e+03,3.4216e-09
5.6000e+03,3.4170e-09
5.6100e+03,3.3837e-09
5.6200e+03,3.3482e-09
5.6300e+03,3.4151e-09
5.6400e+03,3.3883e-09
5.6500e+03,3.3623e-09
5.6600e+03,3.3361e-09
5.6700e+03,3.3101e-09
5.6800e+03,3.2843e-09
5.6900e+03,3.2593e-09
5.7000e+03,3.2341e-09
5.7100e+03,3.2090e-09
5.7200e+03,3.1845e-09
5.7300e+03,3.1601e-09
5.7400e+03,3.1359e-09
5.7600e+03,3.1720e-09
5.7800e+03,3.1837e-09
5.8000e+03,3.1381e-09
5.8200e+03,3.0954e-09
5.8400e+03,3.0502e-09
5.8600e+03,3.0002e-09
5.8800e+03,2.9678e-09
5.9000e+03,2.9230e-09
5.9200e+03,2.9005e-09
5.9400e+03,2.8433e-09
5.9600e+03,2.8030e-09
5.9800e+03,2.7962e-09
6.0000e+03,2.7691e-09
6.0200e+03,2.7183e-09
6.0400e+03,2.7107e-09
6.0600e+03,2.7033e-09
6.0800e+03,2.6994e-09
6.1000e+03,2.6618e-09
6.1200e+03,2.6342e-09
6.1400e+03,2.5983e-09
6.1600e+03,2.5748e-09
6.1800e+03,2.5502e-09
6.2000e+03,2.5284e-09
6.2200e+03,2.5119e-09
6.2400e+03,2.4812e-09
6.2600e+03,2.4618e-09
6.2800e+03,2.4243e-09
6.3000e+03,2.4177e-09
6.3200e+03,2.3972e-09
6.3400e+03,2.3493e-09
6.3600e+03,2.3197e-09
6.3800e+03,2.3106e-09
6.4000e+03,2.2663e-09
6.4200e+03,2.2234e-09
6.4400e+03,2.1783e-09
6.4600e+03,2.1614e-09
6.4800e+03,2.1372e-09
6.5000e+03,2.1507e-09
6.5200e+03,2.0164e-09
6.5400e+03,1.7810e-09
6.5600e+03,1.6784e-09
6.5800e+03,1.8660e-09
6.6000e+03,2.0227e-09
6.6200e+03,2.0366e-09
6.6400e+03,2.0179e-09
6.6600e+03,1.9765e-09
6.6800e+03,1.9606e-09
6.7000e+03,1.9598e-09
6.7200e+03,1.9291e-09
6.7400e+03,1.9018e-09
6.7600e+03,1.8796e-09
6.7800e+03,1.8493e-09
6.8000e+03,1.8481e-09
6.8200e+03,1.8321e-09
6.8400e+03,1.8263e-09
6.8600e+03,1.7767e-09
6.8800e+03,1.7395e-09
6.9000e+03,1.7661e-09
6.9200e+03,1.7422e-09
6.9400e+03,1.7413e-09
6.9600e+03,1.7328e-09
6.9800e+03,1.6853e-09
7.0000e+03,1.6654e-09
7.0200e+03,1.6369e-09
7.0400e+03,1.6305e-09
7.0600e+03,1.6699e-09
7.0800e+03,1.6652e-09
7.1000e+03,1.6375e-09
7.1200e+03,1.6595e-09
7.1400e+03,1.6164e-09
7.1600e+03,1.6078e-09
7.1800e+03,1.6255e-09
7.2000e+03,1.5955e-09
7.2200e+03,1.5979e-09
7.2400e+03,1.5527e-09
7.2600e+03,1.5266e-09
7.2800e+03,1.5106e-09
7.3000e+03,1.5220e-09
7.3200e+03,1.5125e-09
7.3400e+03,1.4662e-09
7.3600e+03,1.4679e-09
7.3800e+03,1.4441e-09
7.4000e+03,1.4267e-09
7.4200e+03,1.4450e-09
7.4400e+03,1.4199e-09
7.4600e+03,1.3949e-09
7.4800e+03,1.4159e-09
7.5000e+03,1.4037e-09
7.5200e+03,1.3827e-09
7.5400e+03,1.4088e-09
7.5600e+03,1.3882e-09
7.5800e+03,1.2558e-09
7.6000e+03,1.1023e-09
7.6200e+03,1.3080e-09
7.6400e+03,1.3077e-09
7.6600e+03,1.2678e-09
7.6800e+03,1.2177e-09
7.7000e+03,1.2452e-09
7.7200e+03,1.2633e-09
7.7400e+03,1.2361e-09
7.7600e+03,1.2121e-09
7.7800e+03,1.2158e-09
7.8000e+03,1.2271e-09
7.8200e+03,1.2034e-09
7.8400e+03,1.1975e-09
7.8600e+03,1.1917e-09
7.8800e+03,1.1569e-09
7.9000e+03,1.1666e-09
7.9200e+03,1.1617e-09
7.9400e+03,1.1625e-09
7.9600e+03,1.1544e-09
7.9800e+03,1.1305e-09
8.0000e+03,1.1112e-09
8.0200e+03,1.1208e-09
8.0400e+03,1.1135e-09
8.0600e+03,1.1027e-09
8.0800e+03,1.0960e-09
8.1000e+03,1.0590e-09
8.1200e+03,1.0682e-09
8.1400e+03,1.0776e-09
8.1600e+03,1.0292e-09
8.1800e+03,1.0325e-09
8.2000e+03,1.0581e-09
8.2200e+03,1.0036e-09
8.2400e+03,1.0803e-09
8.2600e+03,1.0212e-09
8.2800e+03,1.0001e-09
8.3000e+03,1.0109e-09
8.3200e+03,1.0127e-09
8.3400e+03,9.6614e-10
8.3600e+03,9.7902e-10
8.3800e+03,9.5337e-10
8.4000e+03,9.9566e-10
8.4200e+03,9.5432e-10
8.4400e+03,9.3787e-10
8.4600e+03,9.3283e-10
8.4800e+03,9.3951e-10
8.5000e+03,9.6300e-10
8.5200e+03,9.1116e-10
8.5400e+03,9.1123e-10
8.5600e+03,9.5224e-10
8.5800e+03,9.3790e-10
8.6000e+03,9.4341e-10
8.6200e+03,9.4476e-10
8.6400e+03,9.0547e-10
8.6600e+03,8.7322e-10
8.6800e+03,9.5217e-10
8.7000e+03,9.4794e-10
8.7200e+03,8.8679e-10
8.7400e+03,8.6132e-10
8.7600e+03,8.7898e-10
8.7800e+03,9.2918e-10
8.8000e+03,9.6818e-10
8.8200e+03,9.0379e-10
8.8400e+03,8.1666e-10
8.8600e+03,7.9744e-10
8.8800e+03,8.6920e-10
8.9000e+03,9.0704e-10
8.9200e+03,9.5589e-10
8.9400e+03,9.5312e-10
8.9600e+03,8.7942e-10
8.9800e+03,8.1590e-10
9.0000e+03,7.0364e-10
9.0200e+03,8.0802e-10
9.0400e+03,8.6446e-10
9.0600e+03,8.7781e-10
9.0800e+03,8.8084e-10
9.1000e+03,8.9817e-10
9.1200e+03,8.8715e-10
9.1400e+03,8.8653e-10
9.1600e+03,8.5213e-10
9.1800e+03,8.2137e-10
9.2000e+03,7.3596e-10
9.2200e+03,6.9353e-10
9.2400e+03,7.3268e-10
9.2600e+03,8.0050e-10
9.2800e+03,8.5745e-10
9.3000e+03,8.5618e-10
9.3200e+03,8.4195e-10
9.3400e+03,9.3287e-10
9.3600e+03,8.5432e-10
9.3800e+03,8.8080e-10
9.4000e+03,8.5260e-10
9.4200e+03,7.3873e-10
9.4400e+03,7.1349e-10
9.4600e+03,7.8857e-10
9.4800e+03,7.6146e-10
9.5000e+03,6.9532e-10
9.5200e+03,6.5737e-10
9.5400e+03,6.1326e-10
9.5600e+03,6.3588e-10
9.5800e+03,7.2556e-10
9.6000e+03,7.3461e-10
9.6200e+03,7.4052e-10
9.6400e+03,7.4720e-10
9.6600e+03,7.6362e-10
9.6800e+03,7.7234e-10
9.7000e+03,6.9776e-10
9.7200e+03,7.3078e-10
9.7400e+03,7.3125e-10
9.7600e+03,7.3534e-10
9.7800e+03,7.0189e-10
9.8000e+03,6.9678e-10
9.8200e+03,6.9722e-10
9.8400e+03,7.1396e-10
9.8600e+03,6.7912e-10
9.8800e+03,6.6150e-10
9.9000e+03,6.5774e-10
9.9200e+03,6.3800e-10
9.9400e+03,6.3931e-10
9.9600e+03,6.4730e-10
9.9800e+03,6.3111e-10
1.0000e+04,5.9772e-10
1.0020e+04,5.4832e-10
1.0040e+04,5.0210e-10
1.0060e+04,5.1866e-10
1.0080e+04,5.6445e-10
1.0100e+04,5.9535e-10
1.0120e+04,5.6117e-10
1.0140e+04,5.9313e-10
1.0160e+04,6.0283e-10
1.0180e+04,6.0553e-10
1.0200e+04,6.0093e-10
1.0220e+04,5.5328e-10
1.0240e+04,5.6839e-10
1.0260e+04,5.5850e-10
1.0280e+04,5.5664e-10
1.0300e+04,5.4267e-10
1.0320e+04,5.5376e-10
1.0340e+04,5.3471e-10
1.0360e+04,5.3110e-10
1.0380e+04,5.3169e-10
1.0400e+04,5.1986e-10
1.0420e+04,5.2289e-10
1.0440e+04,5.1031e-10
1.0460e+04,5.1381e-10
1.0480e+04,5.2895e-10
1.0500e+04,4.8261e-10
1.0520e+04,5.0345e-10
1.0540e+04,5.0195e-10
1.0560e+04,5.0239e-10
1.0580e+04,4.8597e-10
1.0600e+04,4.8415e-10
1.0800e+04,4.5503e-10
1.1000e+04,4.2778e-10
1.1200e+04,4.0217e-10
1.1400e+04,3.7816e-10
1.1600e+04,3.5554e-10
1.1800e+04,3.3428e-10
1.2000e+04,3.1424e-10
1.2200e+04,2.9535e-10
1.2400e+04,2.7753e-10
1.2600e+04,2.6210e-10
1.2800e+04,2.4107e-10
1.3000e+04,2.3436e-10
1.3200e+04,2.2327e-10
1.3400e+04,2.1161e-10
1.3600e+04,2.0096e-10
1.3800e+04,1.9087e-10
1.4000e+04,1.8176e-10
1.4200e+04,1.7272e-10
1.4400e+04,1.6390e-10
1.4600e+04,1.5645e-10
1.4800e+04,1.4918e-10
1.5000e+04,1.4208e-10
1.5200e+04,1.3558e-10
1.5400e+04,1.2923e-10
1.5600e+04,1.2361e-10
1.5800e+04,1.1871e-10
1.6000e+04,1.1451e-10
1.6200e+04,1.1087e-10
1.6400e+04,1.0601e-10
1.6600e+04,1.0051e-10
1.6800e+04,9.5560e-11
1.7000e+04,9.3484e-11
1.7200e+04,8.7960e-11
1.7400e+04,8.3987e-11
1.7600e+04,8.2290e-11
1.7800e+04,7.8901e-11
1.8000e+04,7.4402e-11
1.8200e+04,7.1137e-11
1.8400e+04,6.9842e-11
1.8600e+04,6.5807e-11
1.8800e+04,6.3297e-11
1.9000e+04,6.2005e-11
1.9200e+04,5.9294e-11
1.9400e+04,5.6332e-11
1.9600e+04,5.5321e-11
1.9800e+04,5.3468e-11
2.0000e+04,5.1501e-11
2.0200e+04,4.9575e-11
2.0400e+04,4.7824e-11
2.0600e+04,4.6105e-11
2.0800e+04,4.4566e-11
2.1000e+04,4.2906e-11
2.1200e+04,4.1417e-11
2.1400e+04,3.9516e-11
2.1600e+04,3.7787e-11
2.1800e+04,3.6959e-11
2.2000e+04,3.6156e-11
2.2200e+04,3.4932e-11
2.2400e+04,3.3872e-11
2.2600e+04,3.2688e-11
2.2800e+04,3.1667e-11
2.3000e+04,3.0810e-11
2.3200e+04,2.9822e-11
2.3400e+04,2.8850e-11
2.3600e+04,2.8039e-11
2.3800e+04,2.7097e-11
2.4000e+04,2.6314e-11
2.4200e+04,2.5545e-11
2.4400e+04,2.4756e-11
2.4600e+04,2.4084e-11
2.4800e+04,2.3350e-11
2.5000e+04,2.2700e-11
2.5200e+04,2.1987e-11
2.5400e+04,2.1356e-11
2.5600e+04,2.0721e-11
