# wavelength, f_lambda
2.2900e+02,0.0000e+00
2.3400e+02,0.0000e+00
2.4300e+02,0.0000e+00
2.5200e+02,0.0000e+00
2.5600e+02,0.0000e+00
2.6000e+02,0.0000e+00
2.6600e+02,0.0000e+00
2.7500e+02,0.0000e+00
2.8300e+02,0.0000e+00
2.9300e+02,0.0000e+00
3.0100e+02,0.0000e+00
3.0900e+02,0.0000e+00
3.2500e+02,0.0000e+00
3.4200e+02,0.0000e+00
3.5100e+02,0.0000e+00
3.5600e+02,0.0000e+00
3.6500e+02,0.0000e+00
3.7500e+02,0.0000e+00
3.8400e+02,0.0000e+00
4.0000e+02,0.0000e+00
4.1500e+02,0.0000e+00
4.2500e+02,0.0000e+00
4.4500e+02,0.0000e+00
4.7200e+02,0.0000e+00
4.9400e+02,0.0000e+00
5.0600e+02,2.2677e-25
5.1600e+02,4.8288e-25
5.4000e+02,2.5572e-24
5.6400e+02,1.1816e-23
5.8700e+02,4.6503e-23
6.1200e+02,1.9004e-22
6.4000e+02,8.3880e-22
6.7100e+02,3.9469e-21
7.0500e+02,1.9264e-20
7.3600e+02,7.3994e-20
7.7000e+02,2.9093e-19
8.1000e+02,1.2721e-18
8.5000e+02,4.8617e-18
8.9000e+02,1.6445e-17
9.2000e+02,2.1385e-15
9.4000e+02,8.6563e-15
9.6200e+02,1.4746e-14
9.8700e+02,2.6816e-14
1.0120e+03,4.0856e-14
1.0370e+03,5.8188e-14
1.0620e+03,9.0651e-14
1.0870e+03,1.2963e-13
1.1120e+03,1.3802e-12
1.1200e+03,1.5322e-12
1.1400e+03,1.8765e-12
1.1600e+03,2.5114e-12
1.1800e+03,3.0228e-12
1.2000e+03,3.0229e-12
1.2200e+03,4.0049e-12
1.2400e+03,2.4442e-11
1.2600e+03,1.4571e-10
1.2800e+03,4.6751e-10
1.3000e+03,7.1180e-10
1.3200e+03,9.8799e-10
1.3400e+03,1.2884e-09
1.3600e+03,1.2349e-09
1.3800e+03,1.3654e-09
1.4000e+03,1.4776e-09
1.4200e+03,1.4776e-09
1.4400e+03,1.7209e-09
1.4600e+03,1.9320e-09
1.4800e+03,1.6418e-09
1.5000e+03,2.5923e-09
1.5200e+03,2.2288e-09
1.5400e+03,2.6840e-09
1.5600e+03,3.1596e-09
1.5800e+03,3.7658e-09
1.6000e+03,3.8976e-09
1.6200e+03,3.7129e-09
1.6400e+03,3.7658e-09
1.6600e+03,3.6015e-09
1.6800e+03,3.6279e-09
1.7000e+03,4.0757e-09
1.7200e+03,4.0104e-09
1.7400e+03,4.3338e-09
1.7600e+03,4.5251e-09
1.7800e+03,4.6061e-09
1.8000e+03,4.6872e-09
1.8200e+03,4.7682e-09
1.8400e+03,4.3991e-09
1.8600e+03,4.5375e-09
1.8800e+03,4.7032e-09
1.9000e+03,4.5448e-09
1.9200e+03,4.4327e-09
1.9400e+03,4.5251e-09
1.9600e+03,4.5119e-09
1.9800e+03,4.2940e-09
2.0000e+03,3.9834e-09
2.0025e+03,3.9647e-09
2.0050e+03,3.9458e-09
2.0075e+03,3.9268e-09
2.0100e+03,3.9078e-09
2.0125e+03,3.8892e-09
2.0150e+03,3.8702e-09
2.0175e+03,3.8512e-09
2.0200e+03,3.8322e-09
2.0225e+03,3.8373e-09
2.0250e+03,3.8425e-09
2.0275e+03,3.8472e-09
2.0300e+03,3.8523e-09
2.0325e+03,3.8571e-09
2.0350e+03,3.8622e-09
2.0375e+03,3.8669e-09
2.0400e+03,3.8720e-09
2.0425e+03,3.8746e-09
2.0450e+03,3.8768e-09
2.0475e+03,3.8793e-09
2.0500e+03,3.8819e-09
2.0525e+03,3.8844e-09
2.0550e+03,3.8866e-09
2.0575e+03,3.8892e-09
2.0600e+03,3.8917e-09
2.0625e+03,3.8833e-09
2.0650e+03,3.8749e-09
2.0675e+03,3.8669e-09
2.0700e+03,3.8585e-09
2.0725e+03,3.8501e-09
2.0750e+03,3.8417e-09
2.0775e+03,3.8333e-09
2.0800e+03,3.8253e-09
2.0825e+03,3.8129e-09
2.0850e+03,3.8005e-09
2.0875e+03,3.7881e-09
2.0900e+03,3.7756e-09
2.0925e+03,3.7632e-09
2.0950e+03,3.7508e-09
2.0975e+03,3.7384e-09
2.1000e+03,3.7264e-09
2.1025e+03,3.6833e-09
2.1050e+03,3.6404e-09
2.1075e+03,3.5975e-09
2.1100e+03,3.5547e-09
2.1125e+03,3.5118e-09
2.1150e+03,3.4689e-09
2.1175e+03,3.4260e-09
2.1200e+03,3.3832e-09
2.1225e+03,3.3634e-09
2.1250e+03,3.3436e-09
2.1275e+03,3.3238e-09
2.1300e+03,3.3040e-09
2.1325e+03,3.2842e-09
2.1350e+03,3.2644e-09
2.1375e+03,3.2447e-09
2.1400e+03,3.2249e-09
2.1425e+03,3.2381e-09
2.1450e+03,3.2514e-09
2.1475e+03,3.2647e-09
2.1500e+03,3.2779e-09
2.1525e+03,3.2912e-09
2.1550e+03,3.3045e-09
2.1575e+03,3.3178e-09
2.1600e+03,3.3311e-09
2.1625e+03,3.3186e-09
2.1650e+03,3.3062e-09
2.1675e+03,3.2937e-09
2.1700e+03,3.2813e-09
2.1725e+03,3.2688e-09
2.1750e+03,3.2564e-09
2.1775e+03,3.2439e-09
2.1800e+03,3.2315e-09
2.1825e+03,3.2265e-09
2.1850e+03,3.2216e-09
2.1875e+03,3.2166e-09
2.1900e+03,3.2117e-09
2.1925e+03,3.2067e-09
2.1950e+03,3.2018e-09
2.1975e+03,3.1968e-09
2.2000e+03,3.1919e-09
2.2025e+03,3.1615e-09
2.2050e+03,3.1311e-09
2.2075e+03,3.1006e-09
2.2100e+03,3.0702e-09
2.2125e+03,3.0398e-09
2.2150e+03,3.0093e-09
2.2175e+03,2.9789e-09
2.2200e+03,2.9485e-09
2.2225e+03,2.9625e-09
2.2250e+03,2.9765e-09
2.2275e+03,2.9905e-09
2.2300e+03,3.0046e-09
2.2325e+03,3.0186e-09
2.2350e+03,3.0326e-09
2.2375e+03,3.0466e-09
2.2400e+03,3.0606e-09
2.2425e+03,3.0292e-09
2.2450e+03,2.9978e-09
2.2475e+03,2.9664e-09
2.2500e+03,2.9350e-09
2.2525e+03,2.9036e-09
2.2550e+03,2.8721e-09
2.2575e+03,2.8407e-09
2.2600e+03,2.8093e-09
2.2625e+03,2.8332e-09
2.2650e+03,2.8571e-09
2.2675e+03,2.8810e-09
2.2700e+03,2.9049e-09
2.2725e+03,2.9289e-09
2.2750e+03,2.9528e-09
2.2775e+03,2.9767e-09
2.2800e+03,3.0006e-09
2.2825e+03,2.9710e-09
2.2850e+03,2.9414e-09
2.2875e+03,2.9118e-09
2.2900e+03,2.8822e-09
2.2925e+03,2.8526e-09
2.2950e+03,2.8230e-09
2.2975e+03,2.7934e-09
2.3000e+03,2.7638e-09
2.3025e+03,2.7464e-09
2.3050e+03,2.7290e-09
2.3075e+03,2.7116e-09
2.3100e+03,2.6942e-09
2.3125e+03,2.6768e-09
2.3150e+03,2.6594e-09
2.3175e+03,2.6420e-09
2.3200e+03,2.6246e-09
2.3225e+03,2.6015e-09
2.3250e+03,2.5785e-09
2.3275e+03,2.5553e-09
2.3300e+03,2.5323e-09
2.3325e+03,2.5092e-09
2.3350e+03,2.4861e-09
2.3375e+03,2.4630e-09
2.3400e+03,2.4399e-09
2.3425e+03,2.4473e-09
2.3450e+03,2.4548e-09
2.3475e+03,2.4622e-09
2.3500e+03,2.4696e-09
2.3525e+03,2.4770e-09
2.3550e+03,2.4845e-09
2.3575e+03,2.4919e-09
2.3600e+03,2.4993e-09
2.3625e+03,2.4746e-09
2.3650e+03,2.4500e-09
2.3675e+03,2.4253e-09
2.3700e+03,2.4007e-09
2.3725e+03,2.3760e-09
2.3750e+03,2.3514e-09
2.3775e+03,2.3267e-09
2.3800e+03,2.3021e-09
2.3825e+03,2.2946e-09
2.3850e+03,2.2872e-09
2.3875e+03,2.2798e-09
2.3900e+03,2.2724e-09
2.3925e+03,2.2650e-09
2.3950e+03,2.2575e-09
2.3975e+03,2.2501e-09
2.4000e+03,2.2427e-09
2.4025e+03,2.2913e-09
2.4050e+03,2.3400e-09
2.4075e+03,2.3886e-09
2.4100e+03,2.4373e-09
2.4125e+03,2.4859e-09
2.4150e+03,2.5346e-09
2.4175e+03,2.5832e-09
2.4200e+03,2.6319e-09
2.4225e+03,2.6491e-09
2.4250e+03,2.6664e-09
2.4275e+03,2.6836e-09
2.4300e+03,2.7008e-09
2.4325e+03,2.7180e-09
2.4350e+03,2.7353e-09
2.4375e+03,2.7525e-09
2.4400e+03,2.7697e-09
2.4425e+03,2.7598e-09
2.4450e+03,2.7499e-09
2.4475e+03,2.7401e-09
2.4500e+03,2.7302e-09
2.4525e+03,2.7203e-09
2.4550e+03,2.7104e-09
2.4575e+03,2.7005e-09
2.4600e+03,2.6906e-09
2.4625e+03,2.6997e-09
2.4650e+03,2.7089e-09
2.4675e+03,2.7180e-09
2.4700e+03,2.7272e-09
2.4725e+03,2.7363e-09
2.4750e+03,2.7455e-09
2.4775e+03,2.7547e-09
2.4800e+03,2.7638e-09
2.4825e+03,2.7720e-09
2.4850e+03,2.7803e-09
2.4875e+03,2.7885e-09
2.4900e+03,2.7968e-09
2.4925e+03,2.8050e-09
2.4950e+03,2.8132e-09
2.4975e+03,2.8215e-09
2.5000e+03,2.8297e-09
2.5025e+03,2.7877e-09
2.5050e+03,2.7456e-09
2.5075e+03,2.7036e-09
2.5100e+03,2.6615e-09
2.5125e+03,2.6195e-09
2.5150e+03,2.5775e-09
2.5175e+03,2.5354e-09
2.5200e+03,2.4934e-09
2.5225e+03,2.4793e-09
2.5250e+03,2.4653e-09
2.5275e+03,2.4513e-09
2.5300e+03,2.4373e-09
2.5325e+03,2.4233e-09
2.5350e+03,2.4093e-09
2.5375e+03,2.3952e-09
2.5400e+03,2.3812e-09
2.5425e+03,2.4159e-09
2.5450e+03,2.4505e-09
2.5475e+03,2.4851e-09
2.5500e+03,2.5198e-09
2.5525e+03,2.5544e-09
2.5550e+03,2.5890e-09
2.5575e+03,2.6236e-09
2.5600e+03,2.6582e-09
2.5625e+03,2.6722e-09
2.5650e+03,2.6861e-09
2.5675e+03,2.7000e-09
2.5700e+03,2.7140e-09
2.5725e+03,2.7279e-09
2.5750e+03,2.7419e-09
2.5775e+03,2.7558e-09
2.5800e+03,2.7697e-09
2.5825e+03,2.7475e-09
2.5850e+03,2.7254e-09
2.5875e+03,2.7032e-09
2.5900e+03,2.6810e-09
2.5925e+03,2.6588e-09
2.5950e+03,2.6366e-09
2.5975e+03,2.6145e-09
2.6000e+03,2.5923e-09
2.6025e+03,2.6013e-09
2.6050e+03,2.6103e-09
2.6075e+03,2.6193e-09
2.6100e+03,2.6282e-09
2.6125e+03,2.6372e-09
2.6150e+03,2.6462e-09
2.6175e+03,2.6552e-09
2.6200e+03,2.6642e-09
2.6225e+03,2.7105e-09
2.6250e+03,2.7567e-09
2.6275e+03,2.8030e-09
2.6300e+03,2.8492e-09
2.6325e+03,2.8955e-09
2.6350e+03,2.9417e-09
2.6375e+03,2.9880e-09
2.6400e+03,3.0342e-09
2.6425e+03,3.0524e-09
2.6450e+03,3.0705e-09
2.6475e+03,3.0887e-09
2.6500e+03,3.1068e-09
2.6525e+03,3.1249e-09
2.6550e+03,3.1431e-09
2.6575e+03,3.1612e-09
2.6600e+03,3.1793e-09
2.6625e+03,3.1455e-09
2.6650e+03,3.1117e-09
2.6675e+03,3.0779e-09
2.6700e+03,3.0441e-09
2.6725e+03,3.0103e-09
2.6750e+03,2.9765e-09
2.6775e+03,2.9427e-09
2.6800e+03,2.9089e-09
2.6825e+03,2.9147e-09
2.6850e+03,2.9205e-09
2.6875e+03,2.9262e-09
2.6900e+03,2.9320e-09
2.6925e+03,2.9378e-09
2.6950e+03,2.9435e-09
2.6975e+03,2.9493e-09
2.7000e+03,2.9551e-09
2.7025e+03,2.9509e-09
2.7050e+03,2.9467e-09
2.7075e+03,2.9425e-09
2.7100e+03,2.9383e-09
2.7125e+03,2.9341e-09
2.7150e+03,2.9298e-09
2.7175e+03,2.9256e-09
2.7200e+03,2.9214e-09
2.7225e+03,2.8901e-09
2.7250e+03,2.8588e-09
2.7275e+03,2.8274e-09
2.7300e+03,2.7961e-09
2.7325e+03,2.7648e-09
2.7350e+03,2.7334e-09
2.7375e+03,2.7021e-09
2.7400e+03,2.6708e-09
2.7425e+03,2.6791e-09
2.7450e+03,2.6875e-09
2.7475e+03,2.6958e-09
2.7500e+03,2.7041e-09
2.7525e+03,2.7124e-09
2.7550e+03,2.7207e-09
2.7575e+03,2.7291e-09
2.7600e+03,2.7374e-09
2.7625e+03,2.7472e-09
2.7650e+03,2.7570e-09
2.7675e+03,2.7668e-09
2.7700e+03,2.7767e-09
2.7725e+03,2.7865e-09
2.7750e+03,2.7963e-09
2.7775e+03,2.8061e-09
2.7800e+03,2.8159e-09
2.7825e+03,2.7821e-09
2.7850e+03,2.7483e-09
2.7875e+03,2.7145e-09
2.7900e+03,2.6807e-09
2.7925e+03,2.6469e-09
2.7950e+03,2.6131e-09
2.7975e+03,2.5793e-09
2.8000e+03,2.5455e-09
2.8025e+03,2.6231e-09
2.8050e+03,2.7006e-09
2.8075e+03,2.7782e-09
2.8100e+03,2.8558e-09
2.8125e+03,2.9334e-09
2.8150e+03,3.0110e-09
2.8175e+03,3.0886e-09
2.8200e+03,3.1662e-09
2.8225e+03,3.1258e-09
2.8250e+03,3.0854e-09
2.8275e+03,3.0449e-09
2.8300e+03,3.0046e-09
2.8325e+03,2.9642e-09
2.8350e+03,2.9237e-09
2.8375e+03,2.8833e-09
2.8400e+03,2.8430e-09
2.8425e+03,2.8430e-09
2.8450e+03,2.8430e-09
2.8475e+03,2.8430e-09
2.8500e+03,2.8430e-09
2.8525e+03,2.8430e-09
2.8550e+03,2.8430e-09
2.8575e+03,2.8430e-09
2.8600e+03,2.8430e-09
2.8625e+03,2.8462e-09
2.8650e+03,2.8495e-09
2.8675e+03,2.8529e-09
2.8700e+03,2.8561e-09
2.8725e+03,2.8594e-09
2.8750e+03,2.8627e-09
2.8775e+03,2.8660e-09
2.8800e+03,2.8693e-09
2.8825e+03,2.8998e-09
2.8850e+03,2.9302e-09
2.8875e+03,2.9606e-09
2.8900e+03,2.9910e-09
2.8925e+03,3.0215e-09
2.8950e+03,3.0519e-09
2.8975e+03,3.0823e-09
2.9000e+03,3.1127e-09
2.9025e+03,3.1004e-09
2.9050e+03,3.0882e-09
2.9075e+03,3.0759e-09
2.9100e+03,3.0636e-09
2.9125e+03,3.0513e-09
2.9150e+03,3.0390e-09
2.9175e+03,3.0267e-09
2.9200e+03,3.0145e-09
2.9225e+03,3.0160e-09
2.9250e+03,3.0176e-09
2.9275e+03,3.0191e-09
2.9300e+03,3.0207e-09
2.9325e+03,3.0223e-09
2.9350e+03,3.0238e-09
2.9375e+03,3.0254e-09
2.9400e+03,3.0270e-09
2.9425e+03,3.0312e-09
2.9450e+03,3.0354e-09
2.9475e+03,3.0396e-09
2.9500e+03,3.0438e-09
2.9525e+03,3.0480e-09
2.9550e+03,3.0522e-09
2.9575e+03,3.0564e-09
2.9600e+03,3.0606e-09
2.9625e+03,3.0689e-09
2.9650e+03,3.0771e-09
2.9675e+03,3.0854e-09
2.9700e+03,3.0936e-09
2.9725e+03,3.1019e-09
2.9750e+03,3.1101e-09
2.9775e+03,3.1184e-09
2.9800e+03,3.1266e-09
2.9825e+03,3.1347e-09
2.9850e+03,3.1429e-09
2.9875e+03,3.1511e-09
2.9900e+03,3.1592e-09
2.9925e+03,3.1674e-09
2.9950e+03,3.1756e-09
2.9975e+03,3.1837e-09
3.0000e+03,3.1919e-09
3.0025e+03,3.1935e-09
3.0050e+03,3.1952e-09
3.0075e+03,3.1968e-09
3.0100e+03,3.1985e-09
3.0125e+03,3.2001e-09
3.0150e+03,3.2018e-09
3.0175e+03,3.2034e-09
3.0200e+03,3.2051e-09
3.0225e+03,3.2010e-09
3.0250e+03,3.1968e-09
3.0275e+03,3.1927e-09
3.0300e+03,3.1886e-09
3.0325e+03,3.1845e-09
3.0350e+03,3.1803e-09
3.0375e+03,3.1762e-09
3.0400e+03,3.1721e-09
3.0425e+03,3.1755e-09
3.0450e+03,3.1788e-09
3.0475e+03,3.1822e-09
3.0500e+03,3.1856e-09
3.0525e+03,3.1890e-09
3.0550e+03,3.1924e-09
3.0575e+03,3.1957e-09
3.0600e+03,3.1991e-09
3.0625e+03,3.2090e-09
3.0650e+03,3.2189e-09
3.0675e+03,3.2288e-09
3.0700e+03,3.2387e-09
3.0725e+03,3.2486e-09
3.0750e+03,3.2585e-09
3.0775e+03,3.2684e-09
3.0800e+03,3.2783e-09
3.0825e+03,3.2733e-09
3.0850e+03,3.2684e-09
3.0875e+03,3.2635e-09
3.0900e+03,3.2585e-09
3.0925e+03,3.2536e-09
3.0950e+03,3.2486e-09
3.0975e+03,3.2437e-09
3.1000e+03,3.2387e-09
3.1025e+03,3.2395e-09
3.1050e+03,3.2402e-09
3.1075e+03,3.2409e-09
3.1100e+03,3.2417e-09
3.1125e+03,3.2424e-09
3.1150e+03,3.2432e-09
3.1175e+03,3.2439e-09
3.1200e+03,3.2447e-09
3.1225e+03,3.2505e-09
3.1250e+03,3.2564e-09
3.1275e+03,3.2622e-09
3.1300e+03,3.2681e-09
3.1325e+03,3.2739e-09
3.1350e+03,3.2798e-09
3.1375e+03,3.2856e-09
3.1400e+03,3.2915e-09
3.1425e+03,3.2940e-09
3.1450e+03,3.2964e-09
3.1475e+03,3.2989e-09
3.1500e+03,3.3014e-09
3.1525e+03,3.3039e-09
3.1550e+03,3.3063e-09
3.1575e+03,3.3088e-09
3.1600e+03,3.3113e-09
3.1625e+03,3.3047e-09
3.1650e+03,3.2981e-09
3.1675e+03,3.2915e-09
3.1700e+03,3.2849e-09
3.1725e+03,3.2783e-09
3.1750e+03,3.2717e-09
3.1775e+03,3.2651e-09
3.1800e+03,3.2585e-09
3.1825e+03,3.2576e-09
3.1850e+03,3.2567e-09
3.1875e+03,3.2558e-09
3.1900e+03,3.2549e-09
3.1925e+03,3.2540e-09
3.1950e+03,3.2531e-09
3.1975e+03,3.2522e-09
3.2000e+03,3.2513e-09
3.2025e+03,3.2438e-09
3.2050e+03,3.2364e-09
3.2075e+03,3.2290e-09
3.2100e+03,3.2216e-09
3.2125e+03,3.2141e-09
3.2150e+03,3.2067e-09
3.2175e+03,3.1993e-09
3.2200e+03,3.1919e-09
3.2225e+03,3.1968e-09
3.2250e+03,3.2018e-09
3.2275e+03,3.2067e-09
3.2300e+03,3.2117e-09
3.2325e+03,3.2166e-09
3.2350e+03,3.2216e-09
3.2375e+03,3.2265e-09
3.2400e+03,3.2315e-09
3.2600e+03,3.4622e-09
3.2700e+03,3.4045e-09
3.2800e+03,3.3422e-09
3.2900e+03,3.3400e-09
3.3000e+03,3.4181e-09
3.3100e+03,3.3995e-09
3.3200e+03,3.3454e-09
3.3300e+03,3.3332e-09
3.3400e+03,3.2907e-09
3.3500e+03,3.3470e-09
3.3600e+03,3.3291e-09
3.3700e+03,3.2555e-09
3.3800e+03,3.2850e-09
3.3900e+03,3.3342e-09
3.4000e+03,3.2956e-09
3.4100e+03,3.3186e-09
3.4200e+03,3.3300e-09
3.4300e+03,3.3097e-09
3.4400e+03,3.2850e-09
3.4500e+03,3.2302e-09
3.4600e+03,3.2581e-09
3.4700e+03,3.1676e-09
3.4800e+03,3.1955e-09
3.4900e+03,3.1494e-09
3.5000e+03,3.0521e-09
3.5100e+03,3.1916e-09
3.5200e+03,3.1444e-09
3.5300e+03,3.1923e-09
3.5400e+03,3.1578e-09
3.5500e+03,3.3126e-09
3.5600e+03,3.1535e-09
3.5700e+03,3.0895e-09
3.5800e+03,3.0902e-09
3.5900e+03,3.0942e-09
3.6000e+03,3.1849e-09
3.6100e+03,3.0743e-09
3.6200e+03,3.0948e-09
3.6300e+03,3.0753e-09
3.6400e+03,3.0436e-09
3.6500e+03,3.0729e-09
3.6600e+03,3.1352e-09
3.6700e+03,3.1433e-09
3.6800e+03,3.0617e-09
3.6900e+03,3.0652e-09
3.7000e+03,3.1165e-09
3.7100e+03,3.1204e-09
3.7200e+03,3.2899e-09
3.7300e+03,3.2786e-09
3.7400e+03,3.5235e-09
3.7500e+03,3.7618e-09
3.7600e+03,3.9669e-09
3.7700e+03,3.8567e-09
3.7800e+03,4.5780e-09
3.7900e+03,4.6755e-09
3.8000e+03,4.1524e-09
3.8100e+03,5.2420e-09
3.8200e+03,5.8002e-09
3.8300e+03,4.3126e-09
3.8400e+03,4.0691e-09
3.8500e+03,5.7743e-09
3.8600e+03,6.7770e-09
3.8700e+03,6.6617e-09
3.8800e+03,5.1427e-09
3.8900e+03,3.9651e-09
3.9000e+03,4.8817e-09
3.9100e+03,6.6956e-09
3.9200e+03,7.4867e-09
3.9300e+03,6.7259e-09
3.9400e+03,6.6515e-09
3.9500e+03,7.1286e-09
3.9600e+03,5.6914e-09
3.9700e+03,4.1542e-09
3.9800e+03,5.2745e-09
3.9900e+03,7.2950e-09
4.0000e+03,8.0916e-09
4.0100e+03,8.3778e-09
4.0200e+03,8.4646e-09
4.0300e+03,8.3891e-09
4.0400e+03,8.2336e-09
4.0500e+03,8.1930e-09
4.0600e+03,8.0795e-09
4.0700e+03,7.6907e-09
4.0800e+03,7.0559e-09
4.0900e+03,5.8502e-09
4.1000e+03,4.3035e-09
4.1100e+03,4.8193e-09
4.1200e+03,6.5847e-09
4.1300e+03,7.3341e-09
4.1400e+03,7.6050e-09
4.1500e+03,7.7137e-09
4.1600e+03,7.6641e-09
4.1700e+03,7.5144e-09
4.1800e+03,7.4600e-09
4.1900e+03,7.6046e-09
4.2000e+03,7.6491e-09
4.2100e+03,7.6374e-09
4.2200e+03,7.5462e-09
4.2300e+03,7.4491e-09
4.2400e+03,7.4323e-09
4.2500e+03,7.4400e-09
4.2600e+03,7.5016e-09
4.2700e+03,7.2688e-09
4.2800e+03,7.0019e-09
4.2900e+03,6.8628e-09
4.3000e+03,6.1218e-09
4.3100e+03,6.0641e-09
4.3200e+03,6.1879e-09
4.3300e+03,5.3844e-09
4.3400e+03,4.2400e-09
4.3500e+03,5.0267e-09
4.3600e+03,5.8221e-09
4.3700e+03,6.3105e-09
4.3800e+03,6.5036e-09
4.3900e+03,6.4569e-09
4.4000e+03,6.3824e-09
4.4100e+03,6.4098e-09
4.4200e+03,6.3864e-09
4.4300e+03,6.6307e-09
4.4400e+03,6.5175e-09
4.4500e+03,6.4445e-09
4.4600e+03,6.3992e-09
4.4700e+03,6.3759e-09
4.4800e+03,6.2112e-09
4.4900e+03,6.2485e-09
4.5000e+03,6.3394e-09
4.5100e+03,6.3218e-09
4.5200e+03,6.1926e-09
4.5300e+03,6.1495e-09
4.5400e+03,6.1382e-09
4.5500e+03,6.0743e-09
4.5600e+03,6.0740e-09
4.5700e+03,6.1105e-09
4.5800e+03,6.0053e-09
4.5900e+03,5.9743e-09
4.6000e+03,6.0360e-09
4.6100e+03,6.0353e-09
4.6200e+03,5.9787e-09
4.6300e+03,5.9728e-09
4.6400e+03,5.9174e-09
4.6500e+03,5.9174e-09
4.6600e+03,5.8867e-09
4.6700e+03,5.8615e-09
4.6800e+03,5.8560e-09
4.6900e+03,5.8509e-09
4.7000e+03,5.8162e-09
4.7100e+03,5.7575e-09
4.7200e+03,5.7721e-09
4.7300e+03,5.7378e-09
4.7400e+03,5.6991e-09
4.7500e+03,5.6611e-09
4.7600e+03,5.5647e-09
4.7700e+03,5.5220e-09
4.7800e+03,5.5373e-09
4.7900e+03,5.5096e-09
4.8000e+03,5.4154e-09
4.8100e+03,5.3358e-09
4.8200e+03,5.2011e-09
4.8300e+03,4.9785e-09
4.8400e+03,4.6174e-09
4.8500e+03,3.8220e-09
4.8600e+03,3.0293e-09
4.8700e+03,3.4140e-09
4.8800e+03,4.3750e-09
4.8900e+03,4.6926e-09
4.9000e+03,4.8963e-09
4.9100e+03,4.9259e-09
4.9200e+03,4.8657e-09
4.9300e+03,4.8595e-09
4.9400e+03,4.9113e-09
4.9500e+03,4.8733e-09
4.9600e+03,4.8361e-09
4.9700e+03,4.8788e-09
4.9800e+03,4.8547e-09
4.9900e+03,4.7781e-09
5.0000e+03,4.7547e-09
5.0100e+03,4.6532e-09
5.0200e+03,4.6565e-09
5.0300e+03,4.6291e-09
5.0400e+03,4.5766e-09
5.0500e+03,4.4809e-09
5.0600e+03,4.4933e-09
5.0700e+03,4.4670e-09
5.0800e+03,4.4962e-09
5.0900e+03,4.5123e-09
5.1000e+03,4.4356e-09
5.1100e+03,4.4101e-09
5.1200e+03,4.4094e-09
5.1300e+03,4.3342e-09
5.1400e+03,4.3298e-09
5.1500e+03,4.3006e-09
5.1600e+03,4.2429e-09
5.1700e+03,4.1447e-09
5.1800e+03,4.1615e-09
5.1900e+03,4.1330e-09
5.2000e+03,4.1578e-09
5.2100e+03,4.1538e-09
5.2200e+03,4.1502e-09
5.2300e+03,4.0461e-09
5.2400e+03,4.0268e-09
5.2500e+03,4.0830e-09
5.2600e+03,3.9921e-09
5.2700e+03,3.9052e-09
5.2800e+03,3.9308e-09
5.2900e+03,3.9899e-09
5.3000e+03,3.9750e-09
5.3100e+03,3.9330e-09
5.3200e+03,3.8644e-09
5.3300e+03,3.8275e-09
5.3400e+03,3.8249e-09
5.3500e+03,3.8512e-09
5.3600e+03,3.8410e-09
5.3700e+03,3.8151e-09
5.3800e+03,3.8085e-09
5.3900e+03,3.8019e-09
5.4000e+03,3.7840e-09
5.4100e+03,3.7256e-09
5.4200e+03,3.8198e-09
5.4300e+03,3.7683e-09
5.4400e+03,3.8136e-09
5.4500e+03,3.7519e-09
5.4600e+03,3.7380e-09
5.4700e+03,3.7026e-09
5.4800e+03,3.6709e-09
5.4900e+03,3.6683e-09
5.5000e+03,3.6585e-09
5.5100e+03,3.6669e-09
5.5200e+03,3.6753e-09
5.5300e+03,3.6548e-09
5.5400e+03,3.5953e-09
5.5500e+03,3.6037e-09
5.5600e+03,3.5872e-09
5.5700e+03,3.5885e-09
5.5800e+03,3.5580e-09
5.5900e+03,3.5137e-09
5.6000e+03,3.4637e-09
5.6100e+03,3.4887e-09
5.6200e+03,3.4798e-09
5.6300e+03,3.4383e-09
5.6400e+03,3.4586e-09
5.6500e+03,3.4260e-09
5.6600e+03,3.4091e-09
5.6700e+03,3.3910e-09
5.6800e+03,3.3692e-09
5.6900e+03,3.3456e-09
5.7000e+03,3.3469e-09
5.7100e+03,3.3232e-09
5.7200e+03,3.2825e-09
5.7300e+03,3.3096e-09
5.7400e+03,3.2889e-09
5.7600e+03,3.2486e-09
5.7800e+03,3.2059e-09
5.8000e+03,3.1643e-09
5.8200e+03,3.1233e-09
5.8400e+03,3.0824e-09
5.8600e+03,3.0426e-09
5.8800e+03,3.0030e-09
5.9000e+03,2.9638e-09
5.9200e+03,2.9255e-09
5.9400e+03,2.8875e-09
5.9600e+03,2.8500e-09
5.9800e+03,2.8123e-09
6.0000e+03,2.7869e-09
6.0200e+03,2.7555e-09
6.0400e+03,2.7262e-09
6.0600e+03,2.7231e-09
6.0800e+03,2.7268e-09
6.1000e+03,2.7465e-09
6.1200e+03,2.7120e-09
6.1400e+03,2.6404e-09
6.1600e+03,2.5833e-09
6.1800e+03,2.5552e-09
6.2000e+03,2.5503e-09
6.2200e+03,2.5210e-09
6.2400e+03,2.4897e-09
6.2600e+03,2.4800e-09
6.2800e+03,2.4520e-09
6.3000e+03,2.4285e-09
6.3200e+03,2.4331e-09
6.3400e+03,2.3930e-09
6.3600e+03,2.3810e-09
6.3800e+03,2.3553e-09
6.4000e+03,2.3492e-09
6.4200e+03,2.3237e-09
6.4400e+03,2.3008e-09
6.4600e+03,2.2759e-09
6.4800e+03,2.2384e-09
6.5000e+03,2.1994e-09
6.5200e+03,2.1501e-09
6.5400e+03,2.0302e-09
6.5600e+03,1.7150e-09
6.5800e+03,1.7647e-09
6.6000e+03,2.0449e-09
6.6200e+03,2.0842e-09
6.6400e+03,2.1019e-09
6.6600e+03,2.0789e-09
6.6800e+03,2.0780e-09
6.7000e+03,2.0571e-09
6.7200e+03,2.0468e-09
6.7400e+03,2.0272e-09
6.7600e+03,2.0105e-09
6.7800e+03,2.0069e-09
6.8000e+03,1.9857e-09
6.8200e+03,1.9823e-09
6.8400e+03,2.0237e-09
6.8600e+03,1.9321e-09
6.8800e+03,1.8567e-09
6.9000e+03,1.8526e-09
6.9200e+03,1.8474e-09
6.9400e+03,1.8592e-09
6.9600e+03,1.8219e-09
6.9800e+03,1.7969e-09
7.0000e+03,1.7853e-09
7.0200e+03,1.7863e-09
7.0400e+03,1.7708e-09
7.0600e+03,1.7670e-09
7.0800e+03,1.7548e-09
7.1000e+03,1.7369e-09
7.1200e+03,1.7222e-09
7.1400e+03,1.7192e-09
7.1600e+03,1.7776e-09
7.1800e+03,1.7690e-09
7.2000e+03,1.6694e-09
7.2200e+03,1.6593e-09
7.2400e+03,1.6429e-09
7.2600e+03,1.6108e-09
7.2800e+03,1.6010e-09
7.3000e+03,1.5868e-09
7.3200e+03,1.5748e-09
7.3400e+03,1.5453e-09
7.3600e+03,1.5668e-09
7.3800e+03,1.5763e-09
7.4000e+03,1.5550e-09
7.4200e+03,1.5268e-09
7.4400e+03,1.5210e-09
7.4600e+03,1.5154e-09
7.4800e+03,1.4772e-09
7.5000e+03,1.4665e-09
7.5200e+03,1.4498e-09
7.5400e+03,1.4146e-09
7.5600e+03,1.3909e-09
7.5800e+03,1.4883e-09
7.6000e+03,1.2997e-09
7.6200e+03,1.2208e-09
7.6400e+03,1.3205e-09
7.6600e+03,1.3485e-09
7.6800e+03,1.2792e-09
7.7000e+03,1.3443e-09
7.7200e+03,1.3377e-09
7.7400e+03,1.3399e-09
7.7600e+03,1.3245e-09
7.7800e+03,1.3134e-09
7.8000e+03,1.3188e-09
7.8200e+03,1.3260e-09
7.8400e+03,1.2963e-09
7.8600e+03,1.2938e-09
7.8800e+03,1.2841e-09
7.9000e+03,1.2646e-09
7.9200e+03,1.2290e-09
7.9400e+03,1.2481e-09
7.9600e+03,1.2394e-09
7.9800e+03,1.2192e-09
8.0000e+03,1.2027e-09
8.0200e+03,1.2162e-09
8.0400e+03,1.2002e-09
8.0600e+03,1.1951e-09
8.0800e+03,1.1662e-09
8.1000e+03,1.1681e-09
8.1200e+03,1.1899e-09
8.1400e+03,1.2057e-09
8.1600e+03,1.1678e-09
8.1800e+03,1.1335e-09
8.2000e+03,1.1451e-09
8.2200e+03,1.1256e-09
8.2400e+03,1.1460e-09
8.2600e+03,1.1570e-09
8.2800e+03,1.1244e-09
8.3000e+03,1.0880e-09
8.3200e+03,1.1036e-09
8.3400e+03,1.0783e-09
8.3600e+03,1.1129e-09
8.3800e+03,1.0814e-09
8.4000e+03,1.0662e-09
8.4200e+03,1.1083e-09
8.4400e+03,1.0848e-09
8.4600e+03,1.0553e-09
8.4800e+03,1.0877e-09
8.5000e+03,1.0502e-09
8.5200e+03,1.0572e-09
8.5400e+03,9.8617e-10
8.5600e+03,1.0311e-09
8.5800e+03,1.0152e-09
8.6000e+03,1.0030e-09
8.6200e+03,1.0794e-09
8.6400e+03,1.0468e-09
8.6600e+03,9.3542e-10
8.6800e+03,9.4868e-10
8.7000e+03,1.0430e-09
8.7200e+03,1.0252e-09
8.7400e+03,9.2940e-10
8.7600e+03,9.3696e-10
8.7800e+03,1.0210e-09
8.8000e+03,1.0698e-09
8.8200e+03,1.0019e-09
8.8400e+03,9.6470e-10
8.8600e+03,8.4942e-10
8.8800e+03,8.7676e-10
8.9000e+03,9.6430e-10
8.9200e+03,9.6985e-10
8.9400e+03,9.8602e-10
8.9600e+03,9.8843e-10
8.9800e+03,9.7861e-10
9.0000e+03,8.1361e-10
9.0200e+03,8.3004e-10
9.0400e+03,9.2115e-10
9.0600e+03,9.4411e-10
9.0800e+03,9.1053e-10
9.1000e+03,9.2090e-10
9.1200e+03,8.9191e-10
9.1400e+03,9.0790e-10
9.1600e+03,9.1097e-10
9.1800e+03,8.8406e-10
9.2000e+03,8.4796e-10
9.2200e+03,7.5239e-10
9.2400e+03,7.5604e-10
9.2600e+03,7.9609e-10
9.2800e+03,8.6169e-10
9.3000e+03,9.0268e-10
9.3200e+03,8.9808e-10
9.3400e+03,9.2152e-10
9.3600e+03,8.7709e-10
9.3800e+03,9.2126e-10
9.4000e+03,8.7742e-10
9.4200e+03,8.5289e-10
9.4400e+03,8.2182e-10
9.4600e+03,8.7585e-10
9.4800e+03,8.1562e-10
9.5000e+03,8.0675e-10
9.5200e+03,7.8057e-10
9.5400e+03,7.0081e-10
9.5600e+03,6.9311e-10
9.5800e+03,7.4330e-10
9.6000e+03,7.6820e-10
9.6200e+03,7.6677e-10
9.6400e+03,7.7488e-10
9.6600e+03,7.8853e-10
9.6800e+03,7.7539e-10
9.7000e+03,7.5396e-10
9.7200e+03,7.4243e-10
9.7400e+03,7.8714e-10
9.7600e+03,7.7028e-10
9.7800e+03,7.5801e-10
9.8000e+03,7.2388e-10
9.8200e+03,7.2454e-10
9.8400e+03,7.3538e-10
9.8600e+03,7.2677e-10
9.8800e+03,7.4801e-10
9.9000e+03,7.3137e-10
9.9200e+03,7.2322e-10
9.9400e+03,7.3257e-10
9.9600e+03,7.0366e-10
9.9800e+03,6.9544e-10
1.0000e+04,6.9398e-10
1.0020e+04,6.6088e-10
1.0040e+04,6.1075e-10
1.0060e+04,5.9378e-10
1.0080e+04,6.4960e-10
1.0100e+04,6.3715e-10
1.0120e+04,6.5544e-10
1.0140e+04,6.5295e-10
1.0160e+04,6.6923e-10
1.0180e+04,6.2171e-10
1.0200e+04,6.4438e-10
1.0220e+04,6.7584e-10
1.0240e+04,6.5715e-10
1.0260e+04,6.4463e-10
1.0280e+04,6.2609e-10
1.0300e+04,6.6044e-10
1.0320e+04,6.4587e-10
1.0340e+04,6.2477e-10
1.0360e+04,6.3470e-10
1.0380e+04,6.2495e-10
1.0400e+04,6.2032e-10
1.0420e+04,6.2850e-10
1.0440e+04,6.0013e-10
1.0460e+04,6.0623e-10
1.0480e+04,5.7874e-10
1.0500e+04,6.3591e-10
1.0520e+04,5.5954e-10
1.0540e+04,6.0473e-10
1.0560e+04,5.7768e-10
1.0580e+04,6.0174e-10
1.0600e+04,5.8768e-10
1.0800e+04,5.6195e-10
1.1000e+04,5.3464e-10
1.1200e+04,5.0635e-10
1.1400e+04,4.7770e-10
1.1600e+04,4.4919e-10
1.1800e+04,4.2133e-10
1.2000e+04,3.9443e-10
1.2200e+04,3.6880e-10
1.2400e+04,3.4458e-10
1.2600e+04,3.2519e-10
1.2800e+04,2.9157e-10
1.3000e+04,2.9170e-10
1.3200e+04,2.7725e-10
1.3400e+04,2.6281e-10
1.3600e+04,2.4932e-10
1.3800e+04,2.3698e-10
1.4000e+04,2.2579e-10
1.4200e+04,2.1469e-10
1.4400e+04,2.0359e-10
1.4600e+04,1.9460e-10
1.4800e+04,1.8561e-10
1.5000e+04,1.7662e-10
1.5200e+04,1.6868e-10
1.5400e+04,1.6078e-10
1.5600e+04,1.5401e-10
1.5800e+04,1.4831e-10
1.6000e+04,1.4382e-10
1.6200e+04,1.3625e-10
1.6400e+04,1.2955e-10
1.6600e+04,1.2689e-10
1.6800e+04,1.1703e-10
1.7000e+04,1.1557e-10
1.7200e+04,1.1196e-10
1.7400e+04,1.0419e-10
1.7600e+04,1.0272e-10
1.7800e+04,9.9938e-11
1.8000e+04,9.5791e-11
1.8200e+04,8.8027e-11
1.8400e+04,8.7943e-11
1.8600e+04,8.4942e-11
1.8800e+04,7.7721e-11
1.9000e+04,7.8521e-11
1.9200e+04,7.5608e-11
1.9400e+04,7.1169e-11
1.9600e+04,6.9680e-11
1.9800e+04,6.8088e-11
2.0000e+04,6.5054e-11
2.0200e+04,6.2660e-11
2.0400e+04,6.0364e-11
2.0600e+04,5.8155e-11
2.0800e+04,5.6180e-11
2.1000e+04,5.4096e-11
2.1200e+04,5.2227e-11
2.1400e+04,5.0409e-11
2.1600e+04,4.6886e-11
2.1800e+04,4.6123e-11
2.2000e+04,4.5470e-11
2.2200e+04,4.3988e-11
2.2400e+04,4.2590e-11
2.2600e+04,4.1213e-11
2.2800e+04,3.9943e-11
2.3000e+04,3.8779e-11
2.3200e+04,3.7614e-11
2.3400e+04,3.6466e-11
2.3600e+04,3.5338e-11
2.3800e+04,3.4278e-11
2.4000e+04,3.3238e-11
2.4200e+04,3.2319e-11
2.4400e+04,3.1278e-11
2.4600e+04,3.0448e-11
2.4800e+04,2.9531e-11
2.5000e+04,2.8699e-11
2.5200e+04,2.7801e-11
2.5400e+04,2.6990e-11
2.5600e+04,2.6177e-11
