# wavelength, f_lambda
2.2900e+02,0.0000e+00
2.3400e+02,0.0000e+00
2.4300e+02,0.0000e+00
2.5200e+02,0.0000e+00
2.5600e+02,0.0000e+00
2.6000e+02,0.0000e+00
2.6600e+02,0.0000e+00
2.7500e+02,0.0000e+00
2.8300e+02,0.0000e+00
2.9300e+02,0.0000e+00
3.0100e+02,0.0000e+00
3.0900e+02,0.0000e+00
3.2500e+02,0.0000e+00
3.4200e+02,0.0000e+00
3.5100e+02,0.0000e+00
3.5600e+02,0.0000e+00
3.6500e+02,0.0000e+00
3.7500e+02,0.0000e+00
3.8400e+02,0.0000e+00
4.0000e+02,0.0000e+00
4.1500e+02,0.0000e+00
4.2500e+02,0.0000e+00
4.4500e+02,0.0000e+00
4.7200e+02,0.0000e+00
4.9400e+02,0.0000e+00
5.0600e+02,1.6304e-28
5.1600e+02,3.7542e-28
5.4000e+02,2.3501e-27
5.6400e+02,1.2458e-26
5.8700e+02,5.4676e-26
6.1200e+02,2.4688e-25
6.4000e+02,1.2090e-24
6.7100e+02,6.4271e-24
7.0500e+02,3.6710e-23
7.3600e+02,1.6601e-22
7.7000e+02,7.9094e-22
8.1000e+02,4.3486e-21
8.5000e+02,2.0741e-20
8.9000e+02,8.6472e-20
9.2000e+02,7.8049e-18
9.4000e+02,2.4688e-17
9.6200e+02,4.3391e-17
9.8700e+02,8.0802e-17
1.0120e+03,1.3417e-16
1.0370e+03,2.0921e-16
1.0620e+03,3.4452e-16
1.0870e+03,5.3274e-16
1.1120e+03,1.8151e-14
1.1200e+03,2.1003e-14
1.1400e+03,2.7160e-14
1.1600e+03,3.8948e-14
1.1800e+03,4.9992e-14
1.2000e+03,5.9127e-14
1.2200e+03,8.3438e-14
1.2400e+03,3.1365e-13
1.2600e+03,6.5563e-13
1.2800e+03,8.9619e-13
1.3000e+03,1.1047e-12
1.3200e+03,1.3355e-12
1.3400e+03,1.6115e-12
1.3600e+03,1.8637e-12
1.3800e+03,2.2107e-12
1.4000e+03,2.6602e-12
1.4200e+03,3.1376e-12
1.4400e+03,3.7918e-12
1.4600e+03,4.7626e-12
1.4800e+03,5.4424e-12
1.5000e+03,6.5739e-12
1.5200e+03,8.0452e-11
1.5400e+03,1.2500e-10
1.5600e+03,8.2208e-11
1.5800e+03,1.2639e-10
1.6000e+03,1.4842e-10
1.6200e+03,1.4969e-10
1.6400e+03,2.0587e-10
1.6600e+03,2.6422e-10
1.6800e+03,3.9021e-10
1.7000e+03,4.9050e-10
1.7200e+03,8.4606e-10
1.7400e+03,1.0284e-09
1.7600e+03,1.2618e-09
1.7800e+03,1.3291e-09
1.8000e+03,1.6209e-09
1.8200e+03,1.5864e-09
1.8400e+03,1.4075e-09
1.8600e+03,1.3858e-09
1.8800e+03,1.6628e-09
1.9000e+03,1.5461e-09
1.9200e+03,1.5755e-09
1.9400e+03,1.6008e-09
1.9600e+03,1.7578e-09
1.9800e+03,1.7159e-09
2.0000e+03,1.4987e-09
2.0025e+03,1.4910e-09
2.0050e+03,1.4832e-09
2.0075e+03,1.4755e-09
2.0100e+03,1.4678e-09
2.0125e+03,1.4601e-09
2.0150e+03,1.4523e-09
2.0175e+03,1.4446e-09
2.0200e+03,1.4369e-09
2.0225e+03,1.4539e-09
2.0250e+03,1.4710e-09
2.0275e+03,1.4881e-09
2.0300e+03,1.5052e-09
2.0325e+03,1.5223e-09
2.0350e+03,1.5393e-09
2.0375e+03,1.5564e-09
2.0400e+03,1.5735e-09
2.0425e+03,1.5773e-09
2.0450e+03,1.5812e-09
2.0475e+03,1.5851e-09
2.0500e+03,1.5890e-09
2.0525e+03,1.5928e-09
2.0550e+03,1.5967e-09
2.0575e+03,1.6006e-09
2.0600e+03,1.6045e-09
2.0625e+03,1.6166e-09
2.0650e+03,1.6286e-09
2.0675e+03,1.6407e-09
2.0700e+03,1.6528e-09
2.0725e+03,1.6649e-09
2.0750e+03,1.6769e-09
2.0775e+03,1.6890e-09
2.0800e+03,1.7011e-09
2.0825e+03,1.6972e-09
2.0850e+03,1.6933e-09
2.0875e+03,1.6895e-09
2.0900e+03,1.6856e-09
2.0925e+03,1.6817e-09
2.0950e+03,1.6779e-09
2.0975e+03,1.6740e-09
2.1000e+03,1.6701e-09
2.1025e+03,1.6571e-09
2.1050e+03,1.6442e-09
2.1075e+03,1.6312e-09
2.1100e+03,1.6182e-09
2.1125e+03,1.6053e-09
2.1150e+03,1.5923e-09
2.1175e+03,1.5793e-09
2.1200e+03,1.5664e-09
2.1225e+03,1.5558e-09
2.1250e+03,1.5453e-09
2.1275e+03,1.5348e-09
2.1300e+03,1.5243e-09
2.1325e+03,1.5138e-09
2.1350e+03,1.5033e-09
2.1375e+03,1.4928e-09
2.1400e+03,1.4823e-09
2.1425e+03,1.4766e-09
2.1450e+03,1.4709e-09
2.1475e+03,1.4653e-09
2.1500e+03,1.4596e-09
2.1525e+03,1.4539e-09
2.1550e+03,1.4482e-09
2.1575e+03,1.4426e-09
2.1600e+03,1.4369e-09
2.1625e+03,1.4369e-09
2.1650e+03,1.4369e-09
2.1675e+03,1.4369e-09
2.1700e+03,1.4369e-09
2.1725e+03,1.4369e-09
2.1750e+03,1.4369e-09
2.1775e+03,1.4369e-09
2.1800e+03,1.4369e-09
2.1825e+03,1.4544e-09
2.1850e+03,1.4720e-09
2.1875e+03,1.4895e-09
2.1900e+03,1.5071e-09
2.1925e+03,1.5246e-09
2.1950e+03,1.5422e-09
2.1975e+03,1.5597e-09
2.2000e+03,1.5773e-09
2.2025e+03,1.5793e-09
2.2050e+03,1.5814e-09
2.2075e+03,1.5834e-09
2.2100e+03,1.5854e-09
2.2125e+03,1.5874e-09
2.2150e+03,1.5895e-09
2.2175e+03,1.5915e-09
2.2200e+03,1.5935e-09
2.2225e+03,1.5860e-09
2.2250e+03,1.5785e-09
2.2275e+03,1.5710e-09
2.2300e+03,1.5635e-09
2.2325e+03,1.5560e-09
2.2350e+03,1.5485e-09
2.2375e+03,1.5410e-09
2.2400e+03,1.5335e-09
2.2425e+03,1.5203e-09
2.2450e+03,1.5071e-09
2.2475e+03,1.4938e-09
2.2500e+03,1.4806e-09
2.2525e+03,1.4674e-09
2.2550e+03,1.4542e-09
2.2575e+03,1.4410e-09
2.2600e+03,1.4278e-09
2.2625e+03,1.4227e-09
2.2650e+03,1.4177e-09
2.2675e+03,1.4127e-09
2.2700e+03,1.4076e-09
2.2725e+03,1.4026e-09
2.2750e+03,1.3975e-09
2.2775e+03,1.3925e-09
2.2800e+03,1.3875e-09
2.2825e+03,1.4039e-09
2.2850e+03,1.4203e-09
2.2875e+03,1.4368e-09
2.2900e+03,1.4532e-09
2.2925e+03,1.4696e-09
2.2950e+03,1.4861e-09
2.2975e+03,1.5025e-09
2.3000e+03,1.5189e-09
2.3025e+03,1.5064e-09
2.3050e+03,1.4938e-09
2.3075e+03,1.4813e-09
2.3100e+03,1.4687e-09
2.3125e+03,1.4561e-09
2.3150e+03,1.4436e-09
2.3175e+03,1.4310e-09
2.3200e+03,1.4185e-09
2.3225e+03,1.4032e-09
2.3250e+03,1.3879e-09
2.3275e+03,1.3726e-09
2.3300e+03,1.3574e-09
2.3325e+03,1.3421e-09
2.3350e+03,1.3269e-09
2.3375e+03,1.3116e-09
2.3400e+03,1.2963e-09
2.3425e+03,1.2801e-09
2.3450e+03,1.2640e-09
2.3475e+03,1.2478e-09
2.3500e+03,1.2316e-09
2.3525e+03,1.2155e-09
2.3550e+03,1.1993e-09
2.3575e+03,1.1832e-09
2.3600e+03,1.1670e-09
2.3625e+03,1.1706e-09
2.3650e+03,1.1742e-09
2.3675e+03,1.1779e-09
2.3700e+03,1.1815e-09
2.3725e+03,1.1851e-09
2.3750e+03,1.1887e-09
2.3775e+03,1.1924e-09
2.3800e+03,1.1960e-09
2.3825e+03,1.1792e-09
2.3850e+03,1.1623e-09
2.3875e+03,1.1455e-09
2.3900e+03,1.1286e-09
2.3925e+03,1.1118e-09
2.3950e+03,1.0949e-09
2.3975e+03,1.0781e-09
2.4000e+03,1.0613e-09
2.4025e+03,1.0683e-09
2.4050e+03,1.0754e-09
2.4075e+03,1.0825e-09
2.4100e+03,1.0895e-09
2.4125e+03,1.0966e-09
2.4150e+03,1.1036e-09
2.4175e+03,1.1107e-09
2.4200e+03,1.1178e-09
2.4225e+03,1.1433e-09
2.4250e+03,1.1688e-09
2.4275e+03,1.1944e-09
2.4300e+03,1.2199e-09
2.4325e+03,1.2454e-09
2.4350e+03,1.2710e-09
2.4375e+03,1.2965e-09
2.4400e+03,1.3220e-09
2.4425e+03,1.3250e-09
2.4450e+03,1.3279e-09
2.4475e+03,1.3308e-09
2.4500e+03,1.3338e-09
2.4525e+03,1.3367e-09
2.4550e+03,1.3396e-09
2.4575e+03,1.3426e-09
2.4600e+03,1.3455e-09
2.4625e+03,1.3369e-09
2.4650e+03,1.3282e-09
2.4675e+03,1.3196e-09
2.4700e+03,1.3109e-09
2.4725e+03,1.3022e-09
2.4750e+03,1.2936e-09
2.4775e+03,1.2849e-09
2.4800e+03,1.2762e-09
2.4825e+03,1.2895e-09
2.4850e+03,1.3027e-09
2.4875e+03,1.3159e-09
2.4900e+03,1.3291e-09
2.4925e+03,1.3423e-09
2.4950e+03,1.3556e-09
2.4975e+03,1.3688e-09
2.5000e+03,1.3820e-09
2.5025e+03,1.3679e-09
2.5050e+03,1.3537e-09
2.5075e+03,1.3396e-09
2.5100e+03,1.3255e-09
2.5125e+03,1.3113e-09
2.5150e+03,1.2972e-09
2.5175e+03,1.2831e-09
2.5200e+03,1.2690e-09
2.5225e+03,1.2455e-09
2.5250e+03,1.2220e-09
2.5275e+03,1.1986e-09
2.5300e+03,1.1751e-09
2.5325e+03,1.1517e-09
2.5350e+03,1.1282e-09
2.5375e+03,1.1048e-09
2.5400e+03,1.0813e-09
2.5425e+03,1.0963e-09
2.5450e+03,1.1113e-09
2.5475e+03,1.1264e-09
2.5500e+03,1.1414e-09
2.5525e+03,1.1564e-09
2.5550e+03,1.1714e-09
2.5575e+03,1.1864e-09
2.5600e+03,1.2015e-09
2.5625e+03,1.2325e-09
2.5650e+03,1.2635e-09
2.5675e+03,1.2945e-09
2.5700e+03,1.3255e-09
2.5725e+03,1.3566e-09
2.5750e+03,1.3876e-09
2.5775e+03,1.4186e-09
2.5800e+03,1.4496e-09
2.5825e+03,1.4421e-09
2.5850e+03,1.4346e-09
2.5875e+03,1.4271e-09
2.5900e+03,1.4196e-09
2.5925e+03,1.4120e-09
2.5950e+03,1.4045e-09
2.5975e+03,1.3970e-09
2.6000e+03,1.3895e-09
2.6025e+03,1.3760e-09
2.6050e+03,1.3625e-09
2.6075e+03,1.3491e-09
2.6100e+03,1.3356e-09
2.6125e+03,1.3221e-09
2.6150e+03,1.3086e-09
2.6175e+03,1.2952e-09
2.6200e+03,1.2817e-09
2.6225e+03,1.3161e-09
2.6250e+03,1.3505e-09
2.6275e+03,1.3849e-09
2.6300e+03,1.4194e-09
2.6325e+03,1.4538e-09
2.6350e+03,1.4882e-09
2.6375e+03,1.5226e-09
2.6400e+03,1.5570e-09
2.6425e+03,1.5995e-09
2.6450e+03,1.6419e-09
2.6475e+03,1.6843e-09
2.6500e+03,1.7267e-09
2.6525e+03,1.7691e-09
2.6550e+03,1.8116e-09
2.6575e+03,1.8540e-09
2.6600e+03,1.8964e-09
2.6625e+03,1.8781e-09
2.6650e+03,1.8599e-09
2.6675e+03,1.8417e-09
2.6700e+03,1.8235e-09
2.6725e+03,1.8052e-09
2.6750e+03,1.7870e-09
2.6775e+03,1.7688e-09
2.6800e+03,1.7505e-09
2.6825e+03,1.7466e-09
2.6850e+03,1.7427e-09
2.6875e+03,1.7388e-09
2.6900e+03,1.7349e-09
2.6925e+03,1.7310e-09
2.6950e+03,1.7271e-09
2.6975e+03,1.7232e-09
2.7000e+03,1.7193e-09
2.7025e+03,1.7180e-09
2.7050e+03,1.7166e-09
2.7075e+03,1.7152e-09
2.7100e+03,1.7139e-09
2.7125e+03,1.7125e-09
2.7150e+03,1.7111e-09
2.7175e+03,1.7098e-09
2.7200e+03,1.7084e-09
2.7225e+03,1.7029e-09
2.7250e+03,1.6975e-09
2.7275e+03,1.6920e-09
2.7300e+03,1.6865e-09
2.7325e+03,1.6810e-09
2.7350e+03,1.6756e-09
2.7375e+03,1.6701e-09
2.7400e+03,1.6646e-09
2.7425e+03,1.6323e-09
2.7450e+03,1.5999e-09
2.7475e+03,1.5676e-09
2.7500e+03,1.5352e-09
2.7525e+03,1.5029e-09
2.7550e+03,1.4706e-09
2.7575e+03,1.4382e-09
2.7600e+03,1.4059e-09
2.7625e+03,1.4351e-09
2.7650e+03,1.4642e-09
2.7675e+03,1.4934e-09
2.7700e+03,1.5226e-09
2.7725e+03,1.5518e-09
2.7750e+03,1.5809e-09
2.7775e+03,1.6101e-09
2.7800e+03,1.6393e-09
2.7825e+03,1.5711e-09
2.7850e+03,1.5029e-09
2.7875e+03,1.4348e-09
2.7900e+03,1.3666e-09
2.7925e+03,1.2984e-09
2.7950e+03,1.2303e-09
2.7975e+03,1.1621e-09
2.8000e+03,1.0939e-09
2.8025e+03,1.1707e-09
2.8050e+03,1.2475e-09
2.8075e+03,1.3243e-09
2.8100e+03,1.4012e-09
2.8125e+03,1.4780e-09
2.8150e+03,1.5548e-09
2.8175e+03,1.6316e-09
2.8200e+03,1.7084e-09
2.8225e+03,1.7296e-09
2.8250e+03,1.7508e-09
2.8275e+03,1.7720e-09
2.8300e+03,1.7933e-09
2.8325e+03,1.8145e-09
2.8350e+03,1.8357e-09
2.8375e+03,1.8569e-09
2.8400e+03,1.8781e-09
2.8425e+03,1.8604e-09
2.8450e+03,1.8426e-09
2.8475e+03,1.8248e-09
2.8500e+03,1.8071e-09
2.8525e+03,1.7893e-09
2.8550e+03,1.7715e-09
2.8575e+03,1.7537e-09
2.8600e+03,1.7359e-09
2.8625e+03,1.7409e-09
2.8650e+03,1.7459e-09
2.8675e+03,1.7509e-09
2.8700e+03,1.7559e-09
2.8725e+03,1.7609e-09
2.8750e+03,1.7659e-09
2.8775e+03,1.7709e-09
2.8800e+03,1.7759e-09
2.8825e+03,1.7953e-09
2.8850e+03,1.8147e-09
2.8875e+03,1.8340e-09
2.8900e+03,1.8535e-09
2.8925e+03,1.8728e-09
2.8950e+03,1.8922e-09
2.8975e+03,1.9116e-09
2.9000e+03,1.9310e-09
2.9025e+03,1.9427e-09
2.9050e+03,1.9543e-09
2.9075e+03,1.9659e-09
2.9100e+03,1.9775e-09
2.9125e+03,1.9892e-09
2.9150e+03,2.0008e-09
2.9175e+03,2.0124e-09
2.9200e+03,2.0240e-09
2.9225e+03,2.0058e-09
2.9250e+03,1.9876e-09
2.9275e+03,1.9693e-09
2.9300e+03,1.9511e-09
2.9325e+03,1.9329e-09
2.9350e+03,1.9146e-09
2.9375e+03,1.8964e-09
2.9400e+03,1.8781e-09
2.9425e+03,1.8848e-09
2.9450e+03,1.8914e-09
2.9475e+03,1.8980e-09
2.9500e+03,1.9046e-09
2.9525e+03,1.9112e-09
2.9550e+03,1.9178e-09
2.9575e+03,1.9244e-09
2.9600e+03,1.9310e-09
2.9625e+03,1.9379e-09
2.9650e+03,1.9447e-09
2.9675e+03,1.9516e-09
2.9700e+03,1.9584e-09
2.9725e+03,1.9652e-09
2.9750e+03,1.9721e-09
2.9775e+03,1.9789e-09
2.9800e+03,1.9857e-09
2.9825e+03,1.9973e-09
2.9850e+03,2.0090e-09
2.9875e+03,2.0206e-09
2.9900e+03,2.0322e-09
2.9925e+03,2.0439e-09
2.9950e+03,2.0555e-09
2.9975e+03,2.0671e-09
3.0000e+03,2.0787e-09
3.0025e+03,2.0899e-09
3.0050e+03,2.1011e-09
3.0075e+03,2.1122e-09
3.0100e+03,2.1234e-09
3.0125e+03,2.1346e-09
3.0150e+03,2.1458e-09
3.0175e+03,2.1569e-09
3.0200e+03,2.1681e-09
3.0225e+03,2.1729e-09
3.0250e+03,2.1777e-09
3.0275e+03,2.1824e-09
3.0300e+03,2.1872e-09
3.0325e+03,2.1920e-09
3.0350e+03,2.1968e-09
3.0375e+03,2.2016e-09
3.0400e+03,2.2064e-09
3.0425e+03,2.2039e-09
3.0450e+03,2.2014e-09
3.0475e+03,2.1989e-09
3.0500e+03,2.1964e-09
3.0525e+03,2.1938e-09
3.0550e+03,2.1913e-09
3.0575e+03,2.1888e-09
3.0600e+03,2.1863e-09
3.0625e+03,2.1957e-09
3.0650e+03,2.2050e-09
3.0675e+03,2.2144e-09
3.0700e+03,2.2237e-09
3.0725e+03,2.2330e-09
3.0750e+03,2.2424e-09
3.0775e+03,2.2517e-09
3.0800e+03,2.2611e-09
3.0825e+03,2.2586e-09
3.0850e+03,2.2561e-09
3.0875e+03,2.2536e-09
3.0900e+03,2.2510e-09
3.0925e+03,2.2486e-09
3.0950e+03,2.2460e-09
3.0975e+03,2.2435e-09
3.1000e+03,2.2410e-09
3.1025e+03,2.2458e-09
3.1050e+03,2.2506e-09
3.1075e+03,2.2554e-09
3.1100e+03,2.2602e-09
3.1125e+03,2.2650e-09
3.1150e+03,2.2697e-09
3.1175e+03,2.2745e-09
3.1200e+03,2.2793e-09
3.1225e+03,2.2745e-09
3.1250e+03,2.2697e-09
3.1275e+03,2.2650e-09
3.1300e+03,2.2602e-09
3.1325e+03,2.2554e-09
3.1350e+03,2.2506e-09
3.1375e+03,2.2458e-09
3.1400e+03,2.2410e-09
3.1425e+03,2.2479e-09
3.1450e+03,2.2547e-09
3.1475e+03,2.2615e-09
3.1500e+03,2.2684e-09
3.1525e+03,2.2752e-09
3.1550e+03,2.2820e-09
3.1575e+03,2.2889e-09
3.1600e+03,2.2957e-09
3.1625e+03,2.2980e-09
3.1650e+03,2.3003e-09
3.1675e+03,2.3026e-09
3.1700e+03,2.3049e-09
3.1725e+03,2.3071e-09
3.1750e+03,2.3094e-09
3.1775e+03,2.3117e-09
3.1800e+03,2.3140e-09
3.1825e+03,2.3187e-09
3.1850e+03,2.3236e-09
3.1875e+03,2.3283e-09
3.1900e+03,2.3331e-09
3.1925e+03,2.3379e-09
3.1950e+03,2.3427e-09
3.1975e+03,2.3475e-09
3.2000e+03,2.3523e-09
3.2025e+03,2.3452e-09
3.2050e+03,2.3381e-09
3.2075e+03,2.3310e-09
3.2100e+03,2.3240e-09
3.2125e+03,2.3169e-09
3.2150e+03,2.3099e-09
3.2175e+03,2.3028e-09
3.2200e+03,2.2957e-09
3.2225e+03,2.2889e-09
3.2250e+03,2.2820e-09
3.2275e+03,2.2752e-09
3.2300e+03,2.2684e-09
3.2325e+03,2.2615e-09
3.2350e+03,2.2547e-09
3.2375e+03,2.2479e-09
3.2400e+03,2.2410e-09
3.2600e+03,2.4648e-09
3.2700e+03,2.3031e-09
3.2800e+03,2.2331e-09
3.2900e+03,2.2671e-09
3.3000e+03,2.3935e-09
3.3100e+03,2.3370e-09
3.3200e+03,2.3199e-09
3.3300e+03,2.3287e-09
3.3400e+03,2.2952e-09
3.3500e+03,2.3606e-09
3.3600e+03,2.3253e-09
3.3700e+03,2.2796e-09
3.3800e+03,2.2287e-09
3.3900e+03,2.3072e-09
3.4000e+03,2.2927e-09
3.4100e+03,2.3321e-09
3.4200e+03,2.3682e-09
3.4300e+03,2.4067e-09
3.4400e+03,2.3371e-09
3.4500e+03,2.4018e-09
3.4600e+03,2.4429e-09
3.4700e+03,2.3897e-09
3.4800e+03,2.3960e-09
3.4900e+03,2.3651e-09
3.5000e+03,2.3704e-09
3.5100e+03,2.4807e-09
3.5200e+03,2.4684e-09
3.5300e+03,2.4325e-09
3.5400e+03,2.4914e-09
3.5500e+03,2.5287e-09
3.5600e+03,2.4938e-09
3.5700e+03,2.4248e-09
3.5800e+03,2.4086e-09
3.5900e+03,2.4378e-09
3.6000e+03,2.4733e-09
3.6100e+03,2.4167e-09
3.6200e+03,2.4126e-09
3.6300e+03,2.4044e-09
3.6400e+03,2.4011e-09
3.6500e+03,2.4431e-09
3.6600e+03,2.4249e-09
3.6700e+03,2.4557e-09
3.6800e+03,2.4140e-09
3.6900e+03,2.4275e-09
3.7000e+03,2.5154e-09
3.7100e+03,2.6652e-09
3.7200e+03,2.8126e-09
3.7300e+03,2.9126e-09
3.7400e+03,3.2437e-09
3.7500e+03,3.3154e-09
3.7600e+03,3.5352e-09
3.7700e+03,3.4787e-09
3.7800e+03,4.0138e-09
3.7900e+03,4.3103e-09
3.8000e+03,3.7575e-09
3.8100e+03,4.3968e-09
3.8200e+03,4.9218e-09
3.8300e+03,3.9620e-09
3.8400e+03,3.5784e-09
3.8500e+03,4.6411e-09
3.8600e+03,5.4300e-09
3.8700e+03,5.4943e-09
3.8800e+03,4.7411e-09
3.8900e+03,3.6790e-09
3.9000e+03,4.1679e-09
3.9100e+03,5.4318e-09
3.9200e+03,5.9674e-09
3.9300e+03,5.5030e-09
3.9400e+03,5.3983e-09
3.9500e+03,5.9003e-09
3.9600e+03,5.1661e-09
3.9700e+03,3.8517e-09
3.9800e+03,4.5078e-09
3.9900e+03,6.0196e-09
4.0000e+03,6.4683e-09
4.0100e+03,6.4348e-09
4.0200e+03,6.5078e-09
4.0300e+03,6.4249e-09
4.0400e+03,6.3457e-09
4.0500e+03,6.3570e-09
4.0600e+03,6.3690e-09
4.0700e+03,6.1237e-09
4.0800e+03,5.8973e-09
4.0900e+03,5.3442e-09
4.1000e+03,4.1741e-09
4.1100e+03,4.3168e-09
4.1200e+03,5.5527e-09
4.1300e+03,6.0134e-09
4.1400e+03,6.0514e-09
4.1500e+03,6.1525e-09
4.1600e+03,6.0645e-09
4.1700e+03,5.9130e-09
4.1800e+03,5.8389e-09
4.1900e+03,5.9379e-09
4.2000e+03,5.9265e-09
4.2100e+03,5.9021e-09
4.2200e+03,5.9579e-09
4.2300e+03,5.8710e-09
4.2400e+03,5.8984e-09
4.2500e+03,5.9090e-09
4.2600e+03,5.9046e-09
4.2700e+03,5.8104e-09
4.2800e+03,5.7400e-09
4.2900e+03,5.6399e-09
4.3000e+03,5.3774e-09
4.3100e+03,5.2854e-09
4.3200e+03,5.1106e-09
4.3300e+03,3.9974e-09
4.3400e+03,3.4345e-09
4.3500e+03,3.4935e-09
4.3600e+03,5.0620e-09
4.3700e+03,5.4180e-09
4.3800e+03,5.4271e-09
4.3900e+03,5.4099e-09
4.4000e+03,5.3614e-09
4.4100e+03,5.3650e-09
4.4200e+03,5.3694e-09
4.4300e+03,5.3891e-09
4.4400e+03,5.3314e-09
4.4500e+03,5.2873e-09
4.4600e+03,5.2657e-09
4.4700e+03,5.2708e-09
4.4800e+03,5.2329e-09
4.4900e+03,5.1650e-09
4.5000e+03,5.2040e-09
4.5100e+03,5.2540e-09
4.5200e+03,5.2391e-09
4.5300e+03,5.1343e-09
4.5400e+03,5.2201e-09
4.5500e+03,5.1252e-09
4.5600e+03,5.1102e-09
4.5700e+03,5.1642e-09
4.5800e+03,5.1281e-09
4.5900e+03,5.0905e-09
4.6000e+03,5.1266e-09
4.6100e+03,5.1584e-09
4.6200e+03,5.0682e-09
4.6300e+03,5.0744e-09
4.6400e+03,5.0956e-09
4.6500e+03,5.0167e-09
4.6600e+03,5.0032e-09
4.6700e+03,5.0138e-09
4.6800e+03,5.0536e-09
4.6900e+03,5.0521e-09
4.7000e+03,5.0357e-09
4.7100e+03,5.0339e-09
4.7200e+03,5.0423e-09
4.7300e+03,5.0109e-09
4.7400e+03,4.9948e-09
4.7500e+03,4.9740e-09
4.7600e+03,4.8900e-09
4.7700e+03,4.8502e-09
4.7800e+03,4.8444e-09
4.7900e+03,4.8816e-09
4.8000e+03,4.8612e-09
4.8100e+03,4.7604e-09
4.8200e+03,4.7130e-09
4.8300e+03,4.6765e-09
4.8400e+03,4.5206e-09
4.8500e+03,4.0317e-09
4.8600e+03,3.3059e-09
4.8700e+03,3.4598e-09
4.8800e+03,4.3063e-09
4.8900e+03,4.4720e-09
4.9000e+03,4.5589e-09
4.9100e+03,4.5731e-09
4.9200e+03,4.4494e-09
4.9300e+03,4.4319e-09
4.9400e+03,4.4162e-09
4.9500e+03,4.4519e-09
4.9600e+03,4.4231e-09
4.9700e+03,4.4030e-09
4.9800e+03,4.3786e-09
4.9900e+03,4.3891e-09
5.0000e+03,4.3924e-09
5.0100e+03,4.3198e-09
5.0200e+03,4.2971e-09
5.0300e+03,4.2683e-09
5.0400e+03,4.2880e-09
5.0500e+03,4.1631e-09
5.0600e+03,4.2183e-09
5.0700e+03,4.2044e-09
5.0800e+03,4.1997e-09
5.0900e+03,4.2314e-09
5.1000e+03,4.1263e-09
5.1100e+03,4.1814e-09
5.1200e+03,4.1522e-09
5.1300e+03,4.0730e-09
5.1400e+03,4.0613e-09
5.1500e+03,4.0930e-09
5.1600e+03,4.0854e-09
5.1700e+03,3.9799e-09
5.1800e+03,3.9912e-09
5.1900e+03,4.0054e-09
5.2000e+03,3.9945e-09
5.2100e+03,3.9872e-09
5.2200e+03,3.9886e-09
5.2300e+03,3.9160e-09
5.2400e+03,3.8755e-09
5.2500e+03,3.9331e-09
5.2600e+03,3.8612e-09
5.2700e+03,3.7583e-09
5.2800e+03,3.8083e-09
5.2900e+03,3.8506e-09
5.3000e+03,3.8141e-09
5.3100e+03,3.8159e-09
5.3200e+03,3.7765e-09
5.3300e+03,3.7174e-09
5.3400e+03,3.7725e-09
5.3500e+03,3.7955e-09
5.3600e+03,3.7740e-09
5.3700e+03,3.7678e-09
5.3800e+03,3.7729e-09
5.3900e+03,3.7838e-09
5.4000e+03,3.7196e-09
5.4100e+03,3.7057e-09
5.4200e+03,3.7531e-09
5.4300e+03,3.7320e-09
5.4400e+03,3.7181e-09
5.4500e+03,3.7009e-09
5.4600e+03,3.6798e-09
5.4700e+03,3.6958e-09
5.4800e+03,3.7152e-09
5.4900e+03,3.6725e-09
5.5000e+03,3.7207e-09
5.5100e+03,3.6747e-09
5.5200e+03,3.6615e-09
5.5300e+03,3.6768e-09
5.5400e+03,3.6493e-09
5.5500e+03,3.6538e-09
5.5600e+03,3.6266e-09
5.5700e+03,3.6136e-09
5.5800e+03,3.5655e-09
5.5900e+03,3.5668e-09
5.6000e+03,3.5645e-09
5.6100e+03,3.5170e-09
5.6200e+03,3.5323e-09
5.6300e+03,3.5197e-09
5.6400e+03,3.5383e-09
5.6500e+03,3.5154e-09
5.6600e+03,3.5167e-09
5.6700e+03,3.4975e-09
5.6800e+03,3.5192e-09
5.6900e+03,3.4966e-09
5.7000e+03,3.4776e-09
5.7100e+03,3.4756e-09
5.7200e+03,3.4199e-09
5.7300e+03,3.4680e-09
5.7400e+03,3.4493e-09
5.7600e+03,3.4188e-09
5.7800e+03,3.3886e-09
5.8000e+03,3.3555e-09
5.8200e+03,3.3228e-09
5.8400e+03,3.2904e-09
5.8600e+03,3.2584e-09
5.8800e+03,3.2300e-09
5.9000e+03,3.1987e-09
5.9200e+03,3.1677e-09
5.9400e+03,3.1371e-09
5.9600e+03,3.1069e-09
5.9800e+03,3.0800e-09
6.0000e+03,3.0595e-09
6.0200e+03,3.0271e-09
6.0400e+03,3.0068e-09
6.0600e+03,2.9777e-09
6.0800e+03,2.9062e-09
6.1000e+03,2.9447e-09
6.1200e+03,2.9290e-09
6.1400e+03,2.8409e-09
6.1600e+03,2.8147e-09
6.1800e+03,2.8180e-09
6.2000e+03,2.8438e-09
6.2200e+03,2.8319e-09
6.2400e+03,2.7976e-09
6.2600e+03,2.8022e-09
6.2800e+03,2.7593e-09
6.3000e+03,2.7623e-09
6.3200e+03,2.7575e-09
6.3400e+03,2.7374e-09
6.3600e+03,2.6936e-09
6.3800e+03,2.6978e-09
6.4000e+03,2.7131e-09
6.4200e+03,2.6577e-09
6.4400e+03,2.6170e-09
6.4600e+03,2.6158e-09
6.4800e+03,2.5822e-09
6.5000e+03,2.5508e-09
6.5200e+03,2.5321e-09
6.5400e+03,2.4766e-09
6.5600e+03,2.2175e-09
6.5800e+03,2.2221e-09
6.6000e+03,2.4784e-09
6.6200e+03,2.5232e-09
6.6400e+03,2.5130e-09
6.6600e+03,2.5054e-09
6.6800e+03,2.4806e-09
6.7000e+03,2.5317e-09
6.7200e+03,2.4923e-09
6.7400e+03,2.4872e-09
6.7600e+03,2.5495e-09
6.7800e+03,2.5368e-09
6.8000e+03,2.4793e-09
6.8200e+03,2.4836e-09
6.8400e+03,2.5698e-09
6.8600e+03,2.4547e-09
6.8800e+03,2.3570e-09
6.9000e+03,2.3456e-09
6.9200e+03,2.4101e-09
6.9400e+03,2.4007e-09
6.9600e+03,2.3892e-09
6.9800e+03,2.3506e-09
7.0000e+03,2.3282e-09
7.0200e+03,2.3397e-09
7.0400e+03,2.3441e-09
7.0600e+03,2.2317e-09
7.0800e+03,2.2213e-09
7.1000e+03,2.2066e-09
7.1200e+03,2.1568e-09
7.1400e+03,2.1385e-09
7.1600e+03,2.1912e-09
7.1800e+03,2.2130e-09
7.2000e+03,2.0895e-09
7.2200e+03,2.0533e-09
7.2400e+03,2.0468e-09
7.2600e+03,2.0247e-09
7.2800e+03,2.0417e-09
7.3000e+03,2.0289e-09
7.3200e+03,2.0097e-09
7.3400e+03,1.9812e-09
7.3600e+03,2.0114e-09
7.3800e+03,2.0283e-09
7.4000e+03,2.0174e-09
7.4200e+03,1.9845e-09
7.4400e+03,1.9503e-09
7.4600e+03,1.9596e-09
7.4800e+03,1.9178e-09
7.5000e+03,1.9165e-09
7.5200e+03,1.8599e-09
7.5400e+03,1.8360e-09
7.5600e+03,1.8004e-09
7.5800e+03,1.9627e-09
7.6000e+03,1.7686e-09
7.6200e+03,1.6731e-09
7.6400e+03,1.7868e-09
7.6600e+03,1.7621e-09
7.6800e+03,1.6711e-09
7.7000e+03,1.8045e-09
7.7200e+03,1.8162e-09
7.7400e+03,1.8183e-09
7.7600e+03,1.7963e-09
7.7800e+03,1.7629e-09
7.8000e+03,1.7319e-09
7.8200e+03,1.7280e-09
7.8400e+03,1.7384e-09
7.8600e+03,1.7146e-09
7.8800e+03,1.6598e-09
7.9000e+03,1.6901e-09
7.9200e+03,1.6827e-09
7.9400e+03,1.6638e-09
7.9600e+03,1.6631e-09
7.9800e+03,1.6531e-09
8.0000e+03,1.6351e-09
8.0200e+03,1.6642e-09
8.0400e+03,1.5971e-09
8.0600e+03,1.6007e-09
8.0800e+03,1.5889e-09
8.1000e+03,1.5945e-09
8.1200e+03,1.6519e-09
8.1400e+03,1.6367e-09
8.1600e+03,1.6024e-09
8.1800e+03,1.5804e-09
8.2000e+03,1.5969e-09
8.2200e+03,1.5526e-09
8.2400e+03,1.5609e-09
8.2600e+03,1.5730e-09
8.2800e+03,1.5270e-09
8.3000e+03,1.5209e-09
8.3200e+03,1.4754e-09
8.3400e+03,1.4725e-09
8.3600e+03,1.5371e-09
8.3800e+03,1.5131e-09
8.4000e+03,1.5177e-09
8.4200e+03,1.5328e-09
8.4400e+03,1.4894e-09
8.4600e+03,1.5015e-09
8.4800e+03,1.5236e-09
8.5000e+03,1.4840e-09
8.5200e+03,1.4795e-09
8.5400e+03,1.4697e-09
8.5600e+03,1.5121e-09
8.5800e+03,1.4763e-09
8.6000e+03,1.4548e-09
8.6200e+03,1.4717e-09
8.6400e+03,1.4887e-09
8.6600e+03,1.3728e-09
8.6800e+03,1.3650e-09
8.7000e+03,1.4537e-09
8.7200e+03,1.5293e-09
8.7400e+03,1.3932e-09
8.7600e+03,1.3682e-09
8.7800e+03,1.4629e-09
8.8000e+03,1.4718e-09
8.8200e+03,1.4765e-09
8.8400e+03,1.4108e-09
8.8600e+03,1.2967e-09
8.8800e+03,1.2935e-09
8.9000e+03,1.3933e-09
8.9200e+03,1.3925e-09
8.9400e+03,1.4096e-09
8.9600e+03,1.4142e-09
8.9800e+03,1.4066e-09
9.0000e+03,1.2579e-09
9.0200e+03,1.2143e-09
9.0400e+03,1.3248e-09
9.0600e+03,1.3472e-09
9.0800e+03,1.2656e-09
9.1000e+03,1.2785e-09
9.1200e+03,1.2820e-09
9.1400e+03,1.2939e-09
9.1600e+03,1.2642e-09
9.1800e+03,1.3122e-09
9.2000e+03,1.3104e-09
9.2200e+03,1.2174e-09
9.2400e+03,1.1118e-09
9.2600e+03,1.1856e-09
9.2800e+03,1.2751e-09
9.3000e+03,1.3306e-09
9.3200e+03,1.3096e-09
9.3400e+03,1.3795e-09
9.3600e+03,1.2187e-09
9.3800e+03,1.2064e-09
9.4000e+03,1.2874e-09
9.4200e+03,1.2733e-09
9.4400e+03,1.2335e-09
9.4600e+03,1.2552e-09
9.4800e+03,1.2150e-09
9.5000e+03,1.2616e-09
9.5200e+03,1.2189e-09
9.5400e+03,1.0679e-09
9.5600e+03,1.0875e-09
9.5800e+03,1.1566e-09
9.6000e+03,1.1316e-09
9.6200e+03,1.1582e-09
9.6400e+03,1.0916e-09
9.6600e+03,1.1025e-09
9.6800e+03,1.0421e-09
9.7000e+03,1.0667e-09
9.7200e+03,1.0775e-09
9.7400e+03,1.0853e-09
9.7600e+03,1.0828e-09
9.7800e+03,1.0798e-09
9.8000e+03,1.1008e-09
9.8200e+03,1.0420e-09
9.8400e+03,1.0660e-09
9.8600e+03,1.0425e-09
9.8800e+03,1.0596e-09
9.9000e+03,1.0556e-09
9.9200e+03,1.0589e-09
9.9400e+03,1.0466e-09
9.9600e+03,1.0457e-09
9.9800e+03,1.0397e-09
1.0000e+04,1.0580e-09
1.0020e+04,1.0384e-09
1.0040e+04,9.3157e-10
1.0060e+04,9.1726e-10
1.0080e+04,9.8042e-10
1.0100e+04,9.7892e-10
1.0120e+04,9.7162e-10
1.0140e+04,1.0283e-09
1.0160e+04,1.0183e-09
1.0180e+04,1.0161e-09
1.0200e+04,9.8703e-10
1.0220e+04,9.6786e-10
1.0240e+04,9.7443e-10
1.0260e+04,9.7721e-10
1.0280e+04,9.7859e-10
1.0300e+04,9.5461e-10
1.0320e+04,9.4113e-10
1.0340e+04,9.5475e-10
1.0360e+04,9.6454e-10
1.0380e+04,9.6684e-10
1.0400e+04,9.7104e-10
1.0420e+04,9.5307e-10
1.0440e+04,9.1036e-10
1.0460e+04,8.8944e-10
1.0480e+04,8.8706e-10
1.0500e+04,9.0963e-10
1.0520e+04,9.1839e-10
1.0540e+04,8.9681e-10
1.0560e+04,9.2047e-10
1.0580e+04,9.0222e-10
1.0600e+04,8.9141e-10
1.0800e+04,8.4464e-10
1.1000e+04,7.9575e-10
1.1200e+04,7.4636e-10
1.1400e+04,6.9776e-10
1.1600e+04,6.5107e-10
1.1800e+04,6.0700e-10
1.2000e+04,5.6618e-10
1.2200e+04,5.2902e-10
1.2400e+04,4.9576e-10
1.2600e+04,4.6947e-10
1.2800e+04,4.3110e-10
1.3000e+04,4.2457e-10
1.3200e+04,4.0558e-10
1.3400e+04,3.8663e-10
1.3600e+04,3.6790e-10
1.3800e+04,3.5093e-10
1.4000e+04,3.3570e-10
1.4200e+04,3.2123e-10
1.4400e+04,3.0676e-10
1.4600e+04,2.9428e-10
1.4800e+04,2.8180e-10
1.5000e+04,2.6932e-10
1.5200e+04,2.5783e-10
1.5400e+04,2.4664e-10
1.5600e+04,2.3705e-10
1.5800e+04,2.2861e-10
1.6000e+04,2.2237e-10
1.6200e+04,2.1390e-10
1.6400e+04,2.0492e-10
1.6600e+04,1.9840e-10
1.6800e+04,1.8643e-10
1.7000e+04,1.8212e-10
1.7200e+04,1.7552e-10
1.7400e+04,1.6538e-10
1.7600e+04,1.6092e-10
1.7800e+04,1.5577e-10
1.8000e+04,1.4932e-10
1.8200e+04,1.4000e-10
1.8400e+04,1.3778e-10
1.8600e+04,1.3309e-10
1.8800e+04,1.2441e-10
1.9000e+04,1.2329e-10
1.9200e+04,1.1854e-10
1.9400e+04,1.1276e-10
1.9600e+04,1.0975e-10
1.9800e+04,1.0665e-10
2.0000e+04,1.0246e-10
2.0200e+04,9.8856e-11
2.0400e+04,9.5362e-11
2.0600e+04,9.1813e-11
2.0800e+04,8.8612e-11
2.1000e+04,8.5311e-11
2.1200e+04,8.2215e-11
2.1400e+04,7.9565e-11
2.1600e+04,7.5176e-11
2.1800e+04,7.3526e-11
2.2000e+04,7.1971e-11
2.2200e+04,6.9773e-11
2.2400e+04,6.7524e-11
2.2600e+04,6.5425e-11
2.2800e+04,6.3424e-11
2.3000e+04,6.1525e-11
2.3200e+04,5.9627e-11
2.3400e+04,5.7878e-11
2.3600e+04,5.6279e-11
2.3800e+04,5.4479e-11
2.4000e+04,5.2829e-11
2.4200e+04,5.1431e-11
2.4400e+04,4.9780e-11
2.4600e+04,4.8331e-11
2.4800e+04,4.6933e-11
2.5000e+04,4.5480e-11
2.5200e+04,4.4235e-11
2.5400e+04,4.2935e-11
2.5600e+04,4.1635e-11
