# wavelength, f_lambda
2.2900e+02,0.0000e+00
2.3400e+02,0.0000e+00
2.4300e+02,0.0000e+00
2.5200e+02,0.0000e+00
2.5600e+02,0.0000e+00
2.6000e+02,0.0000e+00
2.6600e+02,0.0000e+00
2.7500e+02,0.0000e+00
2.8300e+02,0.0000e+00
2.9300e+02,0.0000e+00
3.0100e+02,0.0000e+00
3.0900e+02,0.0000e+00
3.2500e+02,0.0000e+00
3.4200e+02,0.0000e+00
3.5100e+02,0.0000e+00
3.5600e+02,0.0000e+00
3.6500e+02,0.0000e+00
3.7500e+02,0.0000e+00
3.8400e+02,0.0000e+00
4.0000e+02,0.0000e+00
4.1500e+02,0.0000e+00
4.2500e+02,0.0000e+00
4.4500e+02,0.0000e+00
4.7200e+02,0.0000e+00
4.9400e+02,0.0000e+00
5.0600e+02,1.9584e-25
5.1600e+02,4.1702e-25
5.4000e+02,2.2084e-24
5.6400e+02,1.0205e-23
5.8700e+02,4.0160e-23
6.1200e+02,1.6412e-22
6.4000e+02,7.2440e-22
6.7100e+02,3.4085e-21
7.0500e+02,1.6636e-20
7.3600e+02,6.3903e-20
7.7000e+02,2.5124e-19
8.1000e+02,1.0986e-18
8.5000e+02,4.1983e-18
8.9000e+02,1.4202e-17
9.2000e+02,1.8468e-15
9.4000e+02,7.4757e-15
9.6200e+02,1.2735e-14
9.8700e+02,2.3158e-14
1.0120e+03,3.5284e-14
1.0370e+03,5.0250e-14
1.0620e+03,7.8288e-14
1.0870e+03,1.1195e-13
1.1120e+03,1.1919e-12
1.1200e+03,1.3232e-12
1.1400e+03,1.6206e-12
1.1600e+03,2.1688e-12
1.1800e+03,2.6105e-12
1.2000e+03,2.6106e-12
1.2200e+03,3.4585e-12
1.2400e+03,2.1108e-11
1.2600e+03,1.2584e-10
1.2800e+03,4.0375e-10
1.3000e+03,6.1469e-10
1.3200e+03,8.5323e-10
1.3400e+03,1.1127e-09
1.3600e+03,1.0665e-09
1.3800e+03,1.1792e-09
1.4000e+03,1.2760e-09
1.4200e+03,1.2760e-09
1.4400e+03,1.4862e-09
1.4600e+03,1.6685e-09
1.4800e+03,1.4179e-09
1.5000e+03,2.2387e-09
1.5200e+03,1.9248e-09
1.5400e+03,2.3179e-09
1.5600e+03,2.7286e-09
1.5800e+03,3.2521e-09
1.6000e+03,3.3660e-09
1.6200e+03,3.2065e-09
1.6400e+03,3.2521e-09
1.6600e+03,3.1103e-09
1.6800e+03,3.1331e-09
1.7000e+03,3.5199e-09
1.7200e+03,3.4634e-09
1.7400e+03,3.7426e-09
1.7600e+03,3.9078e-09
1.7800e+03,3.9780e-09
1.8000e+03,4.0478e-09
1.8200e+03,4.1179e-09
1.8400e+03,3.7989e-09
1.8600e+03,3.9188e-09
1.8800e+03,4.0617e-09
1.9000e+03,3.9250e-09
1.9200e+03,3.8281e-09
1.9400e+03,3.9078e-09
1.9600e+03,3.8965e-09
1.9800e+03,3.7083e-09
2.0000e+03,3.4401e-09
2.0025e+03,3.4238e-09
2.0050e+03,3.4075e-09
2.0075e+03,3.3912e-09
2.0100e+03,3.3749e-09
2.0125e+03,3.3586e-09
2.0150e+03,3.3423e-09
2.0175e+03,3.3260e-09
2.0200e+03,3.3097e-09
2.0225e+03,3.3139e-09
2.0250e+03,3.3182e-09
2.0275e+03,3.3225e-09
2.0300e+03,3.3267e-09
2.0325e+03,3.3310e-09
2.0350e+03,3.3353e-09
2.0375e+03,3.3396e-09
2.0400e+03,3.3438e-09
2.0425e+03,3.3460e-09
2.0450e+03,3.3481e-09
2.0475e+03,3.3502e-09
2.0500e+03,3.3524e-09
2.0525e+03,3.3545e-09
2.0550e+03,3.3567e-09
2.0575e+03,3.3588e-09
2.0600e+03,3.3609e-09
2.0625e+03,3.3537e-09
2.0650e+03,3.3465e-09
2.0675e+03,3.3393e-09
2.0700e+03,3.3321e-09
2.0725e+03,3.3250e-09
2.0750e+03,3.3178e-09
2.0775e+03,3.3106e-09
2.0800e+03,3.3034e-09
2.0825e+03,3.2927e-09
2.0850e+03,3.2820e-09
2.0875e+03,3.2714e-09
2.0900e+03,3.2607e-09
2.0925e+03,3.2500e-09
2.0950e+03,3.2393e-09
2.0975e+03,3.2286e-09
2.1000e+03,3.2179e-09
2.1025e+03,3.1809e-09
2.1050e+03,3.1439e-09
2.1075e+03,3.1069e-09
2.1100e+03,3.0698e-09
2.1125e+03,3.0328e-09
2.1150e+03,2.9958e-09
2.1175e+03,2.9588e-09
2.1200e+03,2.9217e-09
2.1225e+03,2.9046e-09
2.1250e+03,2.8876e-09
2.1275e+03,2.8705e-09
2.1300e+03,2.8534e-09
2.1325e+03,2.8363e-09
2.1350e+03,2.8192e-09
2.1375e+03,2.8021e-09
2.1400e+03,2.7850e-09
2.1425e+03,2.7965e-09
2.1450e+03,2.8079e-09
2.1475e+03,2.8194e-09
2.1500e+03,2.8309e-09
2.1525e+03,2.8423e-09
2.1550e+03,2.8538e-09
2.1575e+03,2.8653e-09
2.1600e+03,2.8767e-09
2.1625e+03,2.8660e-09
2.1650e+03,2.8552e-09
2.1675e+03,2.8445e-09
2.1700e+03,2.8337e-09
2.1725e+03,2.8229e-09
2.1750e+03,2.8122e-09
2.1775e+03,2.8015e-09
2.1800e+03,2.7907e-09
2.1825e+03,2.7864e-09
2.1850e+03,2.7822e-09
2.1875e+03,2.7779e-09
2.1900e+03,2.7736e-09
2.1925e+03,2.7693e-09
2.1950e+03,2.7651e-09
2.1975e+03,2.7608e-09
2.2000e+03,2.7565e-09
2.2025e+03,2.7303e-09
2.2050e+03,2.7040e-09
2.2075e+03,2.6777e-09
2.2100e+03,2.6514e-09
2.2125e+03,2.6252e-09
2.2150e+03,2.5989e-09
2.2175e+03,2.5726e-09
2.2200e+03,2.5463e-09
2.2225e+03,2.5584e-09
2.2250e+03,2.5705e-09
2.2275e+03,2.5826e-09
2.2300e+03,2.5948e-09
2.2325e+03,2.6069e-09
2.2350e+03,2.6190e-09
2.2375e+03,2.6310e-09
2.2400e+03,2.6432e-09
2.2425e+03,2.6160e-09
2.2450e+03,2.5889e-09
2.2475e+03,2.5618e-09
2.2500e+03,2.5346e-09
2.2525e+03,2.5075e-09
2.2550e+03,2.4804e-09
2.2575e+03,2.4533e-09
2.2600e+03,2.4261e-09
2.2625e+03,2.4468e-09
2.2650e+03,2.4674e-09
2.2675e+03,2.4881e-09
2.2700e+03,2.5087e-09
2.2725e+03,2.5294e-09
2.2750e+03,2.5500e-09
2.2775e+03,2.5707e-09
2.2800e+03,2.5913e-09
2.2825e+03,2.5658e-09
2.2850e+03,2.5402e-09
2.2875e+03,2.5147e-09
2.2900e+03,2.4891e-09
2.2925e+03,2.4635e-09
2.2950e+03,2.4379e-09
2.2975e+03,2.4124e-09
2.3000e+03,2.3868e-09
2.3025e+03,2.3718e-09
2.3050e+03,2.3568e-09
2.3075e+03,2.3418e-09
2.3100e+03,2.3267e-09
2.3125e+03,2.3117e-09
2.3150e+03,2.2967e-09
2.3175e+03,2.2816e-09
2.3200e+03,2.2666e-09
2.3225e+03,2.2467e-09
2.3250e+03,2.2267e-09
2.3275e+03,2.2068e-09
2.3300e+03,2.1869e-09
2.3325e+03,2.1670e-09
2.3350e+03,2.1470e-09
2.3375e+03,2.1271e-09
2.3400e+03,2.1071e-09
2.3425e+03,2.1135e-09
2.3450e+03,2.1199e-09
2.3475e+03,2.1264e-09
2.3500e+03,2.1328e-09
2.3525e+03,2.1392e-09
2.3550e+03,2.1456e-09
2.3575e+03,2.1520e-09
2.3600e+03,2.1584e-09
2.3625e+03,2.1371e-09
2.3650e+03,2.1158e-09
2.3675e+03,2.0945e-09
2.3700e+03,2.0732e-09
2.3725e+03,2.0520e-09
2.3750e+03,2.0306e-09
2.3775e+03,2.0094e-09
2.3800e+03,1.9881e-09
2.3825e+03,1.9817e-09
2.3850e+03,1.9752e-09
2.3875e+03,1.9688e-09
2.3900e+03,1.9625e-09
2.3925e+03,1.9560e-09
2.3950e+03,1.9496e-09
2.3975e+03,1.9432e-09
2.4000e+03,1.9368e-09
2.4025e+03,1.9788e-09
2.4050e+03,2.0208e-09
2.4075e+03,2.0628e-09
2.4100e+03,2.1048e-09
2.4125e+03,2.1469e-09
2.4150e+03,2.1889e-09
2.4175e+03,2.2309e-09
2.4200e+03,2.2729e-09
2.4225e+03,2.2878e-09
2.4250e+03,2.3027e-09
2.4275e+03,2.3175e-09
2.4300e+03,2.3324e-09
2.4325e+03,2.3473e-09
2.4350e+03,2.3622e-09
2.4375e+03,2.3771e-09
2.4400e+03,2.3919e-09
2.4425e+03,2.3834e-09
2.4450e+03,2.3749e-09
2.4475e+03,2.3663e-09
2.4500e+03,2.3578e-09
2.4525e+03,2.3492e-09
2.4550e+03,2.3407e-09
2.4575e+03,2.3321e-09
2.4600e+03,2.3236e-09
2.4625e+03,2.3315e-09
2.4650e+03,2.3394e-09
2.4675e+03,2.3473e-09
2.4700e+03,2.3552e-09
2.4725e+03,2.3631e-09
2.4750e+03,2.3710e-09
2.4775e+03,2.3789e-09
2.4800e+03,2.3868e-09
2.4825e+03,2.3939e-09
2.4850e+03,2.4011e-09
2.4875e+03,2.4082e-09
2.4900e+03,2.4153e-09
2.4925e+03,2.4224e-09
2.4950e+03,2.4295e-09
2.4975e+03,2.4367e-09
2.5000e+03,2.4438e-09
2.5025e+03,2.4075e-09
2.5050e+03,2.3711e-09
2.5075e+03,2.3348e-09
2.5100e+03,2.2985e-09
2.5125e+03,2.2622e-09
2.5150e+03,2.2259e-09
2.5175e+03,2.1896e-09
2.5200e+03,2.1533e-09
2.5225e+03,2.1412e-09
2.5250e+03,2.1291e-09
2.5275e+03,2.1170e-09
2.5300e+03,2.1048e-09
2.5325e+03,2.0927e-09
2.5350e+03,2.0806e-09
2.5375e+03,2.0685e-09
2.5400e+03,2.0564e-09
2.5425e+03,2.0863e-09
2.5450e+03,2.1162e-09
2.5475e+03,2.1462e-09
2.5500e+03,2.1761e-09
2.5525e+03,2.2060e-09
2.5550e+03,2.2358e-09
2.5575e+03,2.2658e-09
2.5600e+03,2.2957e-09
2.5625e+03,2.3077e-09
2.5650e+03,2.3198e-09
2.5675e+03,2.3318e-09
2.5700e+03,2.3438e-09
2.5725e+03,2.3559e-09
2.5750e+03,2.3679e-09
2.5775e+03,2.3799e-09
2.5800e+03,2.3919e-09
2.5825e+03,2.3728e-09
2.5850e+03,2.3536e-09
2.5875e+03,2.3345e-09
2.5900e+03,2.3153e-09
2.5925e+03,2.2962e-09
2.5950e+03,2.2770e-09
2.5975e+03,2.2579e-09
2.6000e+03,2.2387e-09
2.6025e+03,2.2465e-09
2.6050e+03,2.2542e-09
2.6075e+03,2.2620e-09
2.6100e+03,2.2698e-09
2.6125e+03,2.2775e-09
2.6150e+03,2.2853e-09
2.6175e+03,2.2930e-09
2.6200e+03,2.3008e-09
2.6225e+03,2.3408e-09
2.6250e+03,2.3807e-09
2.6275e+03,2.4207e-09
2.6300e+03,2.4606e-09
2.6325e+03,2.5005e-09
2.6350e+03,2.5405e-09
2.6375e+03,2.5804e-09
2.6400e+03,2.6204e-09
2.6425e+03,2.6361e-09
2.6450e+03,2.6517e-09
2.6475e+03,2.6674e-09
2.6500e+03,2.6831e-09
2.6525e+03,2.6987e-09
2.6550e+03,2.7144e-09
2.6575e+03,2.7301e-09
2.6600e+03,2.7457e-09
2.6625e+03,2.7165e-09
2.6650e+03,2.6873e-09
2.6675e+03,2.6581e-09
2.6700e+03,2.6289e-09
2.6725e+03,2.5997e-09
2.6750e+03,2.5705e-09
2.6775e+03,2.5413e-09
2.6800e+03,2.5121e-09
2.6825e+03,2.5171e-09
2.6850e+03,2.5221e-09
2.6875e+03,2.5271e-09
2.6900e+03,2.5321e-09
2.6925e+03,2.5371e-09
2.6950e+03,2.5421e-09
2.6975e+03,2.5470e-09
2.7000e+03,2.5520e-09
2.7025e+03,2.5484e-09
2.7050e+03,2.5448e-09
2.7075e+03,2.5411e-09
2.7100e+03,2.5375e-09
2.7125e+03,2.5339e-09
2.7150e+03,2.5302e-09
2.7175e+03,2.5266e-09
2.7200e+03,2.5230e-09
2.7225e+03,2.4959e-09
2.7250e+03,2.4689e-09
2.7275e+03,2.4418e-09
2.7300e+03,2.4147e-09
2.7325e+03,2.3877e-09
2.7350e+03,2.3606e-09
2.7375e+03,2.3336e-09
2.7400e+03,2.3065e-09
2.7425e+03,2.3137e-09
2.7450e+03,2.3209e-09
2.7475e+03,2.3281e-09
2.7500e+03,2.3353e-09
2.7525e+03,2.3424e-09
2.7550e+03,2.3496e-09
2.7575e+03,2.3568e-09
2.7600e+03,2.3640e-09
2.7625e+03,2.3725e-09
2.7650e+03,2.3810e-09
2.7675e+03,2.3894e-09
2.7700e+03,2.3979e-09
2.7725e+03,2.4064e-09
2.7750e+03,2.4149e-09
2.7775e+03,2.4234e-09
2.7800e+03,2.4318e-09
2.7825e+03,2.4026e-09
2.7850e+03,2.3734e-09
2.7875e+03,2.3442e-09
2.7900e+03,2.3150e-09
2.7925e+03,2.2858e-09
2.7950e+03,2.2566e-09
2.7975e+03,2.2275e-09
2.8000e+03,2.1983e-09
2.8025e+03,2.2653e-09
2.8050e+03,2.3323e-09
2.8075e+03,2.3993e-09
2.8100e+03,2.4663e-09
2.8125e+03,2.5333e-09
2.8150e+03,2.6003e-09
2.8175e+03,2.6673e-09
2.8200e+03,2.7343e-09
2.8225e+03,2.6994e-09
2.8250e+03,2.6645e-09
2.8275e+03,2.6296e-09
2.8300e+03,2.5948e-09
2.8325e+03,2.5599e-09
2.8350e+03,2.5250e-09
2.8375e+03,2.4901e-09
2.8400e+03,2.4552e-09
2.8425e+03,2.4552e-09
2.8450e+03,2.4552e-09
2.8475e+03,2.4552e-09
2.8500e+03,2.4552e-09
2.8525e+03,2.4552e-09
2.8550e+03,2.4552e-09
2.8575e+03,2.4552e-09
2.8600e+03,2.4552e-09
2.8625e+03,2.4580e-09
2.8650e+03,2.4609e-09
2.8675e+03,2.4637e-09
2.8700e+03,2.4666e-09
2.8725e+03,2.4694e-09
2.8750e+03,2.4723e-09
2.8775e+03,2.4751e-09
2.8800e+03,2.4780e-09
2.8825e+03,2.5042e-09
2.8850e+03,2.5305e-09
2.8875e+03,2.5568e-09
2.8900e+03,2.5831e-09
2.8925e+03,2.6093e-09
2.8950e+03,2.6356e-09
2.8975e+03,2.6619e-09
2.9000e+03,2.6882e-09
2.9025e+03,2.6776e-09
2.9050e+03,2.6669e-09
2.9075e+03,2.6563e-09
2.9100e+03,2.6457e-09
2.9125e+03,2.6351e-09
2.9150e+03,2.6245e-09
2.9175e+03,2.6139e-09
2.9200e+03,2.6033e-09
2.9225e+03,2.6046e-09
2.9250e+03,2.6060e-09
2.9275e+03,2.6074e-09
2.9300e+03,2.6087e-09
2.9325e+03,2.6100e-09
2.9350e+03,2.6114e-09
2.9375e+03,2.6128e-09
2.9400e+03,2.6141e-09
2.9425e+03,2.6177e-09
2.9450e+03,2.6214e-09
2.9475e+03,2.6250e-09
2.9500e+03,2.6286e-09
2.9525e+03,2.6323e-09
2.9550e+03,2.6359e-09
2.9575e+03,2.6395e-09
2.9600e+03,2.6432e-09
2.9625e+03,2.6503e-09
2.9650e+03,2.6574e-09
2.9675e+03,2.6645e-09
2.9700e+03,2.6717e-09
2.9725e+03,2.6788e-09
2.9750e+03,2.6859e-09
2.9775e+03,2.6930e-09
2.9800e+03,2.7001e-09
2.9825e+03,2.7072e-09
2.9850e+03,2.7142e-09
2.9875e+03,2.7213e-09
2.9900e+03,2.7283e-09
2.9925e+03,2.7354e-09
2.9950e+03,2.7424e-09
2.9975e+03,2.7495e-09
3.0000e+03,2.7565e-09
3.0025e+03,2.7579e-09
3.0050e+03,2.7594e-09
3.0075e+03,2.7608e-09
3.0100e+03,2.7622e-09
3.0125e+03,2.7636e-09
3.0150e+03,2.7651e-09
3.0175e+03,2.7665e-09
3.0200e+03,2.7679e-09
3.0225e+03,2.7644e-09
3.0250e+03,2.7608e-09
3.0275e+03,2.7572e-09
3.0300e+03,2.7537e-09
3.0325e+03,2.7501e-09
3.0350e+03,2.7466e-09
3.0375e+03,2.7430e-09
3.0400e+03,2.7394e-09
3.0425e+03,2.7424e-09
3.0450e+03,2.7453e-09
3.0475e+03,2.7482e-09
3.0500e+03,2.7511e-09
3.0525e+03,2.7540e-09
3.0550e+03,2.7569e-09
3.0575e+03,2.7599e-09
3.0600e+03,2.7628e-09
3.0625e+03,2.7713e-09
3.0650e+03,2.7799e-09
3.0675e+03,2.7884e-09
3.0700e+03,2.7970e-09
3.0725e+03,2.8055e-09
3.0750e+03,2.8141e-09
3.0775e+03,2.8226e-09
3.0800e+03,2.8311e-09
3.0825e+03,2.8269e-09
3.0850e+03,2.8226e-09
3.0875e+03,2.8183e-09
3.0900e+03,2.8141e-09
3.0925e+03,2.8098e-09
3.0950e+03,2.8055e-09
3.0975e+03,2.8012e-09
3.1000e+03,2.7970e-09
3.1025e+03,2.7976e-09
3.1050e+03,2.7982e-09
3.1075e+03,2.7989e-09
3.1100e+03,2.7995e-09
3.1125e+03,2.8002e-09
3.1150e+03,2.8008e-09
3.1175e+03,2.8015e-09
3.1200e+03,2.8021e-09
3.1225e+03,2.8072e-09
3.1250e+03,2.8122e-09
3.1275e+03,2.8172e-09
3.1300e+03,2.8223e-09
3.1325e+03,2.8274e-09
3.1350e+03,2.8324e-09
3.1375e+03,2.8375e-09
3.1400e+03,2.8425e-09
3.1425e+03,2.8447e-09
3.1450e+03,2.8468e-09
3.1475e+03,2.8490e-09
3.1500e+03,2.8511e-09
3.1525e+03,2.8532e-09
3.1550e+03,2.8554e-09
3.1575e+03,2.8575e-09
3.1600e+03,2.8596e-09
3.1625e+03,2.8539e-09
3.1650e+03,2.8482e-09
3.1675e+03,2.8425e-09
3.1700e+03,2.8368e-09
3.1725e+03,2.8311e-09
3.1750e+03,2.8255e-09
3.1775e+03,2.8198e-09
3.1800e+03,2.8141e-09
3.1825e+03,2.8133e-09
3.1850e+03,2.8125e-09
3.1875e+03,2.8117e-09
3.1900e+03,2.8109e-09
3.1925e+03,2.8102e-09
3.1950e+03,2.8094e-09
3.1975e+03,2.8086e-09
3.2000e+03,2.8078e-09
3.2025e+03,2.8014e-09
3.2050e+03,2.7950e-09
3.2075e+03,2.7886e-09
3.2100e+03,2.7822e-09
3.2125e+03,2.7757e-09
3.2150e+03,2.7693e-09
3.2175e+03,2.7629e-09
3.2200e+03,2.7565e-09
3.2225e+03,2.7608e-09
3.2250e+03,2.7651e-09
3.2275e+03,2.7693e-09
3.2300e+03,2.7736e-09
3.2325e+03,2.7779e-09
3.2350e+03,2.7822e-09
3.2375e+03,2.7864e-09
3.2400e+03,2.7907e-09
3.2600e+03,2.9900e-09
3.2700e+03,2.8514e-09
3.2800e+03,2.6411e-09
3.2900e+03,2.8552e-09
3.3000e+03,3.0055e-09
3.3100e+03,2.8527e-09
3.3200e+03,2.8612e-09
3.3300e+03,2.8028e-09
3.3400e+03,2.7008e-09
3.3500e+03,2.8677e-09
3.3600e+03,2.8013e-09
3.3700e+03,2.7405e-09
3.3800e+03,2.7711e-09
3.3900e+03,2.8366e-09
3.4000e+03,2.8218e-09
3.4100e+03,2.9001e-09
3.4200e+03,2.9159e-09
3.4300e+03,2.9231e-09
3.4400e+03,2.8185e-09
3.4500e+03,2.7681e-09
3.4600e+03,2.8051e-09
3.4700e+03,2.7400e-09
3.4800e+03,2.7784e-09
3.4900e+03,2.7212e-09
3.5000e+03,2.7333e-09
3.5100e+03,2.7869e-09
3.5200e+03,2.7958e-09
3.5300e+03,2.8721e-09
3.5400e+03,2.7913e-09
3.5500e+03,2.8389e-09
3.5600e+03,2.7946e-09
3.5700e+03,2.7575e-09
3.5800e+03,2.6116e-09
3.5900e+03,2.6751e-09
3.6000e+03,2.7379e-09
3.6100e+03,2.6942e-09
3.6200e+03,2.7626e-09
3.6300e+03,2.7574e-09
3.6400e+03,2.7497e-09
3.6500e+03,2.8159e-09
3.6600e+03,2.8616e-09
3.6700e+03,2.8777e-09
3.6800e+03,2.8000e-09
3.6900e+03,2.8193e-09
3.7000e+03,2.7937e-09
3.7100e+03,2.8501e-09
3.7200e+03,3.0622e-09
3.7300e+03,3.0771e-09
3.7400e+03,3.1420e-09
3.7500e+03,3.4352e-09
3.7600e+03,3.5452e-09
3.7700e+03,3.6510e-09
3.7800e+03,4.3230e-09
3.7900e+03,4.2170e-09
3.8000e+03,3.8983e-09
3.8100e+03,5.0542e-09
3.8200e+03,5.2622e-09
3.8300e+03,3.9484e-09
3.8400e+03,3.9264e-09
3.8500e+03,5.4295e-09
3.8600e+03,6.2953e-09
3.8700e+03,6.0980e-09
3.8800e+03,4.6318e-09
3.8900e+03,3.7013e-09
3.9000e+03,4.7619e-09
3.9100e+03,6.1433e-09
3.9200e+03,6.6231e-09
3.9300e+03,5.8005e-09
3.9400e+03,5.7431e-09
3.9500e+03,6.1959e-09
3.9600e+03,4.7063e-09
3.9700e+03,3.7269e-09
3.9800e+03,5.0301e-09
3.9900e+03,6.6973e-09
4.0000e+03,7.3873e-09
4.0100e+03,7.6968e-09
4.0200e+03,7.6859e-09
4.0300e+03,7.6614e-09
4.0400e+03,7.6299e-09
4.0500e+03,7.5455e-09
4.0600e+03,7.2703e-09
4.0700e+03,6.8058e-09
4.0800e+03,6.1608e-09
4.0900e+03,4.9859e-09
4.1000e+03,3.9045e-09
4.1100e+03,4.6997e-09
4.1200e+03,6.0070e-09
4.1300e+03,6.6611e-09
4.1400e+03,7.1260e-09
4.1500e+03,7.2119e-09
4.1600e+03,7.2850e-09
4.1700e+03,7.1556e-09
4.1800e+03,6.9900e-09
4.1900e+03,7.1497e-09
4.2000e+03,7.2459e-09
4.2100e+03,7.2795e-09
4.2200e+03,7.1340e-09
4.2300e+03,7.0580e-09
4.2400e+03,7.0485e-09
4.2500e+03,7.0518e-09
4.2600e+03,7.1154e-09
4.2700e+03,7.0883e-09
4.2800e+03,6.8881e-09
4.2900e+03,6.4937e-09
4.3000e+03,6.2332e-09
4.3100e+03,5.8867e-09
4.3200e+03,5.4434e-09
4.3300e+03,4.2429e-09
4.3400e+03,3.6301e-09
4.3500e+03,4.7114e-09
4.3600e+03,5.8845e-09
4.3700e+03,6.2986e-09
4.3800e+03,6.2865e-09
4.3900e+03,6.3319e-09
4.4000e+03,6.4155e-09
4.4100e+03,6.4148e-09
4.4200e+03,6.4137e-09
4.4300e+03,6.5073e-09
4.4400e+03,6.3728e-09
4.4500e+03,6.3001e-09
4.4600e+03,6.1455e-09
4.4700e+03,6.1071e-09
4.4800e+03,6.0687e-09
4.4900e+03,6.1338e-09
4.5000e+03,6.1393e-09
4.5100e+03,6.1389e-09
4.5200e+03,6.0636e-09
4.5300e+03,5.9679e-09
4.5400e+03,5.9361e-09
4.5500e+03,5.8520e-09
4.5600e+03,5.9415e-09
4.5700e+03,5.9891e-09
4.5800e+03,5.8224e-09
4.5900e+03,5.8696e-09
4.6000e+03,5.9737e-09
4.6100e+03,5.9372e-09
4.6200e+03,5.9065e-09
4.6300e+03,5.8502e-09
4.6400e+03,5.8710e-09
4.6500e+03,5.8604e-09
4.6600e+03,5.6843e-09
4.6700e+03,5.6404e-09
4.6800e+03,5.7610e-09
4.6900e+03,5.7413e-09
4.7000e+03,5.6375e-09
4.7100e+03,5.6978e-09
4.7200e+03,5.6686e-09
4.7300e+03,5.6251e-09
4.7400e+03,5.5673e-09
4.7500e+03,5.5439e-09
4.7600e+03,5.4723e-09
4.7700e+03,5.4782e-09
4.7800e+03,5.4219e-09
4.7900e+03,5.3758e-09
4.8000e+03,5.3389e-09
4.8100e+03,5.2457e-09
4.8200e+03,4.9607e-09
4.8300e+03,4.7345e-09
4.8400e+03,4.2860e-09
4.8500e+03,3.3243e-09
4.8600e+03,2.8680e-09
4.8700e+03,3.5154e-09
4.8800e+03,4.2206e-09
4.8900e+03,4.5733e-09
4.9000e+03,4.7549e-09
4.9100e+03,4.7670e-09
4.9200e+03,4.7655e-09
4.9300e+03,4.8317e-09
4.9400e+03,4.8569e-09
4.9500e+03,4.8554e-09
4.9600e+03,4.8624e-09
4.9700e+03,4.8697e-09
4.9800e+03,4.7440e-09
4.9900e+03,4.7293e-09
5.0000e+03,4.7235e-09
5.0100e+03,4.6091e-09
5.0200e+03,4.6643e-09
5.0300e+03,4.6848e-09
5.0400e+03,4.6062e-09
5.0500e+03,4.6047e-09
5.0600e+03,4.5864e-09
5.0700e+03,4.4666e-09
5.0800e+03,4.5042e-09
5.0900e+03,4.4739e-09
5.1000e+03,4.4224e-09
5.1100e+03,4.5309e-09
5.1200e+03,4.5550e-09
5.1300e+03,4.4954e-09
5.1400e+03,4.3953e-09
5.1500e+03,4.4275e-09
5.1600e+03,4.3080e-09
5.1700e+03,4.2506e-09
5.1800e+03,4.3072e-09
5.1900e+03,4.2301e-09
5.2000e+03,4.2988e-09
5.2100e+03,4.2177e-09
5.2200e+03,4.1779e-09
5.2300e+03,4.0894e-09
5.2400e+03,4.1179e-09
5.2500e+03,4.1972e-09
5.2600e+03,4.0390e-09
5.2700e+03,3.9451e-09
5.2800e+03,4.0087e-09
5.2900e+03,4.0989e-09
5.3000e+03,4.0291e-09
5.3100e+03,3.9403e-09
5.3200e+03,3.8906e-09
5.3300e+03,3.8723e-09
5.3400e+03,3.9228e-09
5.3500e+03,3.9732e-09
5.3600e+03,3.8822e-09
5.3700e+03,3.8036e-09
5.3800e+03,3.8234e-09
5.3900e+03,3.7751e-09
5.4000e+03,3.7254e-09
5.4100e+03,3.7108e-09
5.4200e+03,3.6336e-09
5.4300e+03,3.6644e-09
5.4400e+03,3.6867e-09
5.4500e+03,3.7185e-09
5.4600e+03,3.6410e-09
5.4700e+03,3.5890e-09
5.4800e+03,3.5865e-09
5.4900e+03,3.6010e-09
5.5000e+03,3.5918e-09
5.5100e+03,3.5939e-09
5.5200e+03,3.5763e-09
5.5300e+03,3.5347e-09
5.5400e+03,3.5402e-09
5.5500e+03,3.5260e-09
5.5600e+03,3.5260e-09
5.5700e+03,3.5032e-09
5.5800e+03,3.4064e-09
5.5900e+03,3.3984e-09
5.6000e+03,3.4372e-09
5.6100e+03,3.4038e-09
5.6200e+03,3.4114e-09
5.6300e+03,3.3431e-09
5.6400e+03,3.3385e-09
5.6500e+03,3.3400e-09
5.6600e+03,3.3204e-09
5.6700e+03,3.2655e-09
5.6800e+03,3.2689e-09
5.6900e+03,3.2355e-09
5.7000e+03,3.2591e-09
5.7100e+03,3.2012e-09
5.7200e+03,3.1906e-09
5.7300e+03,3.2214e-09
5.7400e+03,3.1834e-09
5.7600e+03,3.1840e-09
5.7800e+03,3.1274e-09
5.8000e+03,3.1279e-09
5.8200e+03,3.1035e-09
5.8400e+03,3.0852e-09
5.8600e+03,3.0028e-09
5.8800e+03,2.9135e-09
5.9000e+03,2.9346e-09
5.9200e+03,2.9422e-09
5.9400e+03,2.9060e-09
5.9600e+03,2.8921e-09
5.9800e+03,2.9039e-09
6.0000e+03,2.8764e-09
6.0200e+03,2.8652e-09
6.0400e+03,2.9292e-09
6.0600e+03,2.8718e-09
6.0800e+03,2.8733e-09
6.1000e+03,2.8581e-09
6.1200e+03,2.8219e-09
6.1400e+03,2.6987e-09
6.1600e+03,2.6961e-09
6.1800e+03,2.6707e-09
6.2000e+03,2.6680e-09
6.2200e+03,2.6094e-09
6.2400e+03,2.5724e-09
6.2600e+03,2.5934e-09
6.2800e+03,2.5597e-09
6.3000e+03,2.5344e-09
6.3200e+03,2.5102e-09
6.3400e+03,2.4800e-09
6.3600e+03,2.4798e-09
6.3800e+03,2.4388e-09
6.4000e+03,2.4268e-09
6.4200e+03,2.3928e-09
6.4400e+03,2.3593e-09
6.4600e+03,2.3662e-09
6.4800e+03,2.3069e-09
6.5000e+03,2.2549e-09
6.5200e+03,2.1807e-09
6.5400e+03,1.8440e-09
6.5600e+03,1.7947e-09
6.5800e+03,2.0526e-09
6.6000e+03,2.1906e-09
6.6200e+03,2.1986e-09
6.6400e+03,2.1705e-09
6.6600e+03,2.1718e-09
6.6800e+03,2.1627e-09
6.7000e+03,2.1530e-09
6.7200e+03,2.1252e-09
6.7400e+03,2.0897e-09
6.7600e+03,2.0702e-09
6.7800e+03,2.0676e-09
6.8000e+03,2.0540e-09
6.8200e+03,2.0464e-09
6.8400e+03,2.0298e-09
6.8600e+03,1.9646e-09
6.8800e+03,1.8952e-09
6.9000e+03,1.9538e-09
6.9200e+03,1.9566e-09
6.9400e+03,1.9082e-09
6.9600e+03,1.8840e-09
6.9800e+03,1.8584e-09
7.0000e+03,1.8484e-09
7.0200e+03,1.8384e-09
7.0400e+03,1.7966e-09
7.0600e+03,1.8406e-09
7.0800e+03,1.8254e-09
7.1000e+03,1.8106e-09
7.1200e+03,1.8043e-09
7.1400e+03,1.7638e-09
7.1600e+03,1.7407e-09
7.1800e+03,1.7203e-09
7.2000e+03,1.7236e-09
7.2200e+03,1.6830e-09
7.2400e+03,1.6437e-09
7.2600e+03,1.6442e-09
7.2800e+03,1.6447e-09
7.3000e+03,1.6461e-09
7.3200e+03,1.6414e-09
7.3400e+03,1.6252e-09
7.3600e+03,1.6059e-09
7.3800e+03,1.5978e-09
7.4000e+03,1.5990e-09
7.4200e+03,1.5741e-09
7.4400e+03,1.5798e-09
7.4600e+03,1.5545e-09
7.4800e+03,1.5647e-09
7.5000e+03,1.5599e-09
7.5200e+03,1.5713e-09
7.5400e+03,1.5955e-09
7.5600e+03,1.5794e-09
7.5800e+03,1.3686e-09
7.6000e+03,1.1499e-09
7.6200e+03,1.4995e-09
7.6400e+03,1.4982e-09
7.6600e+03,1.4736e-09
7.6800e+03,1.3681e-09
7.7000e+03,1.4296e-09
7.7200e+03,1.4334e-09
7.7400e+03,1.4078e-09
7.7600e+03,1.3777e-09
7.7800e+03,1.3825e-09
7.8000e+03,1.3885e-09
7.8200e+03,1.3861e-09
7.8400e+03,1.3984e-09
7.8600e+03,1.3591e-09
7.8800e+03,1.3286e-09
7.9000e+03,1.3268e-09
7.9200e+03,1.3175e-09
7.9400e+03,1.3147e-09
7.9600e+03,1.2943e-09
7.9800e+03,1.2666e-09
8.0000e+03,1.2737e-09
8.0200e+03,1.2529e-09
8.0400e+03,1.2464e-09
8.0600e+03,1.2617e-09
8.0800e+03,1.2284e-09
8.1000e+03,1.2238e-09
8.1200e+03,1.2011e-09
8.1400e+03,1.1632e-09
8.1600e+03,1.1304e-09
8.1800e+03,1.1499e-09
8.2000e+03,1.0827e-09
8.2200e+03,1.0474e-09
8.2400e+03,1.0184e-09
8.2600e+03,1.0321e-09
8.2800e+03,1.0837e-09
8.3000e+03,1.0821e-09
8.3200e+03,1.0244e-09
8.3400e+03,1.0346e-09
8.3600e+03,1.0235e-09
8.3800e+03,1.0684e-09
8.4000e+03,1.0599e-09
8.4200e+03,9.9926e-10
8.4400e+03,9.7335e-10
8.4600e+03,1.0120e-09
8.4800e+03,9.7379e-10
8.5000e+03,1.0401e-09
8.5200e+03,9.7759e-10
8.5400e+03,1.0226e-09
8.5600e+03,1.0834e-09
8.5800e+03,1.1026e-09
8.6000e+03,1.0636e-09
8.6200e+03,1.1109e-09
8.6400e+03,1.0379e-09
8.6600e+03,1.0472e-09
8.6800e+03,1.0682e-09
8.7000e+03,1.0943e-09
8.7200e+03,1.0395e-09
8.7400e+03,9.5976e-10
8.7600e+03,1.0508e-09
8.7800e+03,1.1257e-09
8.8000e+03,1.0950e-09
8.8200e+03,1.0289e-09
8.8400e+03,9.4737e-10
8.8600e+03,9.1013e-10
8.8800e+03,1.0160e-09
8.9000e+03,1.0101e-09
8.9200e+03,1.0325e-09
8.9400e+03,1.0288e-09
8.9600e+03,9.9963e-10
8.9800e+03,8.6064e-10
9.0000e+03,7.8752e-10
9.0200e+03,8.9251e-10
9.0400e+03,9.2880e-10
9.0600e+03,9.3176e-10
9.0800e+03,9.1835e-10
9.1000e+03,9.6432e-10
9.1200e+03,9.5248e-10
9.1400e+03,9.4075e-10
9.1600e+03,9.3691e-10
9.1800e+03,9.1261e-10
9.2000e+03,8.1094e-10
9.2200e+03,7.7078e-10
9.2400e+03,8.7636e-10
9.2600e+03,8.5575e-10
9.2800e+03,9.3034e-10
9.3000e+03,8.2757e-10
9.3200e+03,7.7005e-10
9.3400e+03,8.0422e-10
9.3600e+03,7.7209e-10
9.3800e+03,8.3360e-10
9.4000e+03,8.0955e-10
9.4200e+03,7.7389e-10
9.4400e+03,7.7867e-10
9.4600e+03,7.4147e-10
9.4800e+03,7.7590e-10
9.5000e+03,7.2480e-10
9.5200e+03,6.6366e-10
9.5400e+03,6.4539e-10
9.5600e+03,6.5884e-10
9.5800e+03,7.7228e-10
9.6000e+03,7.8222e-10
9.6200e+03,7.5207e-10
9.6400e+03,7.7761e-10
9.6600e+03,8.3152e-10
9.6800e+03,8.4723e-10
9.7000e+03,8.0890e-10
9.7200e+03,7.8580e-10
9.7400e+03,7.9972e-10
9.7600e+03,7.8499e-10
9.7800e+03,7.6786e-10
9.8000e+03,7.7418e-10
9.8200e+03,7.4607e-10
9.8400e+03,7.6778e-10
9.8600e+03,7.3105e-10
9.8800e+03,7.2385e-10
9.9000e+03,7.4779e-10
9.9200e+03,7.3577e-10
9.9400e+03,7.3083e-10
9.9600e+03,7.1446e-10
9.9800e+03,7.4308e-10
1.0000e+04,7.0986e-10
1.0020e+04,6.1097e-10
1.0040e+04,5.6104e-10
1.0060e+04,6.4970e-10
1.0080e+04,6.8037e-10
1.0100e+04,6.7244e-10
1.0120e+04,6.6220e-10
1.0140e+04,7.1432e-10
1.0160e+04,6.8230e-10
1.0180e+04,6.6209e-10
1.0200e+04,6.5080e-10
1.0220e+04,6.4678e-10
1.0240e+04,6.5467e-10
1.0260e+04,6.4466e-10
1.0280e+04,6.5921e-10
1.0300e+04,6.5296e-10
1.0320e+04,6.4079e-10
1.0340e+04,6.5453e-10
1.0360e+04,6.6301e-10
1.0380e+04,6.4232e-10
1.0400e+04,6.4024e-10
1.0420e+04,6.5047e-10
1.0440e+04,6.2624e-10
1.0460e+04,6.4941e-10
1.0480e+04,6.0567e-10
1.0500e+04,6.2544e-10
1.0520e+04,5.8041e-10
1.0540e+04,5.6810e-10
1.0560e+04,5.5841e-10
1.0580e+04,5.5501e-10
1.0600e+04,5.9098e-10
1.0800e+04,5.6671e-10
1.1000e+04,5.4332e-10
1.1200e+04,5.2044e-10
1.1400e+04,4.9782e-10
1.1600e+04,4.7520e-10
1.1800e+04,4.5247e-10
1.2000e+04,4.2944e-10
1.2200e+04,4.0606e-10
1.2400e+04,3.8230e-10
1.2600e+04,3.6111e-10
1.2800e+04,3.2582e-10
1.3000e+04,3.2461e-10
1.3200e+04,3.0895e-10
1.3400e+04,2.9329e-10
1.3600e+04,2.7846e-10
1.3800e+04,2.6492e-10
1.4000e+04,2.5269e-10
1.4200e+04,2.4067e-10
1.4400e+04,2.2866e-10
1.4600e+04,2.1878e-10
1.4800e+04,2.0889e-10
1.5000e+04,1.9901e-10
1.5200e+04,1.9019e-10
1.5400e+04,1.8146e-10
1.5600e+04,1.7398e-10
1.5800e+04,1.6761e-10
1.6000e+04,1.6267e-10
1.6200e+04,1.5476e-10
1.6400e+04,1.4746e-10
1.6600e+04,1.4397e-10
1.6800e+04,1.3347e-10
1.7000e+04,1.3141e-10
1.7200e+04,1.2712e-10
1.7400e+04,1.1871e-10
1.7600e+04,1.1660e-10
1.7800e+04,1.1329e-10
1.8000e+04,1.0859e-10
1.8200e+04,1.0035e-10
1.8400e+04,9.9835e-11
1.8600e+04,9.6429e-11
1.8800e+04,8.8761e-11
1.9000e+04,8.9193e-11
1.9200e+04,8.5845e-11
1.9400e+04,8.1043e-11
1.9600e+04,7.9219e-11
1.9800e+04,7.7290e-11
2.0000e+04,7.3957e-11
2.0200e+04,7.1267e-11
2.0400e+04,6.8683e-11
2.0600e+04,6.6158e-11
2.0800e+04,6.3896e-11
2.1000e+04,6.1524e-11
2.1200e+04,5.9364e-11
2.1400e+04,5.7340e-11
2.1600e+04,5.3572e-11
2.1800e+04,5.2611e-11
2.2000e+04,5.1763e-11
2.2200e+04,5.0107e-11
2.2400e+04,4.8510e-11
2.2600e+04,4.6961e-11
2.2800e+04,4.5514e-11
2.3000e+04,4.4180e-11
2.3200e+04,4.2839e-11
2.3400e+04,4.1548e-11
2.3600e+04,4.0302e-11
2.3800e+04,3.9067e-11
2.4000e+04,3.7883e-11
2.4200e+04,3.6849e-11
2.4400e+04,3.5665e-11
2.4600e+04,3.4690e-11
2.4800e+04,3.3657e-11
2.5000e+04,3.2684e-11
2.5200e+04,3.1696e-11
2.5400e+04,3.0769e-11
2.5600e+04,2.9842e-11
