# wavelength, f_lambda
2.2900e+02,0.0000e+00
2.3400e+02,0.0000e+00
2.4300e+02,0.0000e+00
2.5200e+02,0.0000e+00
2.5600e+02,0.0000e+00
2.6000e+02,0.0000e+00
2.6600e+02,0.0000e+00
2.7500e+02,0.0000e+00
2.8300e+02,0.0000e+00
2.9300e+02,0.0000e+00
3.0100e+02,0.0000e+00
3.0900e+02,0.0000e+00
3.2500e+02,0.0000e+00
3.4200e+02,0.0000e+00
3.5100e+02,0.0000e+00
3.5600e+02,0.0000e+00
3.6500e+02,0.0000e+00
3.7500e+02,0.0000e+00
3.8400e+02,0.0000e+00
4.0000e+02,0.0000e+00
4.1500e+02,0.0000e+00
4.2500e+02,0.0000e+00
4.4500e+02,0.0000e+00
4.7200e+02,0.0000e+00
4.9400e+02,0.0000e+00
5.0600e+02,1.5641e-28
5.1600e+02,3.6015e-28
5.4000e+02,2.2546e-27
5.6400e+02,1.1951e-26
5.8700e+02,5.2452e-26
6.1200e+02,2.3684e-25
6.4000e+02,1.1598e-24
6.7100e+02,6.1655e-24
7.0500e+02,3.5218e-23
7.3600e+02,1.5926e-22
7.7000e+02,7.5878e-22
8.1000e+02,4.1716e-21
8.5000e+02,1.9897e-20
8.9000e+02,8.2957e-20
9.2000e+02,7.4874e-18
9.4000e+02,2.3684e-17
9.6200e+02,4.1624e-17
9.8700e+02,7.7514e-17
1.0120e+03,1.2871e-16
1.0370e+03,2.0069e-16
1.0620e+03,3.3050e-16
1.0870e+03,5.1105e-16
1.1120e+03,1.7413e-14
1.1200e+03,2.0148e-14
1.1400e+03,2.6055e-14
1.1600e+03,3.7364e-14
1.1800e+03,4.7958e-14
1.2000e+03,5.6720e-14
1.2200e+03,8.0044e-14
1.2400e+03,3.0089e-13
1.2600e+03,6.2897e-13
1.2800e+03,8.5972e-13
1.3000e+03,1.0598e-12
1.3200e+03,1.2812e-12
1.3400e+03,1.5459e-12
1.3600e+03,1.7879e-12
1.3800e+03,2.1208e-12
1.4000e+03,2.5520e-12
1.4200e+03,3.0100e-12
1.4400e+03,3.6375e-12
1.4600e+03,4.5691e-12
1.4800e+03,5.2211e-12
1.5000e+03,6.3065e-12
1.5200e+03,7.7178e-11
1.5400e+03,1.1992e-10
1.5600e+03,7.8864e-11
1.5800e+03,1.2125e-10
1.6000e+03,1.4239e-10
1.6200e+03,1.4360e-10
1.6400e+03,1.9750e-10
1.6600e+03,2.5347e-10
1.6800e+03,3.7434e-10
1.7000e+03,4.7057e-10
1.7200e+03,8.1168e-10
1.7400e+03,9.8658e-10
1.7600e+03,1.2105e-09
1.7800e+03,1.2751e-09
1.8000e+03,1.5549e-09
1.8200e+03,1.5219e-09
1.8400e+03,1.3503e-09
1.8600e+03,1.3294e-09
1.8800e+03,1.5952e-09
1.9000e+03,1.4832e-09
1.9200e+03,1.5114e-09
1.9400e+03,1.5357e-09
1.9600e+03,1.6863e-09
1.9800e+03,1.6461e-09
2.0000e+03,1.4377e-09
2.0025e+03,1.4303e-09
2.0050e+03,1.4229e-09
2.0075e+03,1.4155e-09
2.0100e+03,1.4081e-09
2.0125e+03,1.4007e-09
2.0150e+03,1.3933e-09
2.0175e+03,1.3859e-09
2.0200e+03,1.3784e-09
2.0225e+03,1.3948e-09
2.0250e+03,1.4112e-09
2.0275e+03,1.4276e-09
2.0300e+03,1.4439e-09
2.0325e+03,1.4603e-09
2.0350e+03,1.4767e-09
2.0375e+03,1.4931e-09
2.0400e+03,1.5095e-09
2.0425e+03,1.5132e-09
2.0450e+03,1.5169e-09
2.0475e+03,1.5206e-09
2.0500e+03,1.5243e-09
2.0525e+03,1.5280e-09
2.0550e+03,1.5318e-09
2.0575e+03,1.5355e-09
2.0600e+03,1.5392e-09
2.0625e+03,1.5508e-09
2.0650e+03,1.5624e-09
2.0675e+03,1.5740e-09
2.0700e+03,1.5855e-09
2.0725e+03,1.5971e-09
2.0750e+03,1.6087e-09
2.0775e+03,1.6203e-09
2.0800e+03,1.6319e-09
2.0825e+03,1.6282e-09
2.0850e+03,1.6245e-09
2.0875e+03,1.6208e-09
2.0900e+03,1.6170e-09
2.0925e+03,1.6133e-09
2.0950e+03,1.6096e-09
2.0975e+03,1.6059e-09
2.1000e+03,1.6022e-09
2.1025e+03,1.5897e-09
2.1050e+03,1.5773e-09
2.1075e+03,1.5648e-09
2.1100e+03,1.5524e-09
2.1125e+03,1.5399e-09
2.1150e+03,1.5275e-09
2.1175e+03,1.5151e-09
2.1200e+03,1.5026e-09
2.1225e+03,1.4926e-09
2.1250e+03,1.4825e-09
2.1275e+03,1.4724e-09
2.1300e+03,1.4623e-09
2.1325e+03,1.4522e-09
2.1350e+03,1.4421e-09
2.1375e+03,1.4321e-09
2.1400e+03,1.4220e-09
2.1425e+03,1.4166e-09
2.1450e+03,1.4111e-09
2.1475e+03,1.4056e-09
2.1500e+03,1.4002e-09
2.1525e+03,1.3948e-09
2.1550e+03,1.3893e-09
2.1575e+03,1.3839e-09
2.1600e+03,1.3784e-09
2.1625e+03,1.3784e-09
2.1650e+03,1.3784e-09
2.1675e+03,1.3784e-09
2.1700e+03,1.3784e-09
2.1725e+03,1.3784e-09
2.1750e+03,1.3784e-09
2.1775e+03,1.3784e-09
2.1800e+03,1.3784e-09
2.1825e+03,1.3953e-09
2.1850e+03,1.4121e-09
2.1875e+03,1.4289e-09
2.1900e+03,1.4458e-09
2.1925e+03,1.4626e-09
2.1950e+03,1.4795e-09
2.1975e+03,1.4963e-09
2.2000e+03,1.5131e-09
2.2025e+03,1.5151e-09
2.2050e+03,1.5170e-09
2.2075e+03,1.5190e-09
2.2100e+03,1.5209e-09
2.2125e+03,1.5229e-09
2.2150e+03,1.5248e-09
2.2175e+03,1.5268e-09
2.2200e+03,1.5287e-09
2.2225e+03,1.5215e-09
2.2250e+03,1.5143e-09
2.2275e+03,1.5071e-09
2.2300e+03,1.4999e-09
2.2325e+03,1.4927e-09
2.2350e+03,1.4855e-09
2.2375e+03,1.4783e-09
2.2400e+03,1.4711e-09
2.2425e+03,1.4585e-09
2.2450e+03,1.4458e-09
2.2475e+03,1.4331e-09
2.2500e+03,1.4204e-09
2.2525e+03,1.4077e-09
2.2550e+03,1.3951e-09
2.2575e+03,1.3824e-09
2.2600e+03,1.3697e-09
2.2625e+03,1.3649e-09
2.2650e+03,1.3600e-09
2.2675e+03,1.3552e-09
2.2700e+03,1.3504e-09
2.2725e+03,1.3455e-09
2.2750e+03,1.3407e-09
2.2775e+03,1.3359e-09
2.2800e+03,1.3310e-09
2.2825e+03,1.3468e-09
2.2850e+03,1.3626e-09
2.2875e+03,1.3783e-09
2.2900e+03,1.3941e-09
2.2925e+03,1.4098e-09
2.2950e+03,1.4256e-09
2.2975e+03,1.4414e-09
2.3000e+03,1.4571e-09
2.3025e+03,1.4451e-09
2.3050e+03,1.4331e-09
2.3075e+03,1.4210e-09
2.3100e+03,1.4090e-09
2.3125e+03,1.3969e-09
2.3150e+03,1.3849e-09
2.3175e+03,1.3728e-09
2.3200e+03,1.3608e-09
2.3225e+03,1.3461e-09
2.3250e+03,1.3315e-09
2.3275e+03,1.3168e-09
2.3300e+03,1.3022e-09
2.3325e+03,1.2875e-09
2.3350e+03,1.2729e-09
2.3375e+03,1.2582e-09
2.3400e+03,1.2435e-09
2.3425e+03,1.2281e-09
2.3450e+03,1.2126e-09
2.3475e+03,1.1970e-09
2.3500e+03,1.1816e-09
2.3525e+03,1.1660e-09
2.3550e+03,1.1505e-09
2.3575e+03,1.1351e-09
2.3600e+03,1.1195e-09
2.3625e+03,1.1230e-09
2.3650e+03,1.1265e-09
2.3675e+03,1.1300e-09
2.3700e+03,1.1334e-09
2.3725e+03,1.1369e-09
2.3750e+03,1.1404e-09
2.3775e+03,1.1439e-09
2.3800e+03,1.1474e-09
2.3825e+03,1.1312e-09
2.3850e+03,1.1150e-09
2.3875e+03,1.0989e-09
2.3900e+03,1.0827e-09
2.3925e+03,1.0666e-09
2.3950e+03,1.0504e-09
2.3975e+03,1.0342e-09
2.4000e+03,1.0181e-09
2.4025e+03,1.0248e-09
2.4050e+03,1.0316e-09
2.4075e+03,1.0384e-09
2.4100e+03,1.0452e-09
2.4125e+03,1.0520e-09
2.4150e+03,1.0588e-09
2.4175e+03,1.0655e-09
2.4200e+03,1.0723e-09
2.4225e+03,1.0968e-09
2.4250e+03,1.1213e-09
2.4275e+03,1.1458e-09
2.4300e+03,1.1703e-09
2.4325e+03,1.1948e-09
2.4350e+03,1.2192e-09
2.4375e+03,1.2437e-09
2.4400e+03,1.2682e-09
2.4425e+03,1.2710e-09
2.4450e+03,1.2739e-09
2.4475e+03,1.2767e-09
2.4500e+03,1.2795e-09
2.4525e+03,1.2823e-09
2.4550e+03,1.2852e-09
2.4575e+03,1.2880e-09
2.4600e+03,1.2908e-09
2.4625e+03,1.2825e-09
2.4650e+03,1.2742e-09
2.4675e+03,1.2659e-09
2.4700e+03,1.2576e-09
2.4725e+03,1.2492e-09
2.4750e+03,1.2410e-09
2.4775e+03,1.2326e-09
2.4800e+03,1.2243e-09
2.4825e+03,1.2370e-09
2.4850e+03,1.2497e-09
2.4875e+03,1.2624e-09
2.4900e+03,1.2751e-09
2.4925e+03,1.2877e-09
2.4950e+03,1.3004e-09
2.4975e+03,1.3131e-09
2.5000e+03,1.3258e-09
2.5025e+03,1.3122e-09
2.5050e+03,1.2987e-09
2.5075e+03,1.2851e-09
2.5100e+03,1.2715e-09
2.5125e+03,1.2580e-09
2.5150e+03,1.2444e-09
2.5175e+03,1.2309e-09
2.5200e+03,1.2173e-09
2.5225e+03,1.1948e-09
2.5250e+03,1.1723e-09
2.5275e+03,1.1498e-09
2.5300e+03,1.1273e-09
2.5325e+03,1.1048e-09
2.5350e+03,1.0823e-09
2.5375e+03,1.0598e-09
2.5400e+03,1.0373e-09
2.5425e+03,1.0517e-09
2.5450e+03,1.0661e-09
2.5475e+03,1.0805e-09
2.5500e+03,1.0950e-09
2.5525e+03,1.1094e-09
2.5550e+03,1.1238e-09
2.5575e+03,1.1382e-09
2.5600e+03,1.1526e-09
2.5625e+03,1.1824e-09
2.5650e+03,1.2121e-09
2.5675e+03,1.2419e-09
2.5700e+03,1.2716e-09
2.5725e+03,1.3014e-09
2.5750e+03,1.3312e-09
2.5775e+03,1.3609e-09
2.5800e+03,1.3907e-09
2.5825e+03,1.3835e-09
2.5850e+03,1.3762e-09
2.5875e+03,1.3690e-09
2.5900e+03,1.3618e-09
2.5925e+03,1.3546e-09
2.5950e+03,1.3474e-09
2.5975e+03,1.3402e-09
2.6000e+03,1.3330e-09
2.6025e+03,1.3200e-09
2.6050e+03,1.3071e-09
2.6075e+03,1.2942e-09
2.6100e+03,1.2813e-09
2.6125e+03,1.2683e-09
2.6150e+03,1.2554e-09
2.6175e+03,1.2425e-09
2.6200e+03,1.2296e-09
2.6225e+03,1.2626e-09
2.6250e+03,1.2956e-09
2.6275e+03,1.3286e-09
2.6300e+03,1.3616e-09
2.6325e+03,1.3946e-09
2.6350e+03,1.4277e-09
2.6375e+03,1.4607e-09
2.6400e+03,1.4937e-09
2.6425e+03,1.5344e-09
2.6450e+03,1.5751e-09
2.6475e+03,1.6158e-09
2.6500e+03,1.6565e-09
2.6525e+03,1.6972e-09
2.6550e+03,1.7379e-09
2.6575e+03,1.7785e-09
2.6600e+03,1.8193e-09
2.6625e+03,1.8018e-09
2.6650e+03,1.7843e-09
2.6675e+03,1.7668e-09
2.6700e+03,1.7493e-09
2.6725e+03,1.7318e-09
2.6750e+03,1.7143e-09
2.6775e+03,1.6968e-09
2.6800e+03,1.6793e-09
2.6825e+03,1.6756e-09
2.6850e+03,1.6718e-09
2.6875e+03,1.6681e-09
2.6900e+03,1.6644e-09
2.6925e+03,1.6606e-09
2.6950e+03,1.6569e-09
2.6975e+03,1.6531e-09
2.7000e+03,1.6494e-09
2.7025e+03,1.6481e-09
2.7050e+03,1.6468e-09
2.7075e+03,1.6454e-09
2.7100e+03,1.6441e-09
2.7125e+03,1.6428e-09
2.7150e+03,1.6415e-09
2.7175e+03,1.6402e-09
2.7200e+03,1.6389e-09
2.7225e+03,1.6337e-09
2.7250e+03,1.6284e-09
2.7275e+03,1.6232e-09
2.7300e+03,1.6179e-09
2.7325e+03,1.6127e-09
2.7350e+03,1.6074e-09
2.7375e+03,1.6022e-09
2.7400e+03,1.5969e-09
2.7425e+03,1.5659e-09
2.7450e+03,1.5349e-09
2.7475e+03,1.5038e-09
2.7500e+03,1.4728e-09
2.7525e+03,1.4418e-09
2.7550e+03,1.4107e-09
2.7575e+03,1.3797e-09
2.7600e+03,1.3487e-09
2.7625e+03,1.3767e-09
2.7650e+03,1.4047e-09
2.7675e+03,1.4327e-09
2.7700e+03,1.4607e-09
2.7725e+03,1.4887e-09
2.7750e+03,1.5166e-09
2.7775e+03,1.5446e-09
2.7800e+03,1.5726e-09
2.7825e+03,1.5072e-09
2.7850e+03,1.4418e-09
2.7875e+03,1.3764e-09
2.7900e+03,1.3110e-09
2.7925e+03,1.2456e-09
2.7950e+03,1.1802e-09
2.7975e+03,1.1148e-09
2.8000e+03,1.0494e-09
2.8025e+03,1.1231e-09
2.8050e+03,1.1968e-09
2.8075e+03,1.2705e-09
2.8100e+03,1.3442e-09
2.8125e+03,1.4178e-09
2.8150e+03,1.4915e-09
2.8175e+03,1.5652e-09
2.8200e+03,1.6389e-09
2.8225e+03,1.6592e-09
2.8250e+03,1.6796e-09
2.8275e+03,1.7000e-09
2.8300e+03,1.7203e-09
2.8325e+03,1.7407e-09
2.8350e+03,1.7611e-09
2.8375e+03,1.7814e-09
2.8400e+03,1.8018e-09
2.8425e+03,1.7847e-09
2.8450e+03,1.7676e-09
2.8475e+03,1.7506e-09
2.8500e+03,1.7335e-09
2.8525e+03,1.7165e-09
2.8550e+03,1.6994e-09
2.8575e+03,1.6824e-09
2.8600e+03,1.6653e-09
2.8625e+03,1.6701e-09
2.8650e+03,1.6749e-09
2.8675e+03,1.6797e-09
2.8700e+03,1.6845e-09
2.8725e+03,1.6893e-09
2.8750e+03,1.6940e-09
2.8775e+03,1.6989e-09
2.8800e+03,1.7036e-09
2.8825e+03,1.7222e-09
2.8850e+03,1.7408e-09
2.8875e+03,1.7595e-09
2.8900e+03,1.7781e-09
2.8925e+03,1.7967e-09
2.8950e+03,1.8153e-09
2.8975e+03,1.8339e-09
2.9000e+03,1.8525e-09
2.9025e+03,1.8636e-09
2.9050e+03,1.8748e-09
2.9075e+03,1.8860e-09
2.9100e+03,1.8971e-09
2.9125e+03,1.9083e-09
2.9150e+03,1.9194e-09
2.9175e+03,1.9306e-09
2.9200e+03,1.9417e-09
2.9225e+03,1.9242e-09
2.9250e+03,1.9067e-09
2.9275e+03,1.8892e-09
2.9300e+03,1.8717e-09
2.9325e+03,1.8542e-09
2.9350e+03,1.8367e-09
2.9375e+03,1.8193e-09
2.9400e+03,1.8018e-09
2.9425e+03,1.8081e-09
2.9450e+03,1.8144e-09
2.9475e+03,1.8208e-09
2.9500e+03,1.8271e-09
2.9525e+03,1.8335e-09
2.9550e+03,1.8398e-09
2.9575e+03,1.8462e-09
2.9600e+03,1.8525e-09
2.9625e+03,1.8590e-09
2.9650e+03,1.8656e-09
2.9675e+03,1.8722e-09
2.9700e+03,1.8787e-09
2.9725e+03,1.8853e-09
2.9750e+03,1.8919e-09
2.9775e+03,1.8984e-09
2.9800e+03,1.9050e-09
2.9825e+03,1.9161e-09
2.9850e+03,1.9273e-09
2.9875e+03,1.9384e-09
2.9900e+03,1.9496e-09
2.9925e+03,1.9607e-09
2.9950e+03,1.9719e-09
2.9975e+03,1.9830e-09
3.0000e+03,1.9942e-09
3.0025e+03,2.0049e-09
3.0050e+03,2.0156e-09
3.0075e+03,2.0263e-09
3.0100e+03,2.0370e-09
3.0125e+03,2.0477e-09
3.0150e+03,2.0585e-09
3.0175e+03,2.0692e-09
3.0200e+03,2.0799e-09
3.0225e+03,2.0845e-09
3.0250e+03,2.0891e-09
3.0275e+03,2.0937e-09
3.0300e+03,2.0983e-09
3.0325e+03,2.1029e-09
3.0350e+03,2.1074e-09
3.0375e+03,2.1120e-09
3.0400e+03,2.1166e-09
3.0425e+03,2.1142e-09
3.0450e+03,2.1118e-09
3.0475e+03,2.1094e-09
3.0500e+03,2.1070e-09
3.0525e+03,2.1046e-09
3.0550e+03,2.1022e-09
3.0575e+03,2.0998e-09
3.0600e+03,2.0974e-09
3.0625e+03,2.1063e-09
3.0650e+03,2.1153e-09
3.0675e+03,2.1243e-09
3.0700e+03,2.1332e-09
3.0725e+03,2.1422e-09
3.0750e+03,2.1512e-09
3.0775e+03,2.1601e-09
3.0800e+03,2.1691e-09
3.0825e+03,2.1667e-09
3.0850e+03,2.1643e-09
3.0875e+03,2.1619e-09
3.0900e+03,2.1595e-09
3.0925e+03,2.1571e-09
3.0950e+03,2.1547e-09
3.0975e+03,2.1523e-09
3.1000e+03,2.1499e-09
3.1025e+03,2.1545e-09
3.1050e+03,2.1591e-09
3.1075e+03,2.1637e-09
3.1100e+03,2.1683e-09
3.1125e+03,2.1728e-09
3.1150e+03,2.1774e-09
3.1175e+03,2.1820e-09
3.1200e+03,2.1866e-09
3.1225e+03,2.1820e-09
3.1250e+03,2.1774e-09
3.1275e+03,2.1728e-09
3.1300e+03,2.1683e-09
3.1325e+03,2.1637e-09
3.1350e+03,2.1591e-09
3.1375e+03,2.1545e-09
3.1400e+03,2.1499e-09
3.1425e+03,2.1564e-09
3.1450e+03,2.1630e-09
3.1475e+03,2.1695e-09
3.1500e+03,2.1761e-09
3.1525e+03,2.1827e-09
3.1550e+03,2.1892e-09
3.1575e+03,2.1958e-09
3.1600e+03,2.2023e-09
3.1625e+03,2.2045e-09
3.1650e+03,2.2067e-09
3.1675e+03,2.2089e-09
3.1700e+03,2.2111e-09
3.1725e+03,2.2133e-09
3.1750e+03,2.2155e-09
3.1775e+03,2.2176e-09
3.1800e+03,2.2198e-09
3.1825e+03,2.2244e-09
3.1850e+03,2.2290e-09
3.1875e+03,2.2336e-09
3.1900e+03,2.2382e-09
3.1925e+03,2.2428e-09
3.1950e+03,2.2474e-09
3.1975e+03,2.2520e-09
3.2000e+03,2.2566e-09
3.2025e+03,2.2498e-09
3.2050e+03,2.2430e-09
3.2075e+03,2.2362e-09
3.2100e+03,2.2295e-09
3.2125e+03,2.2227e-09
3.2150e+03,2.2159e-09
3.2175e+03,2.2091e-09
3.2200e+03,2.2023e-09
3.2225e+03,2.1958e-09
3.2250e+03,2.1892e-09
3.2275e+03,2.1827e-09
3.2300e+03,2.1761e-09
3.2325e+03,2.1695e-09
3.2350e+03,2.1630e-09
3.2375e+03,2.1564e-09
3.2400e+03,2.1499e-09
3.2600e+03,2.3645e-09
3.2700e+03,2.3537e-09
3.2800e+03,2.1546e-09
3.2900e+03,2.2307e-09
3.3000e+03,2.3282e-09
3.3100e+03,2.3422e-09
3.3200e+03,2.2793e-09
3.3300e+03,2.2913e-09
3.3400e+03,2.2393e-09
3.3500e+03,2.3423e-09
3.3600e+03,2.2594e-09
3.3700e+03,2.2151e-09
3.3800e+03,2.2240e-09
3.3900e+03,2.2368e-09
3.4000e+03,2.3168e-09
3.4100e+03,2.3135e-09
3.4200e+03,2.3592e-09
3.4300e+03,2.3847e-09
3.4400e+03,2.2557e-09
3.4500e+03,2.2427e-09
3.4600e+03,2.2398e-09
3.4700e+03,2.2333e-09
3.4800e+03,2.2422e-09
3.4900e+03,2.2403e-09
3.5000e+03,2.2230e-09
3.5100e+03,2.3111e-09
3.5200e+03,2.2350e-09
3.5300e+03,2.2576e-09
3.5400e+03,2.4210e-09
3.5500e+03,2.4439e-09
3.5600e+03,2.3722e-09
3.5700e+03,2.2555e-09
3.5800e+03,2.1702e-09
3.5900e+03,2.2628e-09
3.6000e+03,2.3732e-09
3.6100e+03,2.2673e-09
3.6200e+03,2.2942e-09
3.6300e+03,2.2766e-09
3.6400e+03,2.2467e-09
3.6500e+03,2.3911e-09
3.6600e+03,2.4280e-09
3.6700e+03,2.4172e-09
3.6800e+03,2.3676e-09
3.6900e+03,2.4225e-09
3.7000e+03,2.5121e-09
3.7100e+03,2.5584e-09
3.7200e+03,2.6835e-09
3.7300e+03,2.6613e-09
3.7400e+03,2.7781e-09
3.7500e+03,2.9898e-09
3.7600e+03,3.1952e-09
3.7700e+03,3.0895e-09
3.7800e+03,3.6296e-09
3.7900e+03,3.5707e-09
3.8000e+03,3.4158e-09
3.8100e+03,4.1603e-09
3.8200e+03,4.1588e-09
3.8300e+03,3.1739e-09
3.8400e+03,3.2192e-09
3.8500e+03,4.3877e-09
3.8600e+03,4.9134e-09
3.8700e+03,4.8031e-09
3.8800e+03,3.8824e-09
3.8900e+03,3.2697e-09
3.9000e+03,3.8726e-09
3.9100e+03,4.8243e-09
3.9200e+03,4.8984e-09
3.9300e+03,3.6911e-09
3.9400e+03,3.7419e-09
3.9500e+03,4.8068e-09
3.9600e+03,3.7404e-09
3.9700e+03,3.1240e-09
3.9800e+03,4.4322e-09
3.9900e+03,5.4986e-09
4.0000e+03,5.7778e-09
4.0100e+03,5.9673e-09
4.0200e+03,6.0254e-09
4.0300e+03,5.9275e-09
4.0400e+03,5.8195e-09
4.0500e+03,5.7906e-09
4.0600e+03,5.7362e-09
4.0700e+03,5.5084e-09
4.0800e+03,5.2817e-09
4.0900e+03,4.6841e-09
4.1000e+03,3.8532e-09
4.1100e+03,4.3661e-09
4.1200e+03,5.3536e-09
4.1300e+03,5.6322e-09
4.1400e+03,5.7384e-09
4.1500e+03,5.6380e-09
4.1600e+03,5.6165e-09
4.1700e+03,5.4767e-09
4.1800e+03,5.3850e-09
4.1900e+03,5.5216e-09
4.2000e+03,5.5935e-09
4.2100e+03,5.6260e-09
4.2200e+03,5.5066e-09
4.2300e+03,5.4248e-09
4.2400e+03,5.4927e-09
4.2500e+03,5.5614e-09
4.2600e+03,5.5380e-09
4.2700e+03,5.5051e-09
4.2800e+03,5.3332e-09
4.2900e+03,5.0302e-09
4.3000e+03,4.9415e-09
4.3100e+03,4.8776e-09
4.3200e+03,4.7374e-09
4.3300e+03,4.0000e-09
4.3400e+03,3.5368e-09
4.3500e+03,4.2986e-09
4.3600e+03,5.1142e-09
4.3700e+03,5.2157e-09
4.3800e+03,5.1065e-09
4.3900e+03,4.9517e-09
4.4000e+03,4.9992e-09
4.4100e+03,5.1061e-09
4.4200e+03,5.0850e-09
4.4300e+03,5.1116e-09
4.4400e+03,5.0492e-09
4.4500e+03,4.9262e-09
4.4600e+03,4.9711e-09
4.4700e+03,5.0430e-09
4.4800e+03,5.0466e-09
4.4900e+03,5.1182e-09
4.5000e+03,5.2511e-09
4.5100e+03,5.2171e-09
4.5200e+03,5.0247e-09
4.5300e+03,4.9670e-09
4.5400e+03,4.9459e-09
4.5500e+03,4.9039e-09
4.5600e+03,4.9762e-09
4.5700e+03,5.0598e-09
4.5800e+03,4.9134e-09
4.5900e+03,4.8907e-09
4.6000e+03,5.0247e-09
4.6100e+03,5.0098e-09
4.6200e+03,5.0419e-09
4.6300e+03,5.0182e-09
4.6400e+03,5.0390e-09
4.6500e+03,5.0101e-09
4.6600e+03,4.9382e-09
4.6700e+03,4.9294e-09
4.6800e+03,5.0433e-09
4.6900e+03,5.0419e-09
4.7000e+03,4.9232e-09
4.7100e+03,4.9291e-09
4.7200e+03,5.0178e-09
4.7300e+03,4.9324e-09
4.7400e+03,4.9408e-09
4.7500e+03,4.8568e-09
4.7600e+03,4.7458e-09
4.7700e+03,4.7834e-09
4.7800e+03,4.8203e-09
4.7900e+03,4.8429e-09
4.8000e+03,4.8086e-09
4.8100e+03,4.7378e-09
4.8200e+03,4.6702e-09
4.8300e+03,4.5074e-09
4.8400e+03,4.2190e-09
4.8500e+03,3.5356e-09
4.8600e+03,3.1492e-09
4.8700e+03,3.6432e-09
4.8800e+03,4.1927e-09
4.8900e+03,4.3534e-09
4.9000e+03,4.4552e-09
4.9100e+03,4.3716e-09
4.9200e+03,4.3285e-09
4.9300e+03,4.3497e-09
4.9400e+03,4.4187e-09
4.9500e+03,4.4114e-09
4.9600e+03,4.3961e-09
4.9700e+03,4.3935e-09
4.9800e+03,4.3351e-09
4.9900e+03,4.3023e-09
5.0000e+03,4.2632e-09
5.0100e+03,4.0872e-09
5.0200e+03,4.1197e-09
5.0300e+03,4.1635e-09
5.0400e+03,4.1526e-09
5.0500e+03,4.1310e-09
5.0600e+03,4.1438e-09
5.0700e+03,4.1080e-09
5.0800e+03,4.1387e-09
5.0900e+03,4.1635e-09
5.1000e+03,4.0967e-09
5.1100e+03,4.1643e-09
5.1200e+03,4.0708e-09
5.1300e+03,4.0095e-09
5.1400e+03,4.0336e-09
5.1500e+03,4.0387e-09
5.1600e+03,3.8992e-09
5.1700e+03,3.8759e-09
5.1800e+03,3.9215e-09
5.1900e+03,3.8580e-09
5.2000e+03,3.8164e-09
5.2100e+03,3.9189e-09
5.2200e+03,3.8719e-09
5.2300e+03,3.8040e-09
5.2400e+03,3.8835e-09
5.2500e+03,3.8916e-09
5.2600e+03,3.7350e-09
5.2700e+03,3.6627e-09
5.2800e+03,3.7883e-09
5.2900e+03,3.8799e-09
5.3000e+03,3.8748e-09
5.3100e+03,3.8120e-09
5.3200e+03,3.7426e-09
5.3300e+03,3.6598e-09
5.3400e+03,3.7386e-09
5.3500e+03,3.7970e-09
5.3600e+03,3.7200e-09
5.3700e+03,3.7572e-09
5.3800e+03,3.7707e-09
5.3900e+03,3.7474e-09
5.4000e+03,3.6443e-09
5.4100e+03,3.6365e-09
5.4200e+03,3.7528e-09
5.4300e+03,3.7050e-09
5.4400e+03,3.7737e-09
5.4500e+03,3.8076e-09
5.4600e+03,3.7755e-09
5.4700e+03,3.7324e-09
5.4800e+03,3.7696e-09
5.4900e+03,3.7452e-09
5.5000e+03,3.7532e-09
5.5100e+03,3.7758e-09
5.5200e+03,3.7477e-09
5.5300e+03,3.6911e-09
5.5400e+03,3.6813e-09
5.5500e+03,3.6966e-09
5.5600e+03,3.6762e-09
5.5700e+03,3.6314e-09
5.5800e+03,3.6113e-09
5.5900e+03,3.5700e-09
5.6000e+03,3.5646e-09
5.6100e+03,3.5728e-09
5.6200e+03,3.5809e-09
5.6300e+03,3.5958e-09
5.6400e+03,3.5452e-09
5.6500e+03,3.5292e-09
5.6600e+03,3.5202e-09
5.6700e+03,3.4908e-09
5.6800e+03,3.5260e-09
5.6900e+03,3.5238e-09
5.7000e+03,3.4845e-09
5.7100e+03,3.4689e-09
5.7200e+03,3.4735e-09
5.7300e+03,3.4581e-09
5.7400e+03,3.4726e-09
5.7600e+03,3.4089e-09
5.7800e+03,3.3624e-09
5.8000e+03,3.3816e-09
5.8200e+03,3.3649e-09
5.8400e+03,3.3354e-09
5.8600e+03,3.2744e-09
5.8800e+03,3.2044e-09
5.9000e+03,3.1921e-09
5.9200e+03,3.2272e-09
5.9400e+03,3.2458e-09
5.9600e+03,3.2241e-09
5.9800e+03,3.1933e-09
6.0000e+03,3.1508e-09
6.0200e+03,3.1238e-09
6.0400e+03,3.1392e-09
6.0600e+03,3.1036e-09
6.0800e+03,3.1369e-09
6.1000e+03,3.0954e-09
6.1200e+03,3.0635e-09
6.1400e+03,2.9855e-09
6.1600e+03,2.9459e-09
6.1800e+03,2.9384e-09
6.2000e+03,2.9736e-09
6.2200e+03,2.9403e-09
6.2400e+03,2.9469e-09
6.2600e+03,2.9141e-09
6.2800e+03,2.8844e-09
6.3000e+03,2.8634e-09
6.3200e+03,2.8672e-09
6.3400e+03,2.8192e-09
6.3600e+03,2.8069e-09
6.3800e+03,2.7920e-09
6.4000e+03,2.7318e-09
6.4200e+03,2.6827e-09
6.4400e+03,2.6502e-09
6.4600e+03,2.6443e-09
6.4800e+03,2.6092e-09
6.5000e+03,2.5838e-09
6.5200e+03,2.5765e-09
6.5400e+03,2.4050e-09
6.5600e+03,2.1898e-09
6.5800e+03,2.3520e-09
6.6000e+03,2.5333e-09
6.6200e+03,2.5255e-09
6.6400e+03,2.5228e-09
6.6600e+03,2.4854e-09
6.6800e+03,2.5052e-09
6.7000e+03,2.4951e-09
6.7200e+03,2.4630e-09
6.7400e+03,2.4364e-09
6.7600e+03,2.4582e-09
6.7800e+03,2.4294e-09
6.8000e+03,2.4246e-09
6.8200e+03,2.4057e-09
6.8400e+03,2.4572e-09
6.8600e+03,2.3107e-09
6.8800e+03,2.2019e-09
6.9000e+03,2.2884e-09
6.9200e+03,2.3344e-09
6.9400e+03,2.2912e-09
6.9600e+03,2.2735e-09
6.9800e+03,2.2560e-09
7.0000e+03,2.2454e-09
7.0200e+03,2.2393e-09
7.0400e+03,2.2376e-09
7.0600e+03,2.2249e-09
7.0800e+03,2.2167e-09
7.1000e+03,2.1804e-09
7.1200e+03,2.1833e-09
7.1400e+03,2.1883e-09
7.1600e+03,2.2061e-09
7.1800e+03,2.1576e-09
7.2000e+03,2.1099e-09
7.2200e+03,2.0997e-09
7.2400e+03,2.0699e-09
7.2600e+03,2.0722e-09
7.2800e+03,2.0540e-09
7.3000e+03,2.0527e-09
7.3200e+03,2.0212e-09
7.3400e+03,2.0053e-09
7.3600e+03,2.0196e-09
7.3800e+03,2.0096e-09
7.4000e+03,2.0292e-09
7.4200e+03,1.9697e-09
7.4400e+03,1.9754e-09
7.4600e+03,1.9543e-09
7.4800e+03,1.9015e-09
7.5000e+03,1.9062e-09
7.5200e+03,1.8565e-09
7.5400e+03,1.8379e-09
7.5600e+03,1.7817e-09
7.5800e+03,1.6586e-09
7.6000e+03,1.5079e-09
7.6200e+03,1.6829e-09
7.6400e+03,1.7463e-09
7.6600e+03,1.8463e-09
7.6800e+03,1.7040e-09
7.7000e+03,1.7831e-09
7.7200e+03,1.7910e-09
7.7400e+03,1.7667e-09
7.7600e+03,1.7441e-09
7.7800e+03,1.7350e-09
7.8000e+03,1.7535e-09
7.8200e+03,1.7654e-09
7.8400e+03,1.7304e-09
7.8600e+03,1.7110e-09
7.8800e+03,1.7186e-09
7.9000e+03,1.6912e-09
7.9200e+03,1.6718e-09
7.9400e+03,1.6597e-09
7.9600e+03,1.6888e-09
7.9800e+03,1.6493e-09
8.0000e+03,1.6514e-09
8.0200e+03,1.6276e-09
8.0400e+03,1.6394e-09
8.0600e+03,1.6375e-09
8.0800e+03,1.5919e-09
8.1000e+03,1.6018e-09
8.1200e+03,1.6437e-09
8.1400e+03,1.6385e-09
8.1600e+03,1.5513e-09
8.1800e+03,1.5324e-09
8.2000e+03,1.5956e-09
8.2200e+03,1.5531e-09
8.2400e+03,1.6164e-09
8.2600e+03,1.5632e-09
8.2800e+03,1.5698e-09
8.3000e+03,1.6034e-09
8.3200e+03,1.5263e-09
8.3400e+03,1.5209e-09
8.3600e+03,1.5155e-09
8.3800e+03,1.5175e-09
8.4000e+03,1.5199e-09
8.4200e+03,1.5056e-09
8.4400e+03,1.4396e-09
8.4600e+03,1.5317e-09
8.4800e+03,1.5042e-09
8.5000e+03,1.4107e-09
8.5200e+03,1.3845e-09
8.5400e+03,1.3579e-09
8.5600e+03,1.4244e-09
8.5800e+03,1.4288e-09
8.6000e+03,1.4067e-09
8.6200e+03,1.4359e-09
8.6400e+03,1.3746e-09
8.6600e+03,1.3535e-09
8.6800e+03,1.4297e-09
8.7000e+03,1.4695e-09
8.7200e+03,1.3400e-09
8.7400e+03,1.2941e-09
8.7600e+03,1.3312e-09
8.7800e+03,1.4087e-09
8.8000e+03,1.3470e-09
8.8200e+03,1.3584e-09
8.8400e+03,1.2590e-09
8.8600e+03,1.2316e-09
8.8800e+03,1.3307e-09
8.9000e+03,1.3209e-09
8.9200e+03,1.3608e-09
8.9400e+03,1.3138e-09
8.9600e+03,1.3344e-09
8.9800e+03,1.2958e-09
9.0000e+03,1.1623e-09
9.0200e+03,1.2891e-09
9.0400e+03,1.3172e-09
9.0600e+03,1.2955e-09
9.0800e+03,1.2311e-09
9.1000e+03,1.2533e-09
9.1200e+03,1.2963e-09
9.1400e+03,1.2696e-09
9.1600e+03,1.2545e-09
9.1800e+03,1.2360e-09
9.2000e+03,1.2414e-09
9.2200e+03,1.1146e-09
9.2400e+03,1.1678e-09
9.2600e+03,1.2135e-09
9.2800e+03,1.2340e-09
9.3000e+03,1.1394e-09
9.3200e+03,1.1551e-09
9.3400e+03,1.3128e-09
9.3600e+03,1.2446e-09
9.3800e+03,1.2904e-09
9.4000e+03,1.3210e-09
9.4200e+03,1.1264e-09
9.4400e+03,1.1348e-09
9.4600e+03,1.1559e-09
9.4800e+03,9.7048e-10
9.5000e+03,1.1611e-09
9.5200e+03,1.0778e-09
9.5400e+03,1.0425e-09
9.5600e+03,1.1029e-09
9.5800e+03,1.1382e-09
9.6000e+03,1.1288e-09
9.6200e+03,1.1713e-09
9.6400e+03,1.0971e-09
9.6600e+03,1.1480e-09
9.6800e+03,1.1562e-09
9.7000e+03,1.1327e-09
9.7200e+03,1.1324e-09
9.7400e+03,1.1108e-09
9.7600e+03,1.1404e-09
9.7800e+03,1.1606e-09
9.8000e+03,1.1006e-09
9.8200e+03,1.1188e-09
9.8400e+03,1.1125e-09
9.8600e+03,1.1340e-09
9.8800e+03,1.0858e-09
9.9000e+03,1.1326e-09
9.9200e+03,1.1133e-09
9.9400e+03,1.0991e-09
9.9600e+03,1.0602e-09
9.9800e+03,1.1090e-09
1.0000e+04,1.0595e-09
1.0020e+04,9.9764e-10
1.0040e+04,9.6198e-10
1.0060e+04,9.9874e-10
1.0080e+04,1.0359e-09
1.0100e+04,1.0003e-09
1.0120e+04,1.0170e-09
1.0140e+04,1.0111e-09
1.0160e+04,9.9224e-10
1.0180e+04,9.8158e-10
1.0200e+04,1.0520e-09
1.0220e+04,9.6855e-10
1.0240e+04,1.0183e-09
1.0260e+04,9.8676e-10
1.0280e+04,9.5603e-10
1.0300e+04,9.6555e-10
1.0320e+04,9.5008e-10
1.0340e+04,9.8921e-10
1.0360e+04,9.3343e-10
1.0380e+04,9.8578e-10
1.0400e+04,9.7114e-10
1.0420e+04,8.9229e-10
1.0440e+04,9.4537e-10
1.0460e+04,8.6571e-10
1.0480e+04,9.2788e-10
1.0500e+04,9.2653e-10
1.0520e+04,8.8630e-10
1.0540e+04,8.6476e-10
1.0560e+04,9.2708e-10
1.0580e+04,8.3873e-10
1.0600e+04,8.8170e-10
1.0800e+04,8.3629e-10
1.1000e+04,7.9452e-10
1.1200e+04,7.5564e-10
1.1400e+04,7.1906e-10
1.1600e+04,6.8431e-10
1.1800e+04,6.5091e-10
1.2000e+04,6.1853e-10
1.2200e+04,5.8687e-10
1.2400e+04,5.5573e-10
1.2600e+04,5.2693e-10
1.2800e+04,4.8798e-10
1.3000e+04,4.7790e-10
1.3200e+04,4.5739e-10
1.3400e+04,4.3687e-10
1.3600e+04,4.1617e-10
1.3800e+04,3.9744e-10
1.4000e+04,3.8076e-10
1.4200e+04,3.6514e-10
1.4400e+04,3.4953e-10
1.4600e+04,3.3572e-10
1.4800e+04,3.2191e-10
1.5000e+04,3.0810e-10
1.5200e+04,2.9520e-10
1.5400e+04,2.8273e-10
1.5600e+04,2.7205e-10
1.5800e+04,2.6249e-10
1.6000e+04,2.5558e-10
1.6200e+04,2.4707e-10
1.6400e+04,2.3727e-10
1.6600e+04,2.2887e-10
1.6800e+04,2.1636e-10
1.7000e+04,2.1062e-10
1.7200e+04,2.0264e-10
1.7400e+04,1.9172e-10
1.7600e+04,1.8576e-10
1.7800e+04,1.7950e-10
1.8000e+04,1.7208e-10
1.8200e+04,1.6239e-10
1.8400e+04,1.5905e-10
1.8600e+04,1.5363e-10
1.8800e+04,1.4460e-10
1.9000e+04,1.4242e-10
1.9200e+04,1.3687e-10
1.9400e+04,1.3063e-10
1.9600e+04,1.2691e-10
1.9800e+04,1.2310e-10
2.0000e+04,1.1846e-10
2.0200e+04,1.1437e-10
2.0400e+04,1.1037e-10
2.0600e+04,1.0624e-10
2.0800e+04,1.0251e-10
2.1000e+04,9.8687e-11
2.1200e+04,9.5048e-11
2.1400e+04,9.2065e-11
2.1600e+04,8.7422e-11
2.1800e+04,8.5344e-11
2.2000e+04,8.3355e-11
2.2200e+04,8.0865e-11
2.2400e+04,7.8244e-11
2.2600e+04,7.5842e-11
2.2800e+04,7.3531e-11
2.3000e+04,7.1308e-11
2.3200e+04,6.9092e-11
2.3400e+04,6.7088e-11
2.3600e+04,6.5310e-11
2.3800e+04,6.3178e-11
2.4000e+04,6.1268e-11
2.4200e+04,5.9666e-11
2.4400e+04,5.7757e-11
2.4600e+04,5.6026e-11
2.4800e+04,5.4424e-11
2.5000e+04,5.2697e-11
2.5200e+04,5.1313e-11
2.5400e+04,4.9805e-11
2.5600e+04,4.8294e-11
