# wavelength, f_lambda
2.2900e+02,1.3637e-24
2.3400e+02,3.8307e-24
2.4300e+02,2.0374e-23
2.5200e+02,9.5355e-23
2.5600e+02,1.8083e-22
2.6000e+02,3.4262e-22
2.6600e+02,8.4910e-22
2.7500e+02,3.0713e-21
2.8300e+02,8.9791e-21
2.9300e+02,3.1479e-20
3.0100e+02,8.1030e-20
3.0900e+02,1.9723e-19
3.2500e+02,1.0313e-18
3.4200e+02,4.9982e-18
3.5100e+02,1.0802e-17
3.5600e+02,1.6280e-17
3.6500e+02,3.3111e-17
3.7500e+02,6.9781e-17
3.8400e+02,1.3187e-16
4.0000e+02,3.7896e-16
4.1500e+02,9.4279e-16
4.2500e+02,1.6633e-15
4.4500e+02,4.7818e-15
4.7200e+02,1.7031e-14
4.9400e+02,4.2861e-14
5.0600e+02,9.0846e-13
5.1600e+02,1.4576e-12
5.4000e+02,2.9582e-12
5.6400e+02,5.6037e-12
5.8700e+02,8.4270e-12
6.1200e+02,1.5521e-11
6.4000e+02,2.5056e-11
6.7100e+02,4.0682e-11
7.0500e+02,6.7955e-11
7.3600e+02,9.9581e-11
7.7000e+02,1.5295e-10
8.1000e+02,2.2840e-10
8.5000e+02,3.1978e-10
8.9000e+02,4.6225e-10
9.2000e+02,2.5063e-09
9.4000e+02,4.3552e-08
9.6200e+02,9.8694e-08
9.8700e+02,1.3854e-07
1.0120e+03,1.5319e-07
1.0370e+03,1.7238e-07
1.0620e+03,1.9723e-07
1.0870e+03,1.8237e-07
1.1120e+03,1.8711e-07
1.1200e+03,1.9279e-07
1.1400e+03,1.9666e-07
1.1600e+03,1.9693e-07
1.1800e+03,1.7599e-07
1.2000e+03,1.0584e-07
1.2200e+03,2.2816e-08
1.2400e+03,1.4164e-07
1.2600e+03,1.5370e-07
1.2800e+03,1.6189e-07
1.3000e+03,1.3437e-07
1.3200e+03,1.5177e-07
1.3400e+03,1.3989e-07
1.3600e+03,1.3345e-07
1.3800e+03,1.2232e-07
1.4000e+03,1.0667e-07
1.4200e+03,1.1955e-07
1.4400e+03,1.2701e-07
1.4600e+03,1.2517e-07
1.4800e+03,1.1781e-07
1.5000e+03,1.1228e-07
1.5200e+03,1.0860e-07
1.5400e+03,1.0860e-07
1.5600e+03,1.0391e-07
1.5800e+03,1.0023e-07
1.6000e+03,9.0002e-08
1.6200e+03,8.8067e-08
1.6400e+03,8.8067e-08
1.6600e+03,7.9888e-08
1.6800e+03,8.3568e-08
1.7000e+03,8.0069e-08
1.7200e+03,7.8782e-08
1.7400e+03,7.4731e-08
1.7600e+03,7.1756e-08
1.7800e+03,6.8781e-08
1.8000e+03,6.5806e-08
1.8200e+03,6.2860e-08
1.8400e+03,5.7695e-08
1.8600e+03,5.9812e-08
1.8800e+03,5.4659e-08
1.9000e+03,5.3011e-08
1.9200e+03,4.9974e-08
1.9400e+03,4.7305e-08
1.9600e+03,4.7941e-08
1.9800e+03,4.4086e-08
2.0000e+03,4.5639e-08
2.0025e+03,4.5181e-08
2.0050e+03,4.4719e-08
2.0075e+03,4.4261e-08
2.0100e+03,4.3799e-08
2.0125e+03,4.3341e-08
2.0150e+03,4.2879e-08
2.0175e+03,4.2421e-08
2.0200e+03,4.1959e-08
2.0225e+03,4.1693e-08
2.0250e+03,4.1431e-08
2.0275e+03,4.1166e-08
2.0300e+03,4.0900e-08
2.0325e+03,4.0635e-08
2.0350e+03,4.0373e-08
2.0375e+03,4.0107e-08
2.0400e+03,3.9842e-08
2.0425e+03,3.9762e-08
2.0450e+03,3.9682e-08
2.0475e+03,3.9602e-08
2.0500e+03,3.9518e-08
2.0525e+03,3.9438e-08
2.0550e+03,3.9358e-08
2.0575e+03,3.9278e-08
2.0600e+03,3.9198e-08
2.0625e+03,3.8980e-08
2.0650e+03,3.8762e-08
2.0675e+03,3.8540e-08
2.0700e+03,3.8322e-08
2.0725e+03,3.8104e-08
2.0750e+03,3.7885e-08
2.0775e+03,3.7667e-08
2.0800e+03,3.7449e-08
2.0825e+03,3.7413e-08
2.0850e+03,3.7380e-08
2.0875e+03,3.7347e-08
2.0900e+03,3.7311e-08
2.0925e+03,3.7278e-08
2.0950e+03,3.7242e-08
2.0975e+03,3.7209e-08
2.1000e+03,3.7173e-08
2.1025e+03,3.7140e-08
2.1050e+03,3.7103e-08
2.1075e+03,3.7071e-08
2.1100e+03,3.7034e-08
2.1125e+03,3.7002e-08
2.1150e+03,3.6965e-08
2.1175e+03,3.6932e-08
2.1200e+03,3.6896e-08
2.1225e+03,3.6703e-08
2.1250e+03,3.6507e-08
2.1275e+03,3.6313e-08
2.1300e+03,3.6119e-08
2.1325e+03,3.5925e-08
2.1350e+03,3.5730e-08
2.1375e+03,3.5536e-08
2.1400e+03,3.5341e-08
2.1425e+03,3.5307e-08
2.1450e+03,3.5272e-08
2.1475e+03,3.5238e-08
2.1500e+03,3.5204e-08
2.1525e+03,3.5169e-08
2.1550e+03,3.5134e-08
2.1575e+03,3.5100e-08
2.1600e+03,3.5065e-08
2.1625e+03,3.4938e-08
2.1650e+03,3.4810e-08
2.1675e+03,3.4682e-08
2.1700e+03,3.4555e-08
2.1725e+03,3.4427e-08
2.1750e+03,3.4299e-08
2.1775e+03,3.4171e-08
2.1800e+03,3.4044e-08
2.1825e+03,3.3918e-08
2.1850e+03,3.3793e-08
2.1875e+03,3.3668e-08
2.1900e+03,3.3542e-08
2.1925e+03,3.3417e-08
2.1950e+03,3.3291e-08
2.1975e+03,3.3166e-08
2.2000e+03,3.3041e-08
2.2025e+03,3.2936e-08
2.2050e+03,3.2831e-08
2.2075e+03,3.2726e-08
2.2100e+03,3.2622e-08
2.2125e+03,3.2517e-08
2.2150e+03,3.2413e-08
2.2175e+03,3.2308e-08
2.2200e+03,3.2203e-08
2.2225e+03,3.2203e-08
2.2250e+03,3.2203e-08
2.2275e+03,3.2203e-08
2.2300e+03,3.2203e-08
2.2325e+03,3.2203e-08
2.2350e+03,3.2203e-08
2.2375e+03,3.2203e-08
2.2400e+03,3.2203e-08
2.2425e+03,3.2089e-08
2.2450e+03,3.1975e-08
2.2475e+03,3.1861e-08
2.2500e+03,3.1747e-08
2.2525e+03,3.1634e-08
2.2550e+03,3.1520e-08
2.2575e+03,3.1406e-08
2.2600e+03,3.1292e-08
2.2625e+03,3.1177e-08
2.2650e+03,3.1062e-08
2.2675e+03,3.0947e-08
2.2700e+03,3.0832e-08
2.2725e+03,3.0717e-08
2.2750e+03,3.0602e-08
2.2775e+03,3.0486e-08
2.2800e+03,3.0372e-08
2.2825e+03,3.0325e-08
2.2850e+03,3.0280e-08
2.2875e+03,3.0233e-08
2.2900e+03,3.0188e-08
2.2925e+03,3.0141e-08
2.2950e+03,3.0096e-08
2.2975e+03,3.0049e-08
2.3000e+03,3.0004e-08
2.3025e+03,2.9991e-08
2.3050e+03,2.9978e-08
2.3075e+03,2.9965e-08
2.3100e+03,2.9953e-08
2.3125e+03,2.9940e-08
2.3150e+03,2.9928e-08
2.3175e+03,2.9915e-08
2.3200e+03,2.9902e-08
2.3225e+03,2.9867e-08
2.3250e+03,2.9833e-08
2.3275e+03,2.9799e-08
2.3300e+03,2.9764e-08
2.3325e+03,2.9730e-08
2.3350e+03,2.9695e-08
2.3375e+03,2.9661e-08
2.3400e+03,2.9626e-08
2.3425e+03,2.9650e-08
2.3450e+03,2.9674e-08
2.3475e+03,2.9698e-08
2.3500e+03,2.9723e-08
2.3525e+03,2.9747e-08
2.3550e+03,2.9771e-08
2.3575e+03,2.9795e-08
2.3600e+03,2.9819e-08
2.3625e+03,2.9739e-08
2.3650e+03,2.9658e-08
2.3675e+03,2.9578e-08
2.3700e+03,2.9497e-08
2.3725e+03,2.9417e-08
2.3750e+03,2.9336e-08
2.3775e+03,2.9256e-08
2.3800e+03,2.9175e-08
2.3825e+03,2.9071e-08
2.3850e+03,2.8968e-08
2.3875e+03,2.8864e-08
2.3900e+03,2.8761e-08
2.3925e+03,2.8658e-08
2.3950e+03,2.8554e-08
2.3975e+03,2.8450e-08
2.4000e+03,2.8347e-08
2.4025e+03,2.8450e-08
2.4050e+03,2.8554e-08
2.4075e+03,2.8658e-08
2.4100e+03,2.8761e-08
2.4125e+03,2.8864e-08
2.4150e+03,2.8968e-08
2.4175e+03,2.9071e-08
2.4200e+03,2.9175e-08
2.4225e+03,2.9140e-08
2.4250e+03,2.9106e-08
2.4275e+03,2.9071e-08
2.4300e+03,2.9037e-08
2.4325e+03,2.9003e-08
2.4350e+03,2.8968e-08
2.4375e+03,2.8934e-08
2.4400e+03,2.8899e-08
2.4425e+03,2.8853e-08
2.4450e+03,2.8807e-08
2.4475e+03,2.8761e-08
2.4500e+03,2.8715e-08
2.4525e+03,2.8669e-08
2.4550e+03,2.8623e-08
2.4575e+03,2.8577e-08
2.4600e+03,2.8531e-08
2.4625e+03,2.8462e-08
2.4650e+03,2.8393e-08
2.4675e+03,2.8324e-08
2.4700e+03,2.8255e-08
2.4725e+03,2.8186e-08
2.4750e+03,2.8117e-08
2.4775e+03,2.8048e-08
2.4800e+03,2.7978e-08
2.4825e+03,2.7885e-08
2.4850e+03,2.7792e-08
2.4875e+03,2.7699e-08
2.4900e+03,2.7606e-08
2.4925e+03,2.7513e-08
2.4950e+03,2.7420e-08
2.4975e+03,2.7326e-08
2.5000e+03,2.7233e-08
2.5025e+03,2.7108e-08
2.5050e+03,2.6982e-08
2.5075e+03,2.6857e-08
2.5100e+03,2.6731e-08
2.5125e+03,2.6606e-08
2.5150e+03,2.6481e-08
2.5175e+03,2.6355e-08
2.5200e+03,2.6230e-08
2.5225e+03,2.6183e-08
2.5250e+03,2.6136e-08
2.5275e+03,2.6088e-08
2.5300e+03,2.6041e-08
2.5325e+03,2.5994e-08
2.5350e+03,2.5947e-08
2.5375e+03,2.5900e-08
2.5400e+03,2.5853e-08
2.5425e+03,2.5785e-08
2.5450e+03,2.5717e-08
2.5475e+03,2.5649e-08
2.5500e+03,2.5581e-08
2.5525e+03,2.5513e-08
2.5550e+03,2.5445e-08
2.5575e+03,2.5377e-08
2.5600e+03,2.5310e-08
2.5625e+03,2.5252e-08
2.5650e+03,2.5194e-08
2.5675e+03,2.5137e-08
2.5700e+03,2.5080e-08
2.5725e+03,2.5022e-08
2.5750e+03,2.4965e-08
2.5775e+03,2.4907e-08
2.5800e+03,2.4849e-08
2.5825e+03,2.4873e-08
2.5850e+03,2.4896e-08
2.5875e+03,2.4918e-08
2.5900e+03,2.4941e-08
2.5925e+03,2.4965e-08
2.5950e+03,2.4988e-08
2.5975e+03,2.5010e-08
2.6000e+03,2.5033e-08
2.6025e+03,2.5045e-08
2.6050e+03,2.5057e-08
2.6075e+03,2.5068e-08
2.6100e+03,2.5080e-08
2.6125e+03,2.5091e-08
2.6150e+03,2.5102e-08
2.6175e+03,2.5114e-08
2.6200e+03,2.5126e-08
2.6225e+03,2.4998e-08
2.6250e+03,2.4870e-08
2.6275e+03,2.4742e-08
2.6300e+03,2.4615e-08
2.6325e+03,2.4487e-08
2.6350e+03,2.4359e-08
2.6375e+03,2.4232e-08
2.6400e+03,2.4104e-08
2.6425e+03,2.4023e-08
2.6450e+03,2.3943e-08
2.6475e+03,2.3862e-08
2.6500e+03,2.3782e-08
2.6525e+03,2.3701e-08
2.6550e+03,2.3621e-08
2.6575e+03,2.3540e-08
2.6600e+03,2.3460e-08
2.6625e+03,2.3506e-08
2.6650e+03,2.3552e-08
2.6675e+03,2.3598e-08
2.6700e+03,2.3644e-08
2.6725e+03,2.3690e-08
2.6750e+03,2.3736e-08
2.6775e+03,2.3782e-08
2.6800e+03,2.3828e-08
2.6825e+03,2.3782e-08
2.6850e+03,2.3736e-08
2.6875e+03,2.3690e-08
2.6900e+03,2.3644e-08
2.6925e+03,2.3598e-08
2.6950e+03,2.3552e-08
2.6975e+03,2.3506e-08
2.7000e+03,2.3460e-08
2.7025e+03,2.3472e-08
2.7050e+03,2.3485e-08
2.7075e+03,2.3498e-08
2.7100e+03,2.3510e-08
2.7125e+03,2.3523e-08
2.7150e+03,2.3536e-08
2.7175e+03,2.3548e-08
2.7200e+03,2.3561e-08
2.7225e+03,2.3423e-08
2.7250e+03,2.3285e-08
2.7275e+03,2.3147e-08
2.7300e+03,2.3009e-08
2.7325e+03,2.2871e-08
2.7350e+03,2.2733e-08
2.7375e+03,2.2594e-08
2.7400e+03,2.2457e-08
2.7425e+03,2.2432e-08
2.7450e+03,2.2408e-08
2.7475e+03,2.2384e-08
2.7500e+03,2.2360e-08
2.7525e+03,2.2336e-08
2.7550e+03,2.2312e-08
2.7575e+03,2.2288e-08
2.7600e+03,2.2263e-08
2.7625e+03,2.2241e-08
2.7650e+03,2.2220e-08
2.7675e+03,2.2198e-08
2.7700e+03,2.2176e-08
2.7725e+03,2.2154e-08
2.7750e+03,2.2132e-08
2.7775e+03,2.2110e-08
2.7800e+03,2.2089e-08
2.7825e+03,2.1973e-08
2.7850e+03,2.1858e-08
2.7875e+03,2.1743e-08
2.7900e+03,2.1628e-08
2.7925e+03,2.1513e-08
2.7950e+03,2.1398e-08
2.7975e+03,2.1283e-08
2.8000e+03,2.1168e-08
2.8025e+03,2.1111e-08
2.8050e+03,2.1053e-08
2.8075e+03,2.0995e-08
2.8100e+03,2.0938e-08
2.8125e+03,2.0880e-08
2.8150e+03,2.0823e-08
2.8175e+03,2.0765e-08
2.8200e+03,2.0708e-08
2.8225e+03,2.0696e-08
2.8250e+03,2.0685e-08
2.8275e+03,2.0673e-08
2.8300e+03,2.0662e-08
2.8325e+03,2.0650e-08
2.8350e+03,2.0639e-08
2.8375e+03,2.0627e-08
2.8400e+03,2.0616e-08
2.8425e+03,2.0569e-08
2.8450e+03,2.0521e-08
2.8475e+03,2.0474e-08
2.8500e+03,2.0427e-08
2.8525e+03,2.0380e-08
2.8550e+03,2.0333e-08
2.8575e+03,2.0286e-08
2.8600e+03,2.0238e-08
2.8625e+03,2.0238e-08
2.8650e+03,2.0238e-08
2.8675e+03,2.0238e-08
2.8700e+03,2.0238e-08
2.8725e+03,2.0238e-08
2.8750e+03,2.0238e-08
2.8775e+03,2.0238e-08
2.8800e+03,2.0238e-08
2.8825e+03,2.0170e-08
2.8850e+03,2.0103e-08
2.8875e+03,2.0035e-08
2.8900e+03,1.9967e-08
2.8925e+03,1.9899e-08
2.8950e+03,1.9831e-08
2.8975e+03,1.9764e-08
2.9000e+03,1.9696e-08
2.9025e+03,1.9614e-08
2.9050e+03,1.9532e-08
2.9075e+03,1.9450e-08
2.9100e+03,1.9369e-08
2.9125e+03,1.9287e-08
2.9150e+03,1.9205e-08
2.9175e+03,1.9124e-08
2.9200e+03,1.9042e-08
2.9225e+03,1.9020e-08
2.9250e+03,1.8998e-08
2.9275e+03,1.8977e-08
2.9300e+03,1.8955e-08
2.9325e+03,1.8933e-08
2.9350e+03,1.8911e-08
2.9375e+03,1.8889e-08
2.9400e+03,1.8867e-08
2.9425e+03,1.8787e-08
2.9450e+03,1.8706e-08
2.9475e+03,1.8626e-08
2.9500e+03,1.8545e-08
2.9525e+03,1.8464e-08
2.9550e+03,1.8384e-08
2.9575e+03,1.8303e-08
2.9600e+03,1.8223e-08
2.9625e+03,1.8223e-08
2.9650e+03,1.8223e-08
2.9675e+03,1.8223e-08
2.9700e+03,1.8223e-08
2.9725e+03,1.8223e-08
2.9750e+03,1.8223e-08
2.9775e+03,1.8223e-08
2.9800e+03,1.8223e-08
2.9825e+03,1.8176e-08
2.9850e+03,1.8129e-08
2.9875e+03,1.8081e-08
2.9900e+03,1.8034e-08
2.9925e+03,1.7987e-08
2.9950e+03,1.7940e-08
2.9975e+03,1.7893e-08
3.0000e+03,1.7845e-08
3.0025e+03,1.7858e-08
3.0050e+03,1.7871e-08
3.0075e+03,1.7884e-08
3.0100e+03,1.7896e-08
3.0125e+03,1.7909e-08
3.0150e+03,1.7921e-08
3.0175e+03,1.7934e-08
3.0200e+03,1.7947e-08
3.0225e+03,1.7900e-08
3.0250e+03,1.7852e-08
3.0275e+03,1.7805e-08
3.0300e+03,1.7758e-08
3.0325e+03,1.7711e-08
3.0350e+03,1.7664e-08
3.0375e+03,1.7617e-08
3.0400e+03,1.7569e-08
3.0425e+03,1.7548e-08
3.0450e+03,1.7526e-08
3.0475e+03,1.7504e-08
3.0500e+03,1.7482e-08
3.0525e+03,1.7460e-08
3.0550e+03,1.7438e-08
3.0575e+03,1.7417e-08
3.0600e+03,1.7394e-08
3.0625e+03,1.7372e-08
3.0650e+03,1.7349e-08
3.0675e+03,1.7326e-08
3.0700e+03,1.7302e-08
3.0725e+03,1.7280e-08
3.0750e+03,1.7257e-08
3.0775e+03,1.7234e-08
3.0800e+03,1.7210e-08
3.0825e+03,1.7210e-08
3.0850e+03,1.7210e-08
3.0875e+03,1.7210e-08
3.0900e+03,1.7210e-08
3.0925e+03,1.7210e-08
3.0950e+03,1.7210e-08
3.0975e+03,1.7210e-08
3.1000e+03,1.7210e-08
3.1025e+03,1.7221e-08
3.1050e+03,1.7231e-08
3.1075e+03,1.7242e-08
3.1100e+03,1.7252e-08
3.1125e+03,1.7262e-08
3.1150e+03,1.7273e-08
3.1175e+03,1.7283e-08
3.1200e+03,1.7293e-08
3.1225e+03,1.7249e-08
3.1250e+03,1.7204e-08
3.1275e+03,1.7159e-08
3.1300e+03,1.7114e-08
3.1325e+03,1.7069e-08
3.1350e+03,1.7024e-08
3.1375e+03,1.6979e-08
3.1400e+03,1.6934e-08
3.1425e+03,1.6877e-08
3.1450e+03,1.6819e-08
3.1475e+03,1.6762e-08
3.1500e+03,1.6704e-08
3.1525e+03,1.6647e-08
3.1550e+03,1.6589e-08
3.1575e+03,1.6532e-08
3.1600e+03,1.6474e-08
3.1625e+03,1.6440e-08
3.1650e+03,1.6405e-08
3.1675e+03,1.6371e-08
3.1700e+03,1.6336e-08
3.1725e+03,1.6302e-08
3.1750e+03,1.6267e-08
3.1775e+03,1.6233e-08
3.1800e+03,1.6198e-08
3.1825e+03,1.6186e-08
3.1850e+03,1.6173e-08
3.1875e+03,1.6160e-08
3.1900e+03,1.6148e-08
3.1925e+03,1.6135e-08
3.1950e+03,1.6122e-08
3.1975e+03,1.6110e-08
3.2000e+03,1.6097e-08
3.2025e+03,1.6086e-08
3.2050e+03,1.6074e-08
3.2075e+03,1.6062e-08
3.2100e+03,1.6051e-08
3.2125e+03,1.6039e-08
3.2150e+03,1.6028e-08
3.2175e+03,1.6016e-08
3.2200e+03,1.6005e-08
3.2225e+03,1.5982e-08
3.2250e+03,1.5959e-08
3.2275e+03,1.5936e-08
3.2300e+03,1.5913e-08
3.2325e+03,1.5890e-08
3.2350e+03,1.5867e-08
3.2375e+03,1.5844e-08
3.2400e+03,1.5821e-08
3.2600e+03,1.6130e-08
3.2700e+03,1.5687e-08
3.2800e+03,1.5410e-08
3.2900e+03,1.5296e-08
3.3000e+03,1.5064e-08
3.3100e+03,1.5072e-08
3.3200e+03,1.5159e-08
3.3300e+03,1.4813e-08
3.3400e+03,1.4870e-08
3.3500e+03,1.4511e-08
3.3600e+03,1.4483e-08
3.3700e+03,1.4569e-08
3.3800e+03,1.4198e-08
3.3900e+03,1.4066e-08
3.4000e+03,1.4003e-08
3.4100e+03,1.4024e-08
3.4200e+03,1.3830e-08
3.4300e+03,1.3445e-08
3.4400e+03,1.3284e-08
3.4500e+03,1.2888e-08
3.4600e+03,1.2950e-08
3.4700e+03,1.2840e-08
3.4800e+03,1.2810e-08
3.4900e+03,1.2577e-08
3.5000e+03,1.2541e-08
3.5100e+03,1.2328e-08
3.5200e+03,1.2538e-08
3.5300e+03,1.2468e-08
3.5400e+03,1.2414e-08
3.5500e+03,1.2482e-08
3.5600e+03,1.2362e-08
3.5700e+03,1.2309e-08
3.5800e+03,1.2173e-08
3.5900e+03,1.1979e-08
3.6000e+03,1.1913e-08
3.6100e+03,1.1855e-08
3.6200e+03,1.1847e-08
3.6300e+03,1.1716e-08
3.6400e+03,1.1701e-08
3.6500e+03,1.1743e-08
3.6600e+03,1.1363e-08
3.6700e+03,1.1148e-08
3.6800e+03,1.1096e-08
3.6900e+03,1.0987e-08
3.7000e+03,1.0674e-08
3.7100e+03,1.0688e-08
3.7200e+03,1.0920e-08
3.7300e+03,1.1096e-08
3.7400e+03,1.1208e-08
3.7500e+03,1.1341e-08
3.7600e+03,1.1442e-08
3.7700e+03,1.1565e-08
3.7800e+03,1.1869e-08
3.7900e+03,1.1791e-08
3.8000e+03,1.1338e-08
3.8100e+03,1.1772e-08
3.8200e+03,1.2023e-08
3.8300e+03,1.1346e-08
3.8400e+03,1.1074e-08
3.8500e+03,1.1866e-08
3.8600e+03,1.2037e-08
3.8700e+03,1.1606e-08
3.8800e+03,1.0847e-08
3.8900e+03,1.0303e-08
3.9000e+03,1.0906e-08
3.9100e+03,1.1156e-08
3.9200e+03,1.1008e-08
3.9300e+03,1.0649e-08
3.9400e+03,1.0952e-08
3.9500e+03,1.0959e-08
3.9600e+03,1.0288e-08
3.9700e+03,9.5130e-09
3.9800e+03,1.0390e-08
3.9900e+03,1.1075e-08
4.0000e+03,1.1203e-08
4.0100e+03,1.1005e-08
4.0200e+03,1.0729e-08
4.0300e+03,1.0628e-08
4.0400e+03,1.1068e-08
4.0500e+03,1.1034e-08
4.0600e+03,1.0894e-08
4.0700e+03,1.0571e-08
4.0800e+03,1.0422e-08
4.0900e+03,1.0001e-08
4.1000e+03,9.4293e-09
4.1100e+03,9.8145e-09
4.1200e+03,1.0407e-08
4.1300e+03,1.0432e-08
4.1400e+03,1.0034e-08
4.1500e+03,1.0042e-08
4.1600e+03,1.0025e-08
4.1700e+03,9.9520e-09
4.1800e+03,9.9480e-09
4.1900e+03,9.8145e-09
4.2000e+03,9.8105e-09
4.2100e+03,9.7945e-09
4.2200e+03,9.6628e-09
4.2300e+03,9.4410e-09
4.2400e+03,9.3602e-09
4.2500e+03,9.3042e-09
4.2600e+03,9.2311e-09
4.2700e+03,9.0980e-09
4.2800e+03,9.0915e-09
4.2900e+03,9.0136e-09
4.3000e+03,8.9605e-09
4.3100e+03,8.8602e-09
4.3200e+03,8.6969e-09
4.3300e+03,8.0546e-09
4.3400e+03,7.4585e-09
4.3500e+03,7.9866e-09
4.3600e+03,8.4125e-09
4.3700e+03,8.4197e-09
4.3800e+03,8.2339e-09
4.3900e+03,8.0837e-09
4.4000e+03,8.0022e-09
4.4100e+03,7.7764e-09
4.4200e+03,7.7633e-09
4.4300e+03,7.6785e-09
4.4400e+03,7.7102e-09
4.4500e+03,7.7033e-09
4.4600e+03,7.5483e-09
4.4700e+03,7.2701e-09
4.4800e+03,7.3079e-09
4.4900e+03,7.5611e-09
4.5000e+03,7.4952e-09
4.5100e+03,7.5367e-09
4.5200e+03,7.3916e-09
4.5300e+03,7.4807e-09
4.5400e+03,7.3796e-09
4.5500e+03,7.2108e-09
4.5600e+03,7.1948e-09
4.5700e+03,7.2672e-09
4.5800e+03,7.2719e-09
4.5900e+03,7.2250e-09
4.6000e+03,7.1832e-09
4.6100e+03,7.1265e-09
4.6200e+03,6.9937e-09
4.6300e+03,6.9177e-09
4.6400e+03,6.7017e-09
4.6500e+03,6.5773e-09
4.6600e+03,6.6246e-09
4.6700e+03,6.6108e-09
4.6800e+03,6.5682e-09
4.6900e+03,6.5253e-09
4.7000e+03,6.4184e-09
4.7100e+03,6.2642e-09
4.7200e+03,6.2863e-09
4.7300e+03,6.2354e-09
4.7400e+03,6.1852e-09
4.7500e+03,6.1496e-09
4.7600e+03,6.1285e-09
4.7700e+03,6.0838e-09
4.7800e+03,6.0678e-09
4.7900e+03,6.0234e-09
4.8000e+03,5.9747e-09
4.8100e+03,5.9357e-09
4.8200e+03,5.9205e-09
4.8300e+03,5.8546e-09
4.8400e+03,5.7885e-09
4.8500e+03,5.3400e-09
4.8600e+03,5.1160e-09
4.8700e+03,5.3328e-09
4.8800e+03,5.6441e-09
4.8900e+03,5.6524e-09
4.9000e+03,5.6117e-09
4.9100e+03,5.5208e-09
4.9200e+03,5.3731e-09
4.9300e+03,5.4408e-09
4.9400e+03,5.4630e-09
4.9500e+03,5.4320e-09
4.9600e+03,5.3706e-09
4.9700e+03,5.3226e-09
4.9800e+03,5.2967e-09
4.9900e+03,5.1884e-09
5.0000e+03,5.0807e-09
5.0100e+03,4.9873e-09
5.0200e+03,5.0105e-09
5.0300e+03,5.0247e-09
5.0400e+03,4.9192e-09
5.0500e+03,4.8276e-09
5.0600e+03,4.7956e-09
5.0700e+03,4.7854e-09
5.0800e+03,4.7665e-09
5.0900e+03,4.6723e-09
5.1000e+03,4.6247e-09
5.1100e+03,4.6527e-09
5.1200e+03,4.6592e-09
5.1300e+03,4.6207e-09
5.1400e+03,4.6643e-09
5.1500e+03,4.6090e-09
5.1600e+03,4.6036e-09
5.1700e+03,4.6388e-09
5.1800e+03,4.6207e-09
5.1900e+03,4.5341e-09
5.2000e+03,4.5410e-09
5.2100e+03,4.4799e-09
5.2200e+03,4.4464e-09
5.2300e+03,4.4177e-09
5.2400e+03,4.3650e-09
5.2500e+03,4.3410e-09
5.2600e+03,4.2533e-09
5.2700e+03,4.2373e-09
5.2800e+03,4.1748e-09
5.2900e+03,4.1588e-09
5.3000e+03,4.1664e-09
5.3100e+03,4.0893e-09
5.3200e+03,4.0624e-09
5.3300e+03,4.0395e-09
5.3400e+03,3.9635e-09
5.3500e+03,3.9489e-09
5.3600e+03,3.9151e-09
5.3700e+03,3.8740e-09
5.3800e+03,3.8595e-09
5.3900e+03,3.8082e-09
5.4000e+03,3.7904e-09
5.4100e+03,3.7689e-09
5.4200e+03,3.7769e-09
5.4300e+03,3.7114e-09
5.4400e+03,3.6834e-09
5.4500e+03,3.6332e-09
5.4600e+03,3.5708e-09
5.4700e+03,3.5595e-09
5.4800e+03,3.5578e-09
5.4900e+03,3.5138e-09
5.5000e+03,3.4752e-09
5.5100e+03,3.4440e-09
5.5200e+03,3.4401e-09
5.5300e+03,3.4912e-09
5.5400e+03,3.4464e-09
5.5500e+03,3.4252e-09
5.5600e+03,3.3954e-09
5.5700e+03,3.4066e-09
5.5800e+03,3.4063e-09
5.5900e+03,3.3628e-09
5.6000e+03,3.3401e-09
5.6100e+03,3.3268e-09
5.6200e+03,3.2555e-09
5.6300e+03,3.2118e-09
5.6400e+03,3.1939e-09
5.6500e+03,3.1761e-09
5.6600e+03,3.1588e-09
5.6700e+03,3.1413e-09
5.6800e+03,3.1238e-09
5.6900e+03,3.1068e-09
5.7000e+03,3.0896e-09
5.7100e+03,3.0731e-09
5.7200e+03,3.0561e-09
5.7300e+03,3.0395e-09
5.7400e+03,3.0230e-09
5.7600e+03,2.9205e-09
5.7800e+03,2.9234e-09
5.8000e+03,2.9256e-09
5.8200e+03,2.8885e-09
5.8400e+03,2.8242e-09
5.8600e+03,2.7556e-09
5.8800e+03,2.7240e-09
5.9000e+03,2.7168e-09
5.9200e+03,2.7251e-09
5.9400e+03,2.6496e-09
5.9600e+03,2.6270e-09
5.9800e+03,2.6173e-09
6.0000e+03,2.5860e-09
6.0200e+03,2.5401e-09
6.0400e+03,2.5129e-09
6.0600e+03,2.4934e-09
6.0800e+03,2.4788e-09
6.1000e+03,2.4599e-09
6.1200e+03,2.4273e-09
6.1400e+03,2.3631e-09
6.1600e+03,2.3058e-09
6.1800e+03,2.2806e-09
6.2000e+03,2.2781e-09
6.2200e+03,2.2806e-09
6.2400e+03,2.2537e-09
6.2600e+03,2.2075e-09
6.2800e+03,2.1497e-09
6.3000e+03,2.1604e-09
6.3200e+03,2.1291e-09
6.3400e+03,2.0884e-09
6.3600e+03,2.0659e-09
6.3800e+03,2.0551e-09
6.4000e+03,2.0306e-09
6.4200e+03,2.0006e-09
6.4400e+03,1.9675e-09
6.4600e+03,1.9384e-09
6.4800e+03,1.9205e-09
6.5000e+03,1.9308e-09
6.5200e+03,1.9029e-09
6.5400e+03,1.8225e-09
6.5600e+03,1.7793e-09
6.5800e+03,1.8370e-09
6.6000e+03,1.8760e-09
6.6200e+03,1.8654e-09
6.6400e+03,1.7779e-09
6.6600e+03,1.7410e-09
6.6800e+03,1.7034e-09
6.7000e+03,1.6835e-09
6.7200e+03,1.6714e-09
6.7400e+03,1.6636e-09
6.7600e+03,1.6053e-09
6.7800e+03,1.5892e-09
6.8000e+03,1.5985e-09
6.8200e+03,1.5730e-09
6.8400e+03,1.5977e-09
6.8600e+03,1.5169e-09
6.8800e+03,1.4959e-09
6.9000e+03,1.5237e-09
6.9200e+03,1.5315e-09
6.9400e+03,1.5132e-09
6.9600e+03,1.5009e-09
6.9800e+03,1.4810e-09
7.0000e+03,1.4679e-09
7.0200e+03,1.4589e-09
7.0400e+03,1.4326e-09
7.0600e+03,1.3796e-09
7.0800e+03,1.3844e-09
7.1000e+03,1.3736e-09
7.1200e+03,1.3462e-09
7.1400e+03,1.3048e-09
7.1600e+03,1.2999e-09
7.1800e+03,1.2994e-09
7.2000e+03,1.2788e-09
7.2200e+03,1.2671e-09
7.2400e+03,1.2444e-09
7.2600e+03,1.2250e-09
7.2800e+03,1.2303e-09
7.3000e+03,1.2511e-09
7.3200e+03,1.2457e-09
7.3400e+03,1.2073e-09
7.3600e+03,1.2003e-09
7.3800e+03,1.1910e-09
7.4000e+03,1.1705e-09
7.4200e+03,1.1309e-09
7.4400e+03,1.1252e-09
7.4600e+03,1.1145e-09
7.4800e+03,1.0767e-09
7.5000e+03,1.0905e-09
7.5200e+03,1.0787e-09
7.5400e+03,1.0967e-09
7.5600e+03,1.0959e-09
7.5800e+03,1.0001e-09
7.6000e+03,8.6161e-10
7.6200e+03,1.0411e-09
7.6400e+03,1.0316e-09
7.6600e+03,1.0230e-09
7.6800e+03,9.6250e-10
7.7000e+03,9.9392e-10
7.7200e+03,1.0067e-09
7.7400e+03,9.9909e-10
7.7600e+03,9.8708e-10
7.7800e+03,9.7341e-10
7.8000e+03,9.6719e-10
7.8200e+03,9.5370e-10
7.8400e+03,9.3562e-10
7.8600e+03,9.3210e-10
7.8800e+03,9.1249e-10
7.9000e+03,9.0544e-10
7.9200e+03,8.9256e-10
7.9400e+03,8.9100e-10
7.9600e+03,8.7867e-10
7.9800e+03,8.8314e-10
8.0000e+03,8.7245e-10
8.0200e+03,8.7940e-10
8.0400e+03,8.7620e-10
8.0600e+03,8.7067e-10
8.0800e+03,8.4827e-10
8.1000e+03,8.2604e-10
8.1200e+03,8.2921e-10
8.1400e+03,8.1222e-10
8.1600e+03,7.9535e-10
8.1800e+03,8.1095e-10
8.2000e+03,7.8582e-10
8.2200e+03,7.2981e-10
8.2400e+03,7.6193e-10
8.2600e+03,7.6571e-10
8.2800e+03,7.2134e-10
8.3000e+03,7.4509e-10
8.3200e+03,7.2959e-10
8.3400e+03,7.1657e-10
8.3600e+03,7.2683e-10
8.3800e+03,7.2738e-10
8.4000e+03,7.4763e-10
8.4200e+03,7.4792e-10
8.4400e+03,6.9621e-10
8.4600e+03,7.2007e-10
8.4800e+03,7.1625e-10
8.5000e+03,6.9755e-10
8.5200e+03,6.8141e-10
8.5400e+03,6.8952e-10
8.5600e+03,6.6184e-10
8.5800e+03,6.5817e-10
8.6000e+03,6.3664e-10
8.6200e+03,6.8628e-10
8.6400e+03,6.5838e-10
8.6600e+03,6.4405e-10
8.6800e+03,7.1356e-10
8.7000e+03,6.7471e-10
8.7200e+03,6.4565e-10
8.7400e+03,6.1001e-10
8.7600e+03,6.7119e-10
8.7800e+03,6.8741e-10
8.8000e+03,6.6100e-10
8.8200e+03,6.2831e-10
8.8400e+03,5.9794e-10
8.8600e+03,5.9856e-10
8.8800e+03,6.3194e-10
8.9000e+03,6.1663e-10
8.9200e+03,6.0187e-10
8.9400e+03,5.9048e-10
8.9600e+03,5.7259e-10
8.9800e+03,5.4942e-10
9.0000e+03,5.2313e-10
9.0200e+03,5.6764e-10
9.0400e+03,5.8521e-10
9.0600e+03,5.6568e-10
9.0800e+03,5.6612e-10
9.1000e+03,5.6703e-10
9.1200e+03,5.6673e-10
9.1400e+03,5.6052e-10
9.1600e+03,5.5950e-10
9.1800e+03,5.4597e-10
9.2000e+03,5.4386e-10
9.2200e+03,4.9120e-10
9.2400e+03,5.1589e-10
9.2600e+03,5.0811e-10
9.2800e+03,5.1876e-10
9.3000e+03,5.0062e-10
9.3200e+03,4.5996e-10
9.3400e+03,4.8672e-10
9.3600e+03,4.4254e-10
9.3800e+03,4.7334e-10
9.4000e+03,5.2600e-10
9.4200e+03,4.6297e-10
9.4400e+03,4.6443e-10
9.4600e+03,4.9898e-10
9.4800e+03,5.0302e-10
9.5000e+03,4.7589e-10
9.5200e+03,4.4621e-10
9.5400e+03,4.9887e-10
9.5600e+03,4.9418e-10
9.5800e+03,4.8712e-10
9.6000e+03,4.6450e-10
9.6200e+03,4.7054e-10
9.6400e+03,4.5516e-10
9.6600e+03,4.5585e-10
9.6800e+03,4.5014e-10
9.7000e+03,4.2602e-10
9.7200e+03,4.2781e-10
9.7400e+03,4.5112e-10
9.7600e+03,4.2591e-10
9.7800e+03,4.4686e-10
9.8000e+03,4.1646e-10
9.8200e+03,4.1522e-10
9.8400e+03,4.4861e-10
9.8600e+03,4.2402e-10
9.8800e+03,4.3032e-10
9.9000e+03,4.1428e-10
9.9200e+03,4.1646e-10
9.9400e+03,3.9064e-10
9.9600e+03,3.8940e-10
9.9800e+03,3.9711e-10
1.0000e+04,3.6467e-10
1.0020e+04,3.5652e-10
1.0040e+04,3.6663e-10
1.0060e+04,3.6743e-10
1.0080e+04,3.6051e-10
1.0100e+04,3.6175e-10
1.0120e+04,3.5248e-10
1.0140e+04,3.5372e-10
1.0160e+04,3.5927e-10
1.0180e+04,3.6416e-10
1.0200e+04,3.4342e-10
1.0220e+04,3.6402e-10
1.0240e+04,3.6383e-10
1.0260e+04,3.4911e-10
1.0280e+04,3.5299e-10
1.0300e+04,3.3157e-10
1.0320e+04,3.2458e-10
1.0340e+04,3.3855e-10
1.0360e+04,3.3309e-10
1.0380e+04,3.1539e-10
1.0400e+04,3.3425e-10
1.0420e+04,3.3657e-10
1.0440e+04,3.2422e-10
1.0460e+04,3.0979e-10
1.0480e+04,3.2295e-10
1.0500e+04,3.1344e-10
1.0520e+04,3.2343e-10
1.0540e+04,3.1928e-10
1.0560e+04,3.4056e-10
1.0580e+04,3.3821e-10
1.0600e+04,3.1045e-10
1.0800e+04,2.9111e-10
1.1000e+04,2.7187e-10
1.1200e+04,2.5319e-10
1.1400e+04,2.3537e-10
1.1600e+04,2.1869e-10
1.1800e+04,2.0330e-10
1.2000e+04,1.8931e-10
1.2200e+04,1.7680e-10
1.2400e+04,1.6576e-10
1.2600e+04,1.5608e-10
1.2800e+04,1.4730e-10
1.3000e+04,1.3912e-10
1.3200e+04,1.3151e-10
1.3400e+04,1.2440e-10
1.3600e+04,1.1777e-10
1.3800e+04,1.1157e-10
1.4000e+04,1.0577e-10
1.4200e+04,1.0035e-10
1.4400e+04,9.5268e-11
1.4600e+04,9.0500e-11
1.4800e+04,8.6030e-11
1.5000e+04,8.1830e-11
1.5200e+04,7.7884e-11
1.5400e+04,7.4170e-11
1.5600e+04,7.0675e-11
1.5800e+04,6.7384e-11
1.6000e+04,6.4282e-11
1.6200e+04,6.1354e-11
1.6400e+04,5.8594e-11
1.6600e+04,5.5986e-11
1.6800e+04,5.3520e-11
1.7000e+04,5.1189e-11
1.7200e+04,4.8985e-11
1.7400e+04,4.6894e-11
1.7600e+04,4.4919e-11
1.7800e+04,4.3046e-11
1.8000e+04,4.1264e-11
1.8200e+04,3.9577e-11
1.8400e+04,3.7976e-11
1.8600e+04,3.6452e-11
1.8800e+04,3.5006e-11
1.9000e+04,3.3629e-11
1.9200e+04,3.2320e-11
1.9400e+04,3.1074e-11
1.9600e+04,2.9887e-11
1.9800e+04,2.8757e-11
2.0000e+04,2.7680e-11
2.0200e+04,2.6652e-11
2.0400e+04,2.5671e-11
2.0600e+04,2.4735e-11
2.0800e+04,2.3842e-11
2.1000e+04,2.2988e-11
2.1200e+04,2.2172e-11
2.1400e+04,2.1392e-11
2.1600e+04,2.0646e-11
2.1800e+04,1.9932e-11
2.2000e+04,1.9249e-11
2.2200e+04,1.8595e-11
2.2400e+04,1.7968e-11
2.2600e+04,1.7367e-11
2.2800e+04,1.6792e-11
2.3000e+04,1.6240e-11
2.3200e+04,1.5710e-11
2.3400e+04,1.5202e-11
2.3600e+04,1.4714e-11
2.3800e+04,1.4246e-11
2.4000e+04,1.3796e-11
2.4200e+04,1.3363e-11
2.4400e+04,1.2948e-11
2.4600e+04,1.2548e-11
2.4800e+04,1.2164e-11
2.5000e+04,1.1794e-11
2.5200e+04,1.1439e-11
2.5400e+04,1.1096e-11
2.5600e+04,1.0767e-11
