# wavelength, f_lambda
2.2900e+02,1.3531e-24
2.3400e+02,3.8011e-24
2.4300e+02,2.0216e-23
2.5200e+02,9.4613e-23
2.5600e+02,1.7942e-22
2.6000e+02,3.3996e-22
2.6600e+02,8.4252e-22
2.7500e+02,3.0474e-21
2.8300e+02,8.9095e-21
2.9300e+02,3.1234e-20
3.0100e+02,8.0399e-20
3.0900e+02,1.9570e-19
3.2500e+02,1.0233e-18
3.4200e+02,4.9593e-18
3.5100e+02,1.0717e-17
3.5600e+02,1.6153e-17
3.6500e+02,3.2854e-17
3.7500e+02,6.9238e-17
3.8400e+02,1.3085e-16
4.0000e+02,3.7604e-16
4.1500e+02,9.3548e-16
4.2500e+02,1.6504e-15
4.4500e+02,4.7445e-15
4.7200e+02,1.6898e-14
4.9400e+02,4.2526e-14
5.0600e+02,9.0138e-13
5.1600e+02,1.4463e-12
5.4000e+02,2.9352e-12
5.6400e+02,5.5602e-12
5.8700e+02,8.3616e-12
6.1200e+02,1.5400e-11
6.4000e+02,2.4861e-11
6.7100e+02,4.0363e-11
7.0500e+02,6.7428e-11
7.3600e+02,9.8805e-11
7.7000e+02,1.5176e-10
8.1000e+02,2.2662e-10
8.5000e+02,3.1729e-10
8.9000e+02,4.5867e-10
9.2000e+02,2.4868e-09
9.4000e+02,4.3213e-08
9.6200e+02,9.7925e-08
9.8700e+02,1.3746e-07
1.0120e+03,1.5200e-07
1.0370e+03,1.7104e-07
1.0620e+03,1.9570e-07
1.0870e+03,1.8096e-07
1.1120e+03,1.8565e-07
1.1200e+03,1.9129e-07
1.1400e+03,1.9514e-07
1.1600e+03,1.9540e-07
1.1800e+03,1.7462e-07
1.2000e+03,1.0502e-07
1.2200e+03,2.2638e-08
1.2400e+03,1.4054e-07
1.2600e+03,1.5250e-07
1.2800e+03,1.6063e-07
1.3000e+03,1.3333e-07
1.3200e+03,1.5059e-07
1.3400e+03,1.3880e-07
1.3600e+03,1.3241e-07
1.3800e+03,1.2136e-07
1.4000e+03,1.0584e-07
1.4200e+03,1.1862e-07
1.4400e+03,1.2602e-07
1.4600e+03,1.2419e-07
1.4800e+03,1.1689e-07
1.5000e+03,1.1141e-07
1.5200e+03,1.0776e-07
1.5400e+03,1.0776e-07
1.5600e+03,1.0310e-07
1.5800e+03,9.9448e-08
1.6000e+03,8.9302e-08
1.6200e+03,8.7382e-08
1.6400e+03,8.7382e-08
1.6600e+03,7.9265e-08
1.6800e+03,8.2918e-08
1.7000e+03,7.9446e-08
1.7200e+03,7.8170e-08
1.7400e+03,7.4153e-08
1.7600e+03,7.1198e-08
1.7800e+03,6.8246e-08
1.8000e+03,6.5294e-08
1.8200e+03,6.2371e-08
1.8400e+03,5.7249e-08
1.8600e+03,5.9347e-08
1.8800e+03,5.4235e-08
1.9000e+03,5.2600e-08
1.9200e+03,4.9586e-08
1.9400e+03,4.6939e-08
1.9600e+03,4.7568e-08
1.9800e+03,4.3744e-08
2.0000e+03,4.5285e-08
2.0025e+03,4.4827e-08
2.0050e+03,4.4373e-08
2.0075e+03,4.3915e-08
2.0100e+03,4.3460e-08
2.0125e+03,4.3002e-08
2.0150e+03,4.2544e-08
2.0175e+03,4.2090e-08
2.0200e+03,4.1632e-08
2.0225e+03,4.1370e-08
2.0250e+03,4.1108e-08
2.0275e+03,4.0847e-08
2.0300e+03,4.0581e-08
2.0325e+03,4.0319e-08
2.0350e+03,4.0058e-08
2.0375e+03,3.9796e-08
2.0400e+03,3.9534e-08
2.0425e+03,3.9454e-08
2.0450e+03,3.9374e-08
2.0475e+03,3.9291e-08
2.0500e+03,3.9211e-08
2.0525e+03,3.9134e-08
2.0550e+03,3.9054e-08
2.0575e+03,3.8974e-08
2.0600e+03,3.8894e-08
2.0625e+03,3.8676e-08
2.0650e+03,3.8458e-08
2.0675e+03,3.8244e-08
2.0700e+03,3.8026e-08
2.0725e+03,3.7807e-08
2.0750e+03,3.7593e-08
2.0775e+03,3.7375e-08
2.0800e+03,3.7157e-08
2.0825e+03,3.7124e-08
2.0850e+03,3.7091e-08
2.0875e+03,3.7055e-08
2.0900e+03,3.7022e-08
2.0925e+03,3.6986e-08
2.0950e+03,3.6953e-08
2.0975e+03,3.6917e-08
2.1000e+03,3.6884e-08
2.1025e+03,3.6851e-08
2.1050e+03,3.6815e-08
2.1075e+03,3.6782e-08
2.1100e+03,3.6746e-08
2.1125e+03,3.6713e-08
2.1150e+03,3.6677e-08
2.1175e+03,3.6644e-08
2.1200e+03,3.6611e-08
2.1225e+03,3.6415e-08
2.1250e+03,3.6224e-08
2.1275e+03,3.6031e-08
2.1300e+03,3.5839e-08
2.1325e+03,3.5645e-08
2.1350e+03,3.5452e-08
2.1375e+03,3.5260e-08
2.1400e+03,3.5067e-08
2.1425e+03,3.5033e-08
2.1450e+03,3.4998e-08
2.1475e+03,3.4964e-08
2.1500e+03,3.4930e-08
2.1525e+03,3.4896e-08
2.1550e+03,3.4861e-08
2.1575e+03,3.4827e-08
2.1600e+03,3.4793e-08
2.1625e+03,3.4666e-08
2.1650e+03,3.4539e-08
2.1675e+03,3.4413e-08
2.1700e+03,3.4286e-08
2.1725e+03,3.4159e-08
2.1750e+03,3.4032e-08
2.1775e+03,3.3906e-08
2.1800e+03,3.3779e-08
2.1825e+03,3.3655e-08
2.1850e+03,3.3530e-08
2.1875e+03,3.3406e-08
2.1900e+03,3.3281e-08
2.1925e+03,3.3157e-08
2.1950e+03,3.3032e-08
2.1975e+03,3.2908e-08
2.2000e+03,3.2784e-08
2.2025e+03,3.2680e-08
2.2050e+03,3.2576e-08
2.2075e+03,3.2472e-08
2.2100e+03,3.2368e-08
2.2125e+03,3.2264e-08
2.2150e+03,3.2160e-08
2.2175e+03,3.2057e-08
2.2200e+03,3.1953e-08
2.2225e+03,3.1953e-08
2.2250e+03,3.1953e-08
2.2275e+03,3.1953e-08
2.2300e+03,3.1953e-08
2.2325e+03,3.1953e-08
2.2350e+03,3.1953e-08
2.2375e+03,3.1953e-08
2.2400e+03,3.1953e-08
2.2425e+03,3.1840e-08
2.2450e+03,3.1727e-08
2.2475e+03,3.1614e-08
2.2500e+03,3.1501e-08
2.2525e+03,3.1388e-08
2.2550e+03,3.1275e-08
2.2575e+03,3.1162e-08
2.2600e+03,3.1049e-08
2.2625e+03,3.0934e-08
2.2650e+03,3.0820e-08
2.2675e+03,3.0706e-08
2.2700e+03,3.0592e-08
2.2725e+03,3.0478e-08
2.2750e+03,3.0364e-08
2.2775e+03,3.0250e-08
2.2800e+03,3.0135e-08
2.2825e+03,3.0090e-08
2.2850e+03,3.0044e-08
2.2875e+03,2.9998e-08
2.2900e+03,2.9953e-08
2.2925e+03,2.9907e-08
2.2950e+03,2.9861e-08
2.2975e+03,2.9816e-08
2.3000e+03,2.9770e-08
2.3025e+03,2.9758e-08
2.3050e+03,2.9745e-08
2.3075e+03,2.9733e-08
2.3100e+03,2.9720e-08
2.3125e+03,2.9708e-08
2.3150e+03,2.9695e-08
2.3175e+03,2.9682e-08
2.3200e+03,2.9670e-08
2.3225e+03,2.9636e-08
2.3250e+03,2.9601e-08
2.3275e+03,2.9567e-08
2.3300e+03,2.9533e-08
2.3325e+03,2.9499e-08
2.3350e+03,2.9464e-08
2.3375e+03,2.9430e-08
2.3400e+03,2.9396e-08
2.3425e+03,2.9420e-08
2.3450e+03,2.9444e-08
2.3475e+03,2.9468e-08
2.3500e+03,2.9492e-08
2.3525e+03,2.9516e-08
2.3550e+03,2.9540e-08
2.3575e+03,2.9564e-08
2.3600e+03,2.9588e-08
2.3625e+03,2.9508e-08
2.3650e+03,2.9428e-08
2.3675e+03,2.9348e-08
2.3700e+03,2.9268e-08
2.3725e+03,2.9188e-08
2.3750e+03,2.9108e-08
2.3775e+03,2.9028e-08
2.3800e+03,2.8948e-08
2.3825e+03,2.8846e-08
2.3850e+03,2.8743e-08
2.3875e+03,2.8640e-08
2.3900e+03,2.8537e-08
2.3925e+03,2.8435e-08
2.3950e+03,2.8332e-08
2.3975e+03,2.8229e-08
2.4000e+03,2.8127e-08
2.4025e+03,2.8229e-08
2.4050e+03,2.8332e-08
2.4075e+03,2.8435e-08
2.4100e+03,2.8537e-08
2.4125e+03,2.8640e-08
2.4150e+03,2.8743e-08
2.4175e+03,2.8846e-08
2.4200e+03,2.8948e-08
2.4225e+03,2.8914e-08
2.4250e+03,2.8880e-08
2.4275e+03,2.8846e-08
2.4300e+03,2.8811e-08
2.4325e+03,2.8777e-08
2.4350e+03,2.8743e-08
2.4375e+03,2.8709e-08
2.4400e+03,2.8674e-08
2.4425e+03,2.8629e-08
2.4450e+03,2.8583e-08
2.4475e+03,2.8537e-08
2.4500e+03,2.8492e-08
2.4525e+03,2.8446e-08
2.4550e+03,2.8400e-08
2.4575e+03,2.8355e-08
2.4600e+03,2.8309e-08
2.4625e+03,2.8241e-08
2.4650e+03,2.8172e-08
2.4675e+03,2.8104e-08
2.4700e+03,2.8035e-08
2.4725e+03,2.7967e-08
2.4750e+03,2.7898e-08
2.4775e+03,2.7830e-08
2.4800e+03,2.7761e-08
2.4825e+03,2.7668e-08
2.4850e+03,2.7576e-08
2.4875e+03,2.7484e-08
2.4900e+03,2.7391e-08
2.4925e+03,2.7299e-08
2.4950e+03,2.7206e-08
2.4975e+03,2.7114e-08
2.5000e+03,2.7021e-08
2.5025e+03,2.6897e-08
2.5050e+03,2.6773e-08
2.5075e+03,2.6648e-08
2.5100e+03,2.6524e-08
2.5125e+03,2.6399e-08
2.5150e+03,2.6275e-08
2.5175e+03,2.6150e-08
2.5200e+03,2.6026e-08
2.5225e+03,2.5979e-08
2.5250e+03,2.5933e-08
2.5275e+03,2.5886e-08
2.5300e+03,2.5839e-08
2.5325e+03,2.5792e-08
2.5350e+03,2.5745e-08
2.5375e+03,2.5699e-08
2.5400e+03,2.5652e-08
2.5425e+03,2.5584e-08
2.5450e+03,2.5517e-08
2.5475e+03,2.5449e-08
2.5500e+03,2.5382e-08
2.5525e+03,2.5315e-08
2.5550e+03,2.5248e-08
2.5575e+03,2.5180e-08
2.5600e+03,2.5113e-08
2.5625e+03,2.5056e-08
2.5650e+03,2.4999e-08
2.5675e+03,2.4942e-08
2.5700e+03,2.4885e-08
2.5725e+03,2.4827e-08
2.5750e+03,2.4770e-08
2.5775e+03,2.4713e-08
2.5800e+03,2.4656e-08
2.5825e+03,2.4679e-08
2.5850e+03,2.4702e-08
2.5875e+03,2.4725e-08
2.5900e+03,2.4748e-08
2.5925e+03,2.4770e-08
2.5950e+03,2.4793e-08
2.5975e+03,2.4816e-08
2.6000e+03,2.4839e-08
2.6025e+03,2.4850e-08
2.6050e+03,2.4862e-08
2.6075e+03,2.4873e-08
2.6100e+03,2.4885e-08
2.6125e+03,2.4896e-08
2.6150e+03,2.4907e-08
2.6175e+03,2.4919e-08
2.6200e+03,2.4930e-08
2.6225e+03,2.4803e-08
2.6250e+03,2.4677e-08
2.6275e+03,2.4550e-08
2.6300e+03,2.4423e-08
2.6325e+03,2.4297e-08
2.6350e+03,2.4170e-08
2.6375e+03,2.4043e-08
2.6400e+03,2.3916e-08
2.6425e+03,2.3837e-08
2.6450e+03,2.3757e-08
2.6475e+03,2.3677e-08
2.6500e+03,2.3597e-08
2.6525e+03,2.3517e-08
2.6550e+03,2.3437e-08
2.6575e+03,2.3357e-08
2.6600e+03,2.3277e-08
2.6625e+03,2.3323e-08
2.6650e+03,2.3369e-08
2.6675e+03,2.3414e-08
2.6700e+03,2.3460e-08
2.6725e+03,2.3506e-08
2.6750e+03,2.3551e-08
2.6775e+03,2.3597e-08
2.6800e+03,2.3643e-08
2.6825e+03,2.3597e-08
2.6850e+03,2.3551e-08
2.6875e+03,2.3506e-08
2.6900e+03,2.3460e-08
2.6925e+03,2.3414e-08
2.6950e+03,2.3369e-08
2.6975e+03,2.3323e-08
2.7000e+03,2.3277e-08
2.7025e+03,2.3290e-08
2.7050e+03,2.3302e-08
2.7075e+03,2.3315e-08
2.7100e+03,2.3328e-08
2.7125e+03,2.3340e-08
2.7150e+03,2.3353e-08
2.7175e+03,2.3365e-08
2.7200e+03,2.3378e-08
2.7225e+03,2.3241e-08
2.7250e+03,2.3104e-08
2.7275e+03,2.2967e-08
2.7300e+03,2.2830e-08
2.7325e+03,2.2693e-08
2.7350e+03,2.2556e-08
2.7375e+03,2.2419e-08
2.7400e+03,2.2282e-08
2.7425e+03,2.2258e-08
2.7450e+03,2.2234e-08
2.7475e+03,2.2210e-08
2.7500e+03,2.2186e-08
2.7525e+03,2.2162e-08
2.7550e+03,2.2138e-08
2.7575e+03,2.2114e-08
2.7600e+03,2.2090e-08
2.7625e+03,2.2069e-08
2.7650e+03,2.2047e-08
2.7675e+03,2.2025e-08
2.7700e+03,2.2004e-08
2.7725e+03,2.1982e-08
2.7750e+03,2.1960e-08
2.7775e+03,2.1938e-08
2.7800e+03,2.1917e-08
2.7825e+03,2.1803e-08
2.7850e+03,2.1688e-08
2.7875e+03,2.1574e-08
2.7900e+03,2.1460e-08
2.7925e+03,2.1346e-08
2.7950e+03,2.1232e-08
2.7975e+03,2.1118e-08
2.8000e+03,2.1003e-08
2.8025e+03,2.0946e-08
2.8050e+03,2.0889e-08
2.8075e+03,2.0832e-08
2.8100e+03,2.0775e-08
2.8125e+03,2.0718e-08
2.8150e+03,2.0661e-08
2.8175e+03,2.0604e-08
2.8200e+03,2.0547e-08
2.8225e+03,2.0536e-08
2.8250e+03,2.0524e-08
2.8275e+03,2.0513e-08
2.8300e+03,2.0501e-08
2.8325e+03,2.0490e-08
2.8350e+03,2.0479e-08
2.8375e+03,2.0467e-08
2.8400e+03,2.0456e-08
2.8425e+03,2.0409e-08
2.8450e+03,2.0362e-08
2.8475e+03,2.0315e-08
2.8500e+03,2.0268e-08
2.8525e+03,2.0222e-08
2.8550e+03,2.0175e-08
2.8575e+03,2.0128e-08
2.8600e+03,2.0081e-08
2.8625e+03,2.0081e-08
2.8650e+03,2.0081e-08
2.8675e+03,2.0081e-08
2.8700e+03,2.0081e-08
2.8725e+03,2.0081e-08
2.8750e+03,2.0081e-08
2.8775e+03,2.0081e-08
2.8800e+03,2.0081e-08
2.8825e+03,2.0014e-08
2.8850e+03,1.9946e-08
2.8875e+03,1.9879e-08
2.8900e+03,1.9812e-08
2.8925e+03,1.9745e-08
2.8950e+03,1.9677e-08
2.8975e+03,1.9610e-08
2.9000e+03,1.9542e-08
2.9025e+03,1.9461e-08
2.9050e+03,1.9380e-08
2.9075e+03,1.9299e-08
2.9100e+03,1.9218e-08
2.9125e+03,1.9137e-08
2.9150e+03,1.9056e-08
2.9175e+03,1.8975e-08
2.9200e+03,1.8894e-08
2.9225e+03,1.8872e-08
2.9250e+03,1.8851e-08
2.9275e+03,1.8829e-08
2.9300e+03,1.8807e-08
2.9325e+03,1.8786e-08
2.9350e+03,1.8764e-08
2.9375e+03,1.8742e-08
2.9400e+03,1.8720e-08
2.9425e+03,1.8641e-08
2.9450e+03,1.8561e-08
2.9475e+03,1.8481e-08
2.9500e+03,1.8401e-08
2.9525e+03,1.8321e-08
2.9550e+03,1.8241e-08
2.9575e+03,1.8161e-08
2.9600e+03,1.8081e-08
2.9625e+03,1.8081e-08
2.9650e+03,1.8081e-08
2.9675e+03,1.8081e-08
2.9700e+03,1.8081e-08
2.9725e+03,1.8081e-08
2.9750e+03,1.8081e-08
2.9775e+03,1.8081e-08
2.9800e+03,1.8081e-08
2.9825e+03,1.8035e-08
2.9850e+03,1.7988e-08
2.9875e+03,1.7941e-08
2.9900e+03,1.7894e-08
2.9925e+03,1.7847e-08
2.9950e+03,1.7800e-08
2.9975e+03,1.7753e-08
3.0000e+03,1.7707e-08
3.0025e+03,1.7719e-08
3.0050e+03,1.7732e-08
3.0075e+03,1.7744e-08
3.0100e+03,1.7757e-08
3.0125e+03,1.7769e-08
3.0150e+03,1.7782e-08
3.0175e+03,1.7795e-08
3.0200e+03,1.7807e-08
3.0225e+03,1.7760e-08
3.0250e+03,1.7714e-08
3.0275e+03,1.7667e-08
3.0300e+03,1.7620e-08
3.0325e+03,1.7573e-08
3.0350e+03,1.7527e-08
3.0375e+03,1.7480e-08
3.0400e+03,1.7433e-08
3.0425e+03,1.7411e-08
3.0450e+03,1.7390e-08
3.0475e+03,1.7368e-08
3.0500e+03,1.7346e-08
3.0525e+03,1.7325e-08
3.0550e+03,1.7303e-08
3.0575e+03,1.7281e-08
3.0600e+03,1.7259e-08
3.0625e+03,1.7237e-08
3.0650e+03,1.7214e-08
3.0675e+03,1.7191e-08
3.0700e+03,1.7168e-08
3.0725e+03,1.7145e-08
3.0750e+03,1.7122e-08
3.0775e+03,1.7099e-08
3.0800e+03,1.7077e-08
3.0825e+03,1.7077e-08
3.0850e+03,1.7077e-08
3.0875e+03,1.7077e-08
3.0900e+03,1.7077e-08
3.0925e+03,1.7077e-08
3.0950e+03,1.7077e-08
3.0975e+03,1.7077e-08
3.1000e+03,1.7077e-08
3.1025e+03,1.7087e-08
3.1050e+03,1.7097e-08
3.1075e+03,1.7107e-08
3.1100e+03,1.7118e-08
3.1125e+03,1.7128e-08
3.1150e+03,1.7138e-08
3.1175e+03,1.7149e-08
3.1200e+03,1.7159e-08
3.1225e+03,1.7114e-08
3.1250e+03,1.7070e-08
3.1275e+03,1.7025e-08
3.1300e+03,1.6981e-08
3.1325e+03,1.6936e-08
3.1350e+03,1.6892e-08
3.1375e+03,1.6847e-08
3.1400e+03,1.6803e-08
3.1425e+03,1.6746e-08
3.1450e+03,1.6689e-08
3.1475e+03,1.6632e-08
3.1500e+03,1.6575e-08
3.1525e+03,1.6517e-08
3.1550e+03,1.6460e-08
3.1575e+03,1.6403e-08
3.1600e+03,1.6346e-08
3.1625e+03,1.6312e-08
3.1650e+03,1.6278e-08
3.1675e+03,1.6243e-08
3.1700e+03,1.6209e-08
3.1725e+03,1.6175e-08
3.1750e+03,1.6141e-08
3.1775e+03,1.6106e-08
3.1800e+03,1.6072e-08
3.1825e+03,1.6060e-08
3.1850e+03,1.6047e-08
3.1875e+03,1.6035e-08
3.1900e+03,1.6022e-08
3.1925e+03,1.6010e-08
3.1950e+03,1.5997e-08
3.1975e+03,1.5984e-08
3.2000e+03,1.5972e-08
3.2025e+03,1.5960e-08
3.2050e+03,1.5949e-08
3.2075e+03,1.5938e-08
3.2100e+03,1.5926e-08
3.2125e+03,1.5915e-08
3.2150e+03,1.5903e-08
3.2175e+03,1.5892e-08
3.2200e+03,1.5881e-08
3.2225e+03,1.5858e-08
3.2250e+03,1.5835e-08
3.2275e+03,1.5812e-08
3.2300e+03,1.5789e-08
3.2325e+03,1.5766e-08
3.2350e+03,1.5744e-08
3.2375e+03,1.5721e-08
3.2400e+03,1.5698e-08
3.2600e+03,1.6004e-08
3.2700e+03,1.5883e-08
3.2800e+03,1.5535e-08
3.2900e+03,1.4919e-08
3.3000e+03,1.4908e-08
3.3100e+03,1.4887e-08
3.3200e+03,1.4887e-08
3.3300e+03,1.4808e-08
3.3400e+03,1.4563e-08
3.3500e+03,1.4341e-08
3.3600e+03,1.4727e-08
3.3700e+03,1.4429e-08
3.3800e+03,1.3869e-08
3.3900e+03,1.4052e-08
3.4000e+03,1.3875e-08
3.4100e+03,1.3859e-08
3.4200e+03,1.3713e-08
3.4300e+03,1.3514e-08
3.4400e+03,1.3315e-08
3.4500e+03,1.3001e-08
3.4600e+03,1.2944e-08
3.4700e+03,1.2969e-08
3.4800e+03,1.2922e-08
3.4900e+03,1.2670e-08
3.5000e+03,1.2508e-08
3.5100e+03,1.2375e-08
3.5200e+03,1.2455e-08
3.5300e+03,1.2471e-08
3.5400e+03,1.2262e-08
3.5500e+03,1.2193e-08
3.5600e+03,1.2047e-08
3.5700e+03,1.2185e-08
3.5800e+03,1.1786e-08
3.5900e+03,1.1578e-08
3.6000e+03,1.1622e-08
3.6100e+03,1.1541e-08
3.6200e+03,1.1427e-08
3.6300e+03,1.1233e-08
3.6400e+03,1.1286e-08
3.6500e+03,1.1282e-08
3.6600e+03,1.1033e-08
3.6700e+03,1.1030e-08
3.6800e+03,1.0842e-08
3.6900e+03,1.0743e-08
3.7000e+03,1.0487e-08
3.7100e+03,1.0281e-08
3.7200e+03,1.0579e-08
3.7300e+03,1.0639e-08
3.7400e+03,1.0652e-08
3.7500e+03,1.1027e-08
3.7600e+03,1.1092e-08
3.7700e+03,1.1026e-08
3.7800e+03,1.1598e-08
3.7900e+03,1.1522e-08
3.8000e+03,1.1018e-08
3.8100e+03,1.1611e-08
3.8200e+03,1.1796e-08
3.8300e+03,1.0957e-08
3.8400e+03,1.0745e-08
3.8500e+03,1.2126e-08
3.8600e+03,1.2135e-08
3.8700e+03,1.1710e-08
3.8800e+03,1.0712e-08
3.8900e+03,9.9466e-09
3.9000e+03,1.0924e-08
3.9100e+03,1.1515e-08
3.9200e+03,1.1180e-08
3.9300e+03,1.1011e-08
3.9400e+03,1.1242e-08
3.9500e+03,1.1303e-08
3.9600e+03,1.0214e-08
3.9700e+03,9.4875e-09
3.9800e+03,1.0236e-08
3.9900e+03,1.1242e-08
4.0000e+03,1.1436e-08
4.0100e+03,1.1096e-08
4.0200e+03,1.0590e-08
4.0300e+03,1.0632e-08
4.0400e+03,1.1145e-08
4.0500e+03,1.1056e-08
4.0600e+03,1.0897e-08
4.0700e+03,1.0574e-08
4.0800e+03,1.0301e-08
4.0900e+03,9.8477e-09
4.1000e+03,8.9862e-09
4.1100e+03,9.3926e-09
4.1200e+03,1.0236e-08
4.1300e+03,1.0314e-08
4.1400e+03,9.9921e-09
4.1500e+03,9.9310e-09
4.1600e+03,1.0034e-08
4.1700e+03,1.0030e-08
4.1800e+03,9.9132e-09
4.1900e+03,9.8783e-09
4.2000e+03,9.8623e-09
4.2100e+03,9.7849e-09
4.2200e+03,9.7387e-09
4.2300e+03,9.5162e-09
4.2400e+03,9.4777e-09
4.2500e+03,9.3613e-09
4.2600e+03,9.2872e-09
4.2700e+03,9.1665e-09
4.2800e+03,9.1530e-09
4.2900e+03,9.0280e-09
4.3000e+03,8.9102e-09
4.3100e+03,8.8157e-09
4.3200e+03,8.5652e-09
4.3300e+03,7.6633e-09
4.3400e+03,7.2187e-09
4.3500e+03,7.8625e-09
4.3600e+03,8.5576e-09
4.3700e+03,8.4445e-09
4.3800e+03,8.2249e-09
4.3900e+03,8.0017e-09
4.4000e+03,8.2347e-09
4.4100e+03,8.1413e-09
4.4200e+03,8.0432e-09
4.4300e+03,7.9963e-09
4.4400e+03,7.8828e-09
4.4500e+03,7.8861e-09
4.4600e+03,7.6538e-09
4.4700e+03,7.3375e-09
4.4800e+03,7.3855e-09
4.4900e+03,7.6007e-09
4.5000e+03,7.4866e-09
4.5100e+03,7.4535e-09
4.5200e+03,7.4412e-09
4.5300e+03,7.3506e-09
4.5400e+03,7.1758e-09
4.5500e+03,7.0871e-09
4.5600e+03,7.0453e-09
4.5700e+03,7.1547e-09
4.5800e+03,7.1441e-09
4.5900e+03,7.0514e-09
4.6000e+03,6.9900e-09
4.6100e+03,6.9133e-09
4.6200e+03,6.9856e-09
4.6300e+03,6.9402e-09
4.6400e+03,6.7083e-09
4.6500e+03,6.6548e-09
4.6600e+03,6.6861e-09
4.6700e+03,6.6676e-09
4.6800e+03,6.6043e-09
4.6900e+03,6.5858e-09
4.7000e+03,6.4156e-09
4.7100e+03,6.4174e-09
4.7200e+03,6.3855e-09
4.7300e+03,6.4073e-09
4.7400e+03,6.3753e-09
4.7500e+03,6.3484e-09
4.7600e+03,6.2884e-09
4.7700e+03,6.2473e-09
4.7800e+03,6.2739e-09
4.7900e+03,6.1579e-09
4.8000e+03,6.1226e-09
4.8100e+03,6.0314e-09
4.8200e+03,5.9176e-09
4.8300e+03,5.8885e-09
4.8400e+03,5.7994e-09
4.8500e+03,5.1938e-09
4.8600e+03,4.8459e-09
4.8700e+03,5.2109e-09
4.8800e+03,5.5770e-09
4.8900e+03,5.5999e-09
4.9000e+03,5.5857e-09
4.9100e+03,5.4417e-09
4.9200e+03,5.3428e-09
4.9300e+03,5.3977e-09
4.9400e+03,5.5133e-09
4.9500e+03,5.4777e-09
4.9600e+03,5.4297e-09
4.9700e+03,5.3283e-09
4.9800e+03,5.3243e-09
4.9900e+03,5.2378e-09
5.0000e+03,5.1952e-09
5.0100e+03,5.1011e-09
5.0200e+03,5.0895e-09
5.0300e+03,5.0778e-09
5.0400e+03,5.0320e-09
5.0500e+03,4.8797e-09
5.0600e+03,4.8819e-09
5.0700e+03,4.8164e-09
5.0800e+03,4.7975e-09
5.0900e+03,4.7325e-09
5.1000e+03,4.6303e-09
5.1100e+03,4.6165e-09
5.1200e+03,4.6314e-09
5.1300e+03,4.5889e-09
5.1400e+03,4.5667e-09
5.1500e+03,4.5285e-09
5.1600e+03,4.5354e-09
5.1700e+03,4.5100e-09
5.1800e+03,4.4598e-09
5.1900e+03,4.4427e-09
5.2000e+03,4.3697e-09
5.2100e+03,4.3649e-09
5.2200e+03,4.3002e-09
5.2300e+03,4.2799e-09
5.2400e+03,4.2475e-09
5.2500e+03,4.2195e-09
5.2600e+03,4.2192e-09
5.2700e+03,4.1915e-09
5.2800e+03,4.1406e-09
5.2900e+03,4.1174e-09
5.3000e+03,4.0287e-09
5.3100e+03,4.0174e-09
5.3200e+03,3.9829e-09
5.3300e+03,3.9563e-09
5.3400e+03,3.9033e-09
5.3500e+03,3.8851e-09
5.3600e+03,3.8742e-09
5.3700e+03,3.8302e-09
5.3800e+03,3.8309e-09
5.3900e+03,3.8167e-09
5.4000e+03,3.8098e-09
5.4100e+03,3.7924e-09
5.4200e+03,3.7782e-09
5.4300e+03,3.7680e-09
5.4400e+03,3.6917e-09
5.4500e+03,3.6466e-09
5.4600e+03,3.6608e-09
5.4700e+03,3.6146e-09
5.4800e+03,3.5605e-09
5.4900e+03,3.5637e-09
5.5000e+03,3.5630e-09
5.5100e+03,3.4993e-09
5.5200e+03,3.4963e-09
5.5300e+03,3.5430e-09
5.5400e+03,3.4906e-09
5.5500e+03,3.4663e-09
5.5600e+03,3.4177e-09
5.5700e+03,3.4065e-09
5.5800e+03,3.3946e-09
5.5900e+03,3.3404e-09
5.6000e+03,3.3434e-09
5.6100e+03,3.3418e-09
5.6200e+03,3.3207e-09
5.6300e+03,3.2955e-09
5.6400e+03,3.2695e-09
5.6500e+03,3.2434e-09
5.6600e+03,3.2176e-09
5.6700e+03,3.1918e-09
5.6800e+03,3.1664e-09
5.6900e+03,3.1416e-09
5.7000e+03,3.1165e-09
5.7100e+03,3.0922e-09
5.7200e+03,3.0679e-09
5.7300e+03,3.0436e-09
5.7400e+03,3.0195e-09
5.7600e+03,2.9963e-09
5.7800e+03,2.9694e-09
5.8000e+03,2.9454e-09
5.8200e+03,2.8976e-09
5.8400e+03,2.8549e-09
5.8600e+03,2.7861e-09
5.8800e+03,2.7509e-09
5.9000e+03,2.7406e-09
5.9200e+03,2.7194e-09
5.9400e+03,2.6583e-09
5.9600e+03,2.6307e-09
5.9800e+03,2.5977e-09
6.0000e+03,2.5614e-09
6.0200e+03,2.5465e-09
6.0400e+03,2.5260e-09
6.0600e+03,2.5139e-09
6.0800e+03,2.4779e-09
6.1000e+03,2.4786e-09
6.1200e+03,2.4413e-09
6.1400e+03,2.3917e-09
6.1600e+03,2.3588e-09
6.1800e+03,2.3455e-09
6.2000e+03,2.3290e-09
6.2200e+03,2.3345e-09
6.2400e+03,2.3137e-09
6.2600e+03,2.2729e-09
6.2800e+03,2.2414e-09
6.3000e+03,2.2442e-09
6.3200e+03,2.2191e-09
6.3400e+03,2.2000e-09
6.3600e+03,2.1837e-09
6.3800e+03,2.1501e-09
6.4000e+03,2.1218e-09
6.4200e+03,2.0875e-09
6.4400e+03,2.0736e-09
6.4600e+03,2.0297e-09
6.4800e+03,2.0183e-09
6.5000e+03,1.9913e-09
6.5200e+03,1.9599e-09
6.5400e+03,1.8527e-09
6.5600e+03,1.8015e-09
6.5800e+03,1.9248e-09
6.6000e+03,1.9059e-09
6.6200e+03,1.8885e-09
6.6400e+03,1.8604e-09
6.6600e+03,1.7802e-09
6.6800e+03,1.7712e-09
6.7000e+03,1.7578e-09
6.7200e+03,1.7562e-09
6.7400e+03,1.7250e-09
6.7600e+03,1.7086e-09
6.7800e+03,1.6828e-09
6.8000e+03,1.6844e-09
6.8200e+03,1.6699e-09
6.8400e+03,1.6612e-09
6.8600e+03,1.5826e-09
6.8800e+03,1.5596e-09
6.9000e+03,1.5905e-09
6.9200e+03,1.5940e-09
6.9400e+03,1.5706e-09
6.9600e+03,1.5473e-09
6.9800e+03,1.5337e-09
7.0000e+03,1.5472e-09
7.0200e+03,1.5018e-09
7.0400e+03,1.4751e-09
7.0600e+03,1.4619e-09
7.0800e+03,1.4426e-09
7.1000e+03,1.4520e-09
7.1200e+03,1.4207e-09
7.1400e+03,1.3985e-09
7.1600e+03,1.3894e-09
7.1800e+03,1.3966e-09
7.2000e+03,1.3650e-09
7.2200e+03,1.3403e-09
7.2400e+03,1.3077e-09
7.2600e+03,1.2999e-09
7.2800e+03,1.2845e-09
7.3000e+03,1.2930e-09
7.3200e+03,1.2843e-09
7.3400e+03,1.2396e-09
7.3600e+03,1.2530e-09
7.3800e+03,1.2145e-09
7.4000e+03,1.1992e-09
7.4200e+03,1.1900e-09
7.4400e+03,1.1860e-09
7.4600e+03,1.1657e-09
7.4800e+03,1.1527e-09
7.5000e+03,1.1364e-09
7.5200e+03,1.1612e-09
7.5400e+03,1.1851e-09
7.5600e+03,1.1509e-09
7.5800e+03,9.9946e-10
7.6000e+03,8.9963e-10
7.6200e+03,1.1009e-09
7.6400e+03,1.1140e-09
7.6600e+03,1.0722e-09
7.6800e+03,1.0174e-09
7.7000e+03,1.0381e-09
7.7200e+03,1.0492e-09
7.7400e+03,1.0508e-09
7.7600e+03,1.0323e-09
7.7800e+03,1.0321e-09
7.8000e+03,1.0229e-09
7.8200e+03,1.0218e-09
7.8400e+03,9.9114e-10
7.8600e+03,9.8823e-10
7.8800e+03,9.6100e-10
7.9000e+03,9.6449e-10
7.9200e+03,9.5584e-10
7.9400e+03,9.3123e-10
7.9600e+03,9.2824e-10
7.9800e+03,9.3024e-10
8.0000e+03,9.1679e-10
8.0200e+03,9.1963e-10
8.0400e+03,9.1443e-10
8.0600e+03,8.8680e-10
8.0800e+03,8.8840e-10
8.1000e+03,8.6648e-10
8.1200e+03,8.8448e-10
8.1400e+03,8.7684e-10
8.1600e+03,8.4692e-10
8.1800e+03,8.3696e-10
8.2000e+03,8.6550e-10
8.2200e+03,8.9298e-10
8.2400e+03,8.6801e-10
8.2600e+03,8.2544e-10
8.2800e+03,8.4158e-10
8.3000e+03,7.6847e-10
8.3200e+03,8.2267e-10
8.3400e+03,7.7269e-10
8.3600e+03,7.7941e-10
8.3800e+03,7.8836e-10
8.4000e+03,7.8694e-10
8.4200e+03,7.6938e-10
8.4400e+03,7.5309e-10
8.4600e+03,7.2907e-10
8.4800e+03,7.3092e-10
8.5000e+03,7.4626e-10
8.5200e+03,7.8181e-10
8.5400e+03,7.1801e-10
8.5600e+03,7.2368e-10
8.5800e+03,7.0260e-10
8.6000e+03,7.0860e-10
8.6200e+03,7.3688e-10
8.6400e+03,7.1529e-10
8.6600e+03,6.8406e-10
8.6800e+03,7.2183e-10
8.7000e+03,7.1638e-10
8.7200e+03,7.2038e-10
8.7400e+03,6.6447e-10
8.7600e+03,6.8210e-10
8.7800e+03,7.2677e-10
8.8000e+03,7.0580e-10
8.8200e+03,6.5625e-10
8.8400e+03,6.4967e-10
8.8600e+03,6.3415e-10
8.8800e+03,6.5596e-10
8.9000e+03,6.4204e-10
8.9200e+03,6.4734e-10
8.9400e+03,6.8319e-10
8.9600e+03,6.4603e-10
8.9800e+03,6.0641e-10
9.0000e+03,5.6671e-10
9.0200e+03,6.1477e-10
9.0400e+03,6.3506e-10
9.0600e+03,5.9561e-10
9.0800e+03,5.7587e-10
9.1000e+03,6.4273e-10
9.1200e+03,6.3480e-10
9.1400e+03,5.6340e-10
9.1600e+03,6.1452e-10
9.1800e+03,5.6159e-10
9.2000e+03,5.4159e-10
9.2200e+03,5.5773e-10
9.2400e+03,5.5544e-10
9.2600e+03,5.5406e-10
9.2800e+03,5.5890e-10
9.3000e+03,5.3639e-10
9.3200e+03,5.1985e-10
9.3400e+03,5.5955e-10
9.3600e+03,5.7925e-10
9.3800e+03,5.9899e-10
9.4000e+03,5.5602e-10
9.4200e+03,5.0629e-10
9.4400e+03,5.3472e-10
9.4600e+03,5.7773e-10
9.4800e+03,4.9484e-10
9.5000e+03,5.1080e-10
9.5200e+03,5.1175e-10
9.5400e+03,4.5940e-10
9.5600e+03,4.8099e-10
9.5800e+03,5.1636e-10
9.6000e+03,5.0458e-10
9.6200e+03,4.8441e-10
9.6400e+03,5.0157e-10
9.6600e+03,5.2905e-10
9.6800e+03,5.0575e-10
9.7000e+03,4.8961e-10
9.7200e+03,4.5540e-10
9.7400e+03,4.8652e-10
9.7600e+03,4.5191e-10
9.7800e+03,4.8524e-10
9.8000e+03,4.8812e-10
9.8200e+03,4.5518e-10
9.8400e+03,4.5467e-10
9.8600e+03,4.5911e-10
9.8800e+03,4.4035e-10
9.9000e+03,4.4565e-10
9.9200e+03,4.6492e-10
9.9400e+03,4.4776e-10
9.9600e+03,4.2628e-10
9.9800e+03,4.3264e-10
1.0000e+04,4.0061e-10
1.0020e+04,3.6688e-10
1.0040e+04,3.5627e-10
1.0060e+04,3.9414e-10
1.0080e+04,3.9480e-10
1.0100e+04,4.0338e-10
1.0120e+04,3.7218e-10
1.0140e+04,3.9036e-10
1.0160e+04,3.9611e-10
1.0180e+04,3.6884e-10
1.0200e+04,3.8505e-10
1.0220e+04,3.9302e-10
1.0240e+04,3.7044e-10
1.0260e+04,3.7426e-10
1.0280e+04,3.5452e-10
1.0300e+04,3.5571e-10
1.0320e+04,3.6259e-10
1.0340e+04,3.5519e-10
1.0360e+04,3.6495e-10
1.0380e+04,3.3603e-10
1.0400e+04,3.4207e-10
1.0420e+04,3.6608e-10
1.0440e+04,3.4066e-10
1.0460e+04,3.5047e-10
1.0480e+04,3.4330e-10
1.0500e+04,3.2386e-10
1.0520e+04,3.0076e-10
1.0540e+04,3.4977e-10
1.0560e+04,3.2273e-10
1.0580e+04,3.3732e-10
1.0600e+04,3.2169e-10
1.0800e+04,2.9851e-10
1.1000e+04,2.7652e-10
1.1200e+04,2.5591e-10
1.1400e+04,2.3683e-10
1.1600e+04,2.1937e-10
1.1800e+04,2.0353e-10
1.2000e+04,1.8934e-10
1.2200e+04,1.7674e-10
1.2400e+04,1.6569e-10
1.2600e+04,1.5601e-10
1.2800e+04,1.4723e-10
1.3000e+04,1.3906e-10
1.3200e+04,1.3145e-10
1.3400e+04,1.2435e-10
1.3600e+04,1.1772e-10
1.3800e+04,1.1152e-10
1.4000e+04,1.0573e-10
1.4200e+04,1.0030e-10
1.4400e+04,9.5227e-11
1.4600e+04,9.0462e-11
1.4800e+04,8.5994e-11
1.5000e+04,8.1795e-11
1.5200e+04,7.7851e-11
1.5400e+04,7.4139e-11
1.5600e+04,7.0645e-11
1.5800e+04,6.7355e-11
1.6000e+04,6.4254e-11
1.6200e+04,6.1328e-11
1.6400e+04,5.8569e-11
1.6600e+04,5.5962e-11
1.6800e+04,5.3497e-11
1.7000e+04,5.1167e-11
1.7200e+04,4.8964e-11
1.7400e+04,4.6874e-11
1.7600e+04,4.4900e-11
1.7800e+04,4.3028e-11
1.8000e+04,4.1246e-11
1.8200e+04,3.9560e-11
1.8400e+04,3.7960e-11
1.8600e+04,3.6437e-11
1.8800e+04,3.4991e-11
1.9000e+04,3.3615e-11
1.9200e+04,3.2306e-11
1.9400e+04,3.1061e-11
1.9600e+04,2.9874e-11
1.9800e+04,2.8745e-11
2.0000e+04,2.7668e-11
2.0200e+04,2.6640e-11
2.0400e+04,2.5660e-11
2.0600e+04,2.4725e-11
2.0800e+04,2.3832e-11
2.1000e+04,2.2978e-11
2.1200e+04,2.2163e-11
2.1400e+04,2.1383e-11
2.1600e+04,2.0637e-11
2.1800e+04,1.9924e-11
2.2000e+04,1.9241e-11
2.2200e+04,1.8587e-11
2.2400e+04,1.7960e-11
2.2600e+04,1.7360e-11
2.2800e+04,1.6785e-11
2.3000e+04,1.6233e-11
2.3200e+04,1.5703e-11
2.3400e+04,1.5195e-11
2.3600e+04,1.4708e-11
2.3800e+04,1.4240e-11
2.4000e+04,1.3790e-11
2.4200e+04,1.3358e-11
2.4400e+04,1.2942e-11
2.4600e+04,1.2543e-11
2.4800e+04,1.2159e-11
2.5000e+04,1.1789e-11
2.5200e+04,1.1434e-11
2.5400e+04,1.1091e-11
2.5600e+04,1.0762e-11
