# wavelength, f_lambda
2.2900e+02,9.3848e-25
2.3400e+02,2.6364e-24
2.4300e+02,1.4021e-23
2.5200e+02,6.5623e-23
2.5600e+02,1.2444e-22
2.6000e+02,2.3579e-22
2.6600e+02,5.8435e-22
2.7500e+02,2.1137e-21
2.8300e+02,6.1796e-21
2.9300e+02,2.1664e-20
3.0100e+02,5.5763e-20
3.0900e+02,1.3573e-19
3.2500e+02,7.0975e-19
3.4200e+02,3.4397e-18
3.5100e+02,7.4336e-18
3.5600e+02,1.1204e-17
3.6500e+02,2.2787e-17
3.7500e+02,4.8022e-17
3.8400e+02,9.0757e-17
4.0000e+02,2.6081e-16
4.1500e+02,6.4884e-16
4.2500e+02,1.1447e-15
4.4500e+02,3.2908e-15
4.7200e+02,1.1721e-14
4.9400e+02,2.9496e-14
5.0600e+02,6.2520e-13
5.1600e+02,1.0031e-12
5.4000e+02,2.0358e-12
5.6400e+02,3.8566e-12
5.8700e+02,5.7995e-12
6.1200e+02,1.0681e-11
6.4000e+02,1.7244e-11
6.7100e+02,2.7996e-11
7.0500e+02,4.6766e-11
7.3600e+02,6.8532e-11
7.7000e+02,1.0526e-10
8.1000e+02,1.5718e-10
8.5000e+02,2.2007e-10
8.9000e+02,3.1813e-10
9.2000e+02,1.7248e-09
9.4000e+02,2.9972e-08
9.6200e+02,6.7920e-08
9.8700e+02,9.5341e-08
1.0120e+03,1.0543e-07
1.0370e+03,1.1863e-07
1.0620e+03,1.3573e-07
1.0870e+03,1.2551e-07
1.1120e+03,1.2877e-07
1.1200e+03,1.3268e-07
1.1400e+03,1.3535e-07
1.1600e+03,1.3553e-07
1.1800e+03,1.2112e-07
1.2000e+03,7.2839e-08
1.2200e+03,1.5702e-08
1.2400e+03,9.7478e-08
1.2600e+03,1.0578e-07
1.2800e+03,1.1141e-07
1.3000e+03,9.2475e-08
1.3200e+03,1.0444e-07
1.3400e+03,9.6273e-08
1.3600e+03,9.1842e-08
1.3800e+03,8.4177e-08
1.4000e+03,7.3407e-08
1.4200e+03,8.2277e-08
1.4400e+03,8.7407e-08
1.4600e+03,8.6140e-08
1.4800e+03,8.1072e-08
1.5000e+03,7.7274e-08
1.5200e+03,7.4740e-08
1.5400e+03,7.4740e-08
1.5600e+03,7.1510e-08
1.5800e+03,6.8976e-08
1.6000e+03,6.1938e-08
1.6200e+03,6.0609e-08
1.6400e+03,6.0609e-08
1.6600e+03,5.4976e-08
1.6800e+03,5.7510e-08
1.7000e+03,5.5104e-08
1.7200e+03,5.4219e-08
1.7400e+03,5.1430e-08
1.7600e+03,4.9384e-08
1.7800e+03,4.7334e-08
1.8000e+03,4.5287e-08
1.8200e+03,4.3259e-08
1.8400e+03,3.9706e-08
1.8600e+03,4.1162e-08
1.8800e+03,3.7616e-08
1.9000e+03,3.6483e-08
1.9200e+03,3.4393e-08
1.9400e+03,3.2556e-08
1.9600e+03,3.2993e-08
1.9800e+03,3.0339e-08
2.0000e+03,3.1410e-08
2.0025e+03,3.1093e-08
2.0050e+03,3.0776e-08
2.0075e+03,3.0460e-08
2.0100e+03,3.0143e-08
2.0125e+03,2.9826e-08
2.0150e+03,2.9509e-08
2.0175e+03,2.9192e-08
2.0200e+03,2.8876e-08
2.0225e+03,2.8694e-08
2.0250e+03,2.8512e-08
2.0275e+03,2.8330e-08
2.0300e+03,2.8148e-08
2.0325e+03,2.7965e-08
2.0350e+03,2.7783e-08
2.0375e+03,2.7601e-08
2.0400e+03,2.7419e-08
2.0425e+03,2.7364e-08
2.0450e+03,2.7308e-08
2.0475e+03,2.7253e-08
2.0500e+03,2.7198e-08
2.0525e+03,2.7142e-08
2.0550e+03,2.7087e-08
2.0575e+03,2.7031e-08
2.0600e+03,2.6976e-08
2.0625e+03,2.6825e-08
2.0650e+03,2.6675e-08
2.0675e+03,2.6525e-08
2.0700e+03,2.6374e-08
2.0725e+03,2.6224e-08
2.0750e+03,2.6073e-08
2.0775e+03,2.5923e-08
2.0800e+03,2.5772e-08
2.0825e+03,2.5749e-08
2.0850e+03,2.5725e-08
2.0875e+03,2.5701e-08
2.0900e+03,2.5677e-08
2.0925e+03,2.5654e-08
2.0950e+03,2.5630e-08
2.0975e+03,2.5606e-08
2.1000e+03,2.5582e-08
2.1025e+03,2.5559e-08
2.1050e+03,2.5535e-08
2.1075e+03,2.5511e-08
2.1100e+03,2.5487e-08
2.1125e+03,2.5464e-08
2.1150e+03,2.5440e-08
2.1175e+03,2.5416e-08
2.1200e+03,2.5392e-08
2.1225e+03,2.5258e-08
2.1250e+03,2.5125e-08
2.1275e+03,2.4991e-08
2.1300e+03,2.4857e-08
2.1325e+03,2.4723e-08
2.1350e+03,2.4589e-08
2.1375e+03,2.4456e-08
2.1400e+03,2.4322e-08
2.1425e+03,2.4298e-08
2.1450e+03,2.4275e-08
2.1475e+03,2.4251e-08
2.1500e+03,2.4227e-08
2.1525e+03,2.4203e-08
2.1550e+03,2.4179e-08
2.1575e+03,2.4156e-08
2.1600e+03,2.4132e-08
2.1625e+03,2.4044e-08
2.1650e+03,2.3956e-08
2.1675e+03,2.3868e-08
2.1700e+03,2.3780e-08
2.1725e+03,2.3693e-08
2.1750e+03,2.3605e-08
2.1775e+03,2.3517e-08
2.1800e+03,2.3429e-08
2.1825e+03,2.3342e-08
2.1850e+03,2.3256e-08
2.1875e+03,2.3170e-08
2.1900e+03,2.3084e-08
2.1925e+03,2.2997e-08
2.1950e+03,2.2911e-08
2.1975e+03,2.2825e-08
2.2000e+03,2.2738e-08
2.2025e+03,2.2666e-08
2.2050e+03,2.2594e-08
2.2075e+03,2.2522e-08
2.2100e+03,2.2450e-08
2.2125e+03,2.2378e-08
2.2150e+03,2.2306e-08
2.2175e+03,2.2234e-08
2.2200e+03,2.2162e-08
2.2225e+03,2.2162e-08
2.2250e+03,2.2162e-08
2.2275e+03,2.2162e-08
2.2300e+03,2.2162e-08
2.2325e+03,2.2162e-08
2.2350e+03,2.2162e-08
2.2375e+03,2.2162e-08
2.2400e+03,2.2162e-08
2.2425e+03,2.2084e-08
2.2450e+03,2.2005e-08
2.2475e+03,2.1927e-08
2.2500e+03,2.1848e-08
2.2525e+03,2.1770e-08
2.2550e+03,2.1692e-08
2.2575e+03,2.1613e-08
2.2600e+03,2.1535e-08
2.2625e+03,2.1456e-08
2.2650e+03,2.1377e-08
2.2675e+03,2.1298e-08
2.2700e+03,2.1218e-08
2.2725e+03,2.1139e-08
2.2750e+03,2.1060e-08
2.2775e+03,2.0981e-08
2.2800e+03,2.0902e-08
2.2825e+03,2.0870e-08
2.2850e+03,2.0838e-08
2.2875e+03,2.0807e-08
2.2900e+03,2.0775e-08
2.2925e+03,2.0743e-08
2.2950e+03,2.0712e-08
2.2975e+03,2.0680e-08
2.3000e+03,2.0648e-08
2.3025e+03,2.0640e-08
2.3050e+03,2.0631e-08
2.3075e+03,2.0622e-08
2.3100e+03,2.0613e-08
2.3125e+03,2.0605e-08
2.3150e+03,2.0596e-08
2.3175e+03,2.0587e-08
2.3200e+03,2.0578e-08
2.3225e+03,2.0555e-08
2.3250e+03,2.0531e-08
2.3275e+03,2.0507e-08
2.3300e+03,2.0484e-08
2.3325e+03,2.0460e-08
2.3350e+03,2.0436e-08
2.3375e+03,2.0412e-08
2.3400e+03,2.0389e-08
2.3425e+03,2.0405e-08
2.3450e+03,2.0422e-08
2.3475e+03,2.0438e-08
2.3500e+03,2.0455e-08
2.3525e+03,2.0472e-08
2.3550e+03,2.0488e-08
2.3575e+03,2.0505e-08
2.3600e+03,2.0522e-08
2.3625e+03,2.0466e-08
2.3650e+03,2.0411e-08
2.3675e+03,2.0355e-08
2.3700e+03,2.0300e-08
2.3725e+03,2.0245e-08
2.3750e+03,2.0189e-08
2.3775e+03,2.0134e-08
2.3800e+03,2.0078e-08
2.3825e+03,2.0007e-08
2.3850e+03,1.9936e-08
2.3875e+03,1.9864e-08
2.3900e+03,1.9793e-08
2.3925e+03,1.9722e-08
2.3950e+03,1.9651e-08
2.3975e+03,1.9579e-08
2.4000e+03,1.9508e-08
2.4025e+03,1.9579e-08
2.4050e+03,1.9651e-08
2.4075e+03,1.9722e-08
2.4100e+03,1.9793e-08
2.4125e+03,1.9864e-08
2.4150e+03,1.9936e-08
2.4175e+03,2.0007e-08
2.4200e+03,2.0078e-08
2.4225e+03,2.0055e-08
2.4250e+03,2.0031e-08
2.4275e+03,2.0007e-08
2.4300e+03,1.9983e-08
2.4325e+03,1.9960e-08
2.4350e+03,1.9936e-08
2.4375e+03,1.9912e-08
2.4400e+03,1.9888e-08
2.4425e+03,1.9856e-08
2.4450e+03,1.9825e-08
2.4475e+03,1.9793e-08
2.4500e+03,1.9761e-08
2.4525e+03,1.9730e-08
2.4550e+03,1.9698e-08
2.4575e+03,1.9666e-08
2.4600e+03,1.9635e-08
2.4625e+03,1.9587e-08
2.4650e+03,1.9540e-08
2.4675e+03,1.9492e-08
2.4700e+03,1.9445e-08
2.4725e+03,1.9397e-08
2.4750e+03,1.9350e-08
2.4775e+03,1.9302e-08
2.4800e+03,1.9255e-08
2.4825e+03,1.9191e-08
2.4850e+03,1.9126e-08
2.4875e+03,1.9062e-08
2.4900e+03,1.8998e-08
2.4925e+03,1.8934e-08
2.4950e+03,1.8870e-08
2.4975e+03,1.8806e-08
2.5000e+03,1.8742e-08
2.5025e+03,1.8656e-08
2.5050e+03,1.8569e-08
2.5075e+03,1.8483e-08
2.5100e+03,1.8397e-08
2.5125e+03,1.8310e-08
2.5150e+03,1.8224e-08
2.5175e+03,1.8138e-08
2.5200e+03,1.8052e-08
2.5225e+03,1.8019e-08
2.5250e+03,1.7986e-08
2.5275e+03,1.7954e-08
2.5300e+03,1.7922e-08
2.5325e+03,1.7889e-08
2.5350e+03,1.7857e-08
2.5375e+03,1.7824e-08
2.5400e+03,1.7792e-08
2.5425e+03,1.7745e-08
2.5450e+03,1.7698e-08
2.5475e+03,1.7651e-08
2.5500e+03,1.7605e-08
2.5525e+03,1.7558e-08
2.5550e+03,1.7512e-08
2.5575e+03,1.7465e-08
2.5600e+03,1.7418e-08
2.5625e+03,1.7378e-08
2.5650e+03,1.7339e-08
2.5675e+03,1.7299e-08
2.5700e+03,1.7260e-08
2.5725e+03,1.7220e-08
2.5750e+03,1.7181e-08
2.5775e+03,1.7141e-08
2.5800e+03,1.7101e-08
2.5825e+03,1.7117e-08
2.5850e+03,1.7133e-08
2.5875e+03,1.7149e-08
2.5900e+03,1.7165e-08
2.5925e+03,1.7181e-08
2.5950e+03,1.7196e-08
2.5975e+03,1.7212e-08
2.6000e+03,1.7228e-08
2.6025e+03,1.7236e-08
2.6050e+03,1.7244e-08
2.6075e+03,1.7252e-08
2.6100e+03,1.7260e-08
2.6125e+03,1.7268e-08
2.6150e+03,1.7276e-08
2.6175e+03,1.7283e-08
2.6200e+03,1.7291e-08
2.6225e+03,1.7204e-08
2.6250e+03,1.7115e-08
2.6275e+03,1.7028e-08
2.6300e+03,1.6940e-08
2.6325e+03,1.6852e-08
2.6350e+03,1.6764e-08
2.6375e+03,1.6676e-08
2.6400e+03,1.6588e-08
2.6425e+03,1.6533e-08
2.6450e+03,1.6478e-08
2.6475e+03,1.6422e-08
2.6500e+03,1.6367e-08
2.6525e+03,1.6311e-08
2.6550e+03,1.6256e-08
2.6575e+03,1.6200e-08
2.6600e+03,1.6145e-08
2.6625e+03,1.6176e-08
2.6650e+03,1.6208e-08
2.6675e+03,1.6240e-08
2.6700e+03,1.6271e-08
2.6725e+03,1.6303e-08
2.6750e+03,1.6335e-08
2.6775e+03,1.6367e-08
2.6800e+03,1.6398e-08
2.6825e+03,1.6367e-08
2.6850e+03,1.6335e-08
2.6875e+03,1.6303e-08
2.6900e+03,1.6271e-08
2.6925e+03,1.6240e-08
2.6950e+03,1.6208e-08
2.6975e+03,1.6176e-08
2.7000e+03,1.6145e-08
2.7025e+03,1.6154e-08
2.7050e+03,1.6162e-08
2.7075e+03,1.6171e-08
2.7100e+03,1.6180e-08
2.7125e+03,1.6188e-08
2.7150e+03,1.6197e-08
2.7175e+03,1.6206e-08
2.7200e+03,1.6215e-08
2.7225e+03,1.6120e-08
2.7250e+03,1.6025e-08
2.7275e+03,1.5930e-08
2.7300e+03,1.5835e-08
2.7325e+03,1.5740e-08
2.7350e+03,1.5645e-08
2.7375e+03,1.5549e-08
2.7400e+03,1.5454e-08
2.7425e+03,1.5438e-08
2.7450e+03,1.5421e-08
2.7475e+03,1.5405e-08
2.7500e+03,1.5388e-08
2.7525e+03,1.5371e-08
2.7550e+03,1.5355e-08
2.7575e+03,1.5338e-08
2.7600e+03,1.5322e-08
2.7625e+03,1.5307e-08
2.7650e+03,1.5291e-08
2.7675e+03,1.5276e-08
2.7700e+03,1.5261e-08
2.7725e+03,1.5246e-08
2.7750e+03,1.5231e-08
2.7775e+03,1.5216e-08
2.7800e+03,1.5201e-08
2.7825e+03,1.5122e-08
2.7850e+03,1.5043e-08
2.7875e+03,1.4964e-08
2.7900e+03,1.4885e-08
2.7925e+03,1.4805e-08
2.7950e+03,1.4726e-08
2.7975e+03,1.4647e-08
2.8000e+03,1.4568e-08
2.8025e+03,1.4528e-08
2.8050e+03,1.4488e-08
2.8075e+03,1.4449e-08
2.8100e+03,1.4409e-08
2.8125e+03,1.4370e-08
2.8150e+03,1.4330e-08
2.8175e+03,1.4291e-08
2.8200e+03,1.4251e-08
2.8225e+03,1.4243e-08
2.8250e+03,1.4235e-08
2.8275e+03,1.4227e-08
2.8300e+03,1.4219e-08
2.8325e+03,1.4211e-08
2.8350e+03,1.4204e-08
2.8375e+03,1.4196e-08
2.8400e+03,1.4188e-08
2.8425e+03,1.4155e-08
2.8450e+03,1.4123e-08
2.8475e+03,1.4091e-08
2.8500e+03,1.4058e-08
2.8525e+03,1.4025e-08
2.8550e+03,1.3993e-08
2.8575e+03,1.3961e-08
2.8600e+03,1.3928e-08
2.8625e+03,1.3928e-08
2.8650e+03,1.3928e-08
2.8675e+03,1.3928e-08
2.8700e+03,1.3928e-08
2.8725e+03,1.3928e-08
2.8750e+03,1.3928e-08
2.8775e+03,1.3928e-08
2.8800e+03,1.3928e-08
2.8825e+03,1.3882e-08
2.8850e+03,1.3835e-08
2.8875e+03,1.3788e-08
2.8900e+03,1.3741e-08
2.8925e+03,1.3695e-08
2.8950e+03,1.3648e-08
2.8975e+03,1.3601e-08
2.9000e+03,1.3555e-08
2.9025e+03,1.3498e-08
2.9050e+03,1.3442e-08
2.9075e+03,1.3386e-08
2.9100e+03,1.3330e-08
2.9125e+03,1.3273e-08
2.9150e+03,1.3217e-08
2.9175e+03,1.3161e-08
2.9200e+03,1.3105e-08
2.9225e+03,1.3090e-08
2.9250e+03,1.3075e-08
2.9275e+03,1.3060e-08
2.9300e+03,1.3044e-08
2.9325e+03,1.3029e-08
2.9350e+03,1.3015e-08
2.9375e+03,1.2999e-08
2.9400e+03,1.2984e-08
2.9425e+03,1.2929e-08
2.9450e+03,1.2874e-08
2.9475e+03,1.2818e-08
2.9500e+03,1.2763e-08
2.9525e+03,1.2707e-08
2.9550e+03,1.2652e-08
2.9575e+03,1.2596e-08
2.9600e+03,1.2541e-08
2.9625e+03,1.2541e-08
2.9650e+03,1.2541e-08
2.9675e+03,1.2541e-08
2.9700e+03,1.2541e-08
2.9725e+03,1.2541e-08
2.9750e+03,1.2541e-08
2.9775e+03,1.2541e-08
2.9800e+03,1.2541e-08
2.9825e+03,1.2508e-08
2.9850e+03,1.2476e-08
2.9875e+03,1.2444e-08
2.9900e+03,1.2411e-08
2.9925e+03,1.2379e-08
2.9950e+03,1.2346e-08
2.9975e+03,1.2314e-08
3.0000e+03,1.2281e-08
3.0025e+03,1.2290e-08
3.0050e+03,1.2299e-08
3.0075e+03,1.2307e-08
3.0100e+03,1.2316e-08
3.0125e+03,1.2325e-08
3.0150e+03,1.2334e-08
3.0175e+03,1.2342e-08
3.0200e+03,1.2351e-08
3.0225e+03,1.2318e-08
3.0250e+03,1.2286e-08
3.0275e+03,1.2254e-08
3.0300e+03,1.2221e-08
3.0325e+03,1.2189e-08
3.0350e+03,1.2156e-08
3.0375e+03,1.2124e-08
3.0400e+03,1.2091e-08
3.0425e+03,1.2076e-08
3.0450e+03,1.2061e-08
3.0475e+03,1.2046e-08
3.0500e+03,1.2031e-08
3.0525e+03,1.2016e-08
3.0550e+03,1.2001e-08
3.0575e+03,1.1986e-08
3.0600e+03,1.1971e-08
3.0625e+03,1.1955e-08
3.0650e+03,1.1939e-08
3.0675e+03,1.1923e-08
3.0700e+03,1.1908e-08
3.0725e+03,1.1892e-08
3.0750e+03,1.1876e-08
3.0775e+03,1.1860e-08
3.0800e+03,1.1844e-08
3.0825e+03,1.1844e-08
3.0850e+03,1.1844e-08
3.0875e+03,1.1844e-08
3.0900e+03,1.1844e-08
3.0925e+03,1.1844e-08
3.0950e+03,1.1844e-08
3.0975e+03,1.1844e-08
3.1000e+03,1.1844e-08
3.1025e+03,1.1851e-08
3.1050e+03,1.1859e-08
3.1075e+03,1.1866e-08
3.1100e+03,1.1873e-08
3.1125e+03,1.1880e-08
3.1150e+03,1.1887e-08
3.1175e+03,1.1894e-08
3.1200e+03,1.1901e-08
3.1225e+03,1.1871e-08
3.1250e+03,1.1840e-08
3.1275e+03,1.1809e-08
3.1300e+03,1.1778e-08
3.1325e+03,1.1747e-08
3.1350e+03,1.1716e-08
3.1375e+03,1.1685e-08
3.1400e+03,1.1654e-08
3.1425e+03,1.1615e-08
3.1450e+03,1.1575e-08
3.1475e+03,1.1536e-08
3.1500e+03,1.1496e-08
3.1525e+03,1.1456e-08
3.1550e+03,1.1417e-08
3.1575e+03,1.1377e-08
3.1600e+03,1.1338e-08
3.1625e+03,1.1314e-08
3.1650e+03,1.1290e-08
3.1675e+03,1.1266e-08
3.1700e+03,1.1242e-08
3.1725e+03,1.1219e-08
3.1750e+03,1.1195e-08
3.1775e+03,1.1171e-08
3.1800e+03,1.1147e-08
3.1825e+03,1.1139e-08
3.1850e+03,1.1130e-08
3.1875e+03,1.1122e-08
3.1900e+03,1.1113e-08
3.1925e+03,1.1104e-08
3.1950e+03,1.1095e-08
3.1975e+03,1.1087e-08
3.2000e+03,1.1078e-08
3.2025e+03,1.1070e-08
3.2050e+03,1.1062e-08
3.2075e+03,1.1054e-08
3.2100e+03,1.1046e-08
3.2125e+03,1.1038e-08
3.2150e+03,1.1031e-08
3.2175e+03,1.1023e-08
3.2200e+03,1.1015e-08
3.2225e+03,1.0999e-08
3.2250e+03,1.0983e-08
3.2275e+03,1.0967e-08
3.2300e+03,1.0951e-08
3.2325e+03,1.0936e-08
3.2350e+03,1.0920e-08
3.2375e+03,1.0904e-08
3.2400e+03,1.0888e-08
3.2600e+03,1.1100e-08
3.2700e+03,1.0907e-08
3.2800e+03,1.0095e-08
3.2900e+03,9.8716e-09
3.3000e+03,9.9157e-09
3.3100e+03,1.0090e-08
3.3200e+03,9.7955e-09
3.3300e+03,9.8214e-09
3.3400e+03,9.7627e-09
3.3500e+03,9.7624e-09
3.3600e+03,9.7238e-09
3.3700e+03,9.5694e-09
3.3800e+03,9.7325e-09
3.3900e+03,9.4766e-09
3.4000e+03,9.4493e-09
3.4100e+03,9.3753e-09
3.4200e+03,9.6648e-09
3.4300e+03,9.2359e-09
3.4400e+03,9.3229e-09
3.4500e+03,9.1106e-09
3.4600e+03,9.1514e-09
3.4700e+03,9.0141e-09
3.4800e+03,9.1369e-09
3.4900e+03,8.9504e-09
3.5000e+03,8.9614e-09
3.5100e+03,8.8576e-09
3.5200e+03,8.7534e-09
3.5300e+03,8.6777e-09
3.5400e+03,8.7950e-09
3.5500e+03,8.7629e-09
3.5600e+03,8.6879e-09
3.5700e+03,8.8011e-09
3.5800e+03,8.6337e-09
3.5900e+03,8.3085e-09
3.6000e+03,8.2776e-09
3.6100e+03,8.1090e-09
3.6200e+03,8.2193e-09
3.6300e+03,7.9910e-09
3.6400e+03,7.9364e-09
3.6500e+03,7.9058e-09
3.6600e+03,7.8068e-09
3.6700e+03,7.8079e-09
3.6800e+03,7.7857e-09
3.6900e+03,7.7937e-09
3.7000e+03,7.9138e-09
3.7100e+03,8.2368e-09
3.7200e+03,8.7822e-09
3.7300e+03,9.1882e-09
3.7400e+03,9.5669e-09
3.7500e+03,9.8181e-09
3.7600e+03,1.0027e-08
3.7700e+03,9.8902e-09
3.7800e+03,1.0492e-08
3.7900e+03,1.0498e-08
3.8000e+03,1.0043e-08
3.8100e+03,1.0703e-08
3.8200e+03,1.0811e-08
3.8300e+03,1.0042e-08
3.8400e+03,9.8057e-09
3.8500e+03,1.0709e-08
3.8600e+03,1.0887e-08
3.8700e+03,1.0584e-08
3.8800e+03,9.8359e-09
3.8900e+03,9.1740e-09
3.9000e+03,1.0050e-08
3.9100e+03,1.0575e-08
3.9200e+03,1.0337e-08
3.9300e+03,9.9961e-09
3.9400e+03,1.0254e-08
3.9500e+03,1.0285e-08
3.9600e+03,9.4147e-09
3.9700e+03,8.7534e-09
3.9800e+03,9.4369e-09
3.9900e+03,1.0258e-08
4.0000e+03,1.0390e-08
4.0100e+03,1.0149e-08
4.0200e+03,1.0025e-08
4.0300e+03,9.9077e-09
4.0400e+03,1.0319e-08
4.0500e+03,1.0294e-08
4.0600e+03,1.0336e-08
4.0700e+03,9.9834e-09
4.0800e+03,9.9281e-09
4.0900e+03,9.2679e-09
4.1000e+03,8.5175e-09
4.1100e+03,8.9526e-09
4.1200e+03,9.4729e-09
4.1300e+03,9.5996e-09
4.1400e+03,9.3506e-09
4.1500e+03,9.4693e-09
4.1600e+03,9.4118e-09
4.1700e+03,9.3786e-09
4.1800e+03,9.3156e-09
4.1900e+03,9.3142e-09
4.2000e+03,9.2759e-09
4.2100e+03,9.3182e-09
4.2200e+03,9.3287e-09
4.2300e+03,9.1026e-09
4.2400e+03,8.9748e-09
4.2500e+03,8.9508e-09
4.2600e+03,8.8667e-09
4.2700e+03,8.7181e-09
4.2800e+03,8.6533e-09
4.2900e+03,8.7134e-09
4.3000e+03,8.5146e-09
4.3100e+03,8.4105e-09
4.3200e+03,8.2728e-09
4.3300e+03,7.5435e-09
4.3400e+03,6.9719e-09
4.3500e+03,7.6240e-09
4.3600e+03,8.2532e-09
4.3700e+03,8.2605e-09
4.3800e+03,8.0646e-09
4.3900e+03,7.9204e-09
4.4000e+03,7.8283e-09
4.4100e+03,7.7369e-09
4.4200e+03,7.5515e-09
4.4300e+03,7.4121e-09
4.4400e+03,7.4671e-09
4.4500e+03,7.5381e-09
4.4600e+03,7.3236e-09
4.4700e+03,7.0625e-09
4.4800e+03,6.9766e-09
4.4900e+03,7.1077e-09
4.5000e+03,7.1780e-09
4.5100e+03,7.1193e-09
4.5200e+03,7.0505e-09
4.5300e+03,7.0192e-09
4.5400e+03,7.1051e-09
4.5500e+03,7.0210e-09
4.5600e+03,6.8754e-09
4.5700e+03,6.7876e-09
4.5800e+03,6.8259e-09
4.5900e+03,6.6671e-09
4.6000e+03,6.6839e-09
4.6100e+03,6.6755e-09
4.6200e+03,6.5652e-09
4.6300e+03,6.5168e-09
4.6400e+03,6.4530e-09
4.6500e+03,6.4505e-09
4.6600e+03,6.4632e-09
4.6700e+03,6.3460e-09
4.6800e+03,6.4381e-09
4.6900e+03,6.4250e-09
4.7000e+03,6.3635e-09
4.7100e+03,6.1993e-09
4.7200e+03,6.1679e-09
4.7300e+03,6.2389e-09
4.7400e+03,6.2226e-09
4.7500e+03,6.1625e-09
4.7600e+03,6.0984e-09
4.7700e+03,6.0248e-09
4.7800e+03,5.9997e-09
4.7900e+03,5.9225e-09
4.8000e+03,5.8745e-09
4.8100e+03,5.8169e-09
4.8200e+03,5.7223e-09
4.8300e+03,5.7270e-09
4.8400e+03,5.6338e-09
4.8500e+03,5.1109e-09
4.8600e+03,4.8000e-09
4.8700e+03,5.0643e-09
4.8800e+03,5.3680e-09
4.8900e+03,5.4598e-09
4.9000e+03,5.4328e-09
4.9100e+03,5.3025e-09
4.9200e+03,5.2453e-09
4.9300e+03,5.2686e-09
4.9400e+03,5.2606e-09
4.9500e+03,5.2351e-09
4.9600e+03,5.1211e-09
4.9700e+03,5.0257e-09
4.9800e+03,5.0188e-09
4.9900e+03,5.0246e-09
5.0000e+03,4.9569e-09
5.0100e+03,4.9242e-09
5.0200e+03,4.7924e-09
5.0300e+03,4.8375e-09
5.0400e+03,4.7112e-09
5.0500e+03,4.7184e-09
5.0600e+03,4.6740e-09
5.0700e+03,4.6387e-09
5.0800e+03,4.6627e-09
5.0900e+03,4.5480e-09
5.1000e+03,4.5637e-09
5.1100e+03,4.4916e-09
5.1200e+03,4.5484e-09
5.1300e+03,4.5349e-09
5.1400e+03,4.5338e-09
5.1500e+03,4.4756e-09
5.1600e+03,4.4541e-09
5.1700e+03,4.4490e-09
5.1800e+03,4.4643e-09
5.1900e+03,4.4148e-09
5.2000e+03,4.3736e-09
5.2100e+03,4.3168e-09
5.2200e+03,4.2961e-09
5.2300e+03,4.2597e-09
5.2400e+03,4.2083e-09
5.2500e+03,4.2160e-09
5.2600e+03,4.1486e-09
5.2700e+03,4.1053e-09
5.2800e+03,4.0976e-09
5.2900e+03,4.1016e-09
5.3000e+03,3.9931e-09
5.3100e+03,3.9626e-09
5.3200e+03,3.9516e-09
5.3300e+03,3.9331e-09
5.3400e+03,3.9221e-09
5.3500e+03,3.8697e-09
5.3600e+03,3.8515e-09
5.3700e+03,3.8559e-09
5.3800e+03,3.8340e-09
5.3900e+03,3.8125e-09
5.4000e+03,3.7608e-09
5.4100e+03,3.7845e-09
5.4200e+03,3.7295e-09
5.4300e+03,3.7415e-09
5.4400e+03,3.6556e-09
5.4500e+03,3.6124e-09
5.4600e+03,3.6494e-09
5.4700e+03,3.6260e-09
5.4800e+03,3.6074e-09
5.4900e+03,3.5643e-09
5.5000e+03,3.5682e-09
5.5100e+03,3.5273e-09
5.5200e+03,3.5813e-09
5.5300e+03,3.5317e-09
5.5400e+03,3.5108e-09
5.5500e+03,3.4957e-09
5.5600e+03,3.4740e-09
5.5700e+03,3.4517e-09
5.5800e+03,3.4582e-09
5.5900e+03,3.4497e-09
5.6000e+03,3.4058e-09
5.6100e+03,3.3723e-09
5.6200e+03,3.3417e-09
5.6300e+03,3.3617e-09
5.6400e+03,3.3372e-09
5.6500e+03,3.3127e-09
5.6600e+03,3.2885e-09
5.6700e+03,3.2647e-09
5.6800e+03,3.2411e-09
5.6900e+03,3.2176e-09
5.7000e+03,3.1943e-09
5.7100e+03,3.1714e-09
5.7200e+03,3.1484e-09
5.7300e+03,3.1258e-09
5.7400e+03,3.1034e-09
5.7600e+03,3.0733e-09
5.7800e+03,3.0606e-09
5.8000e+03,3.0534e-09
5.8200e+03,2.9965e-09
5.8400e+03,2.9770e-09
5.8600e+03,2.8765e-09
5.8800e+03,2.8296e-09
5.9000e+03,2.8495e-09
5.9200e+03,2.8287e-09
5.9400e+03,2.7718e-09
5.9600e+03,2.7266e-09
5.9800e+03,2.7129e-09
6.0000e+03,2.6643e-09
6.0200e+03,2.6370e-09
6.0400e+03,2.6166e-09
6.0600e+03,2.5801e-09
6.0800e+03,2.5532e-09
6.1000e+03,2.5616e-09
6.1200e+03,2.5219e-09
6.1400e+03,2.4839e-09
6.1600e+03,2.4297e-09
6.1800e+03,2.4157e-09
6.2000e+03,2.3732e-09
6.2200e+03,2.3974e-09
6.2400e+03,2.3787e-09
6.2600e+03,2.3057e-09
6.2800e+03,2.2679e-09
6.3000e+03,2.2593e-09
6.3200e+03,2.2426e-09
6.3400e+03,2.2008e-09
6.3600e+03,2.1883e-09
6.3800e+03,2.1591e-09
6.4000e+03,2.1252e-09
6.4200e+03,2.1051e-09
6.4400e+03,2.0785e-09
6.4600e+03,2.0236e-09
6.4800e+03,2.0080e-09
6.5000e+03,2.0338e-09
6.5200e+03,1.9968e-09
6.5400e+03,1.9190e-09
6.5600e+03,1.8562e-09
6.5800e+03,1.9387e-09
6.6000e+03,1.9752e-09
6.6200e+03,1.9315e-09
6.6400e+03,1.8710e-09
6.6600e+03,1.8276e-09
6.6800e+03,1.8377e-09
6.7000e+03,1.7942e-09
6.7200e+03,1.7802e-09
6.7400e+03,1.7529e-09
6.7600e+03,1.7092e-09
6.7800e+03,1.6916e-09
6.8000e+03,1.6840e-09
6.8200e+03,1.6612e-09
6.8400e+03,1.6669e-09
6.8600e+03,1.6486e-09
6.8800e+03,1.6096e-09
6.9000e+03,1.6307e-09
6.9200e+03,1.6279e-09
6.9400e+03,1.6007e-09
6.9600e+03,1.6353e-09
6.9800e+03,1.5924e-09
7.0000e+03,1.5765e-09
7.0200e+03,1.5611e-09
7.0400e+03,1.5303e-09
7.0600e+03,1.4948e-09
7.0800e+03,1.5070e-09
7.1000e+03,1.4946e-09
7.1200e+03,1.4607e-09
7.1400e+03,1.4141e-09
7.1600e+03,1.4132e-09
7.1800e+03,1.4167e-09
7.2000e+03,1.3971e-09
7.2200e+03,1.3687e-09
7.2400e+03,1.3475e-09
7.2600e+03,1.3232e-09
7.2800e+03,1.3249e-09
7.3000e+03,1.3295e-09
7.3200e+03,1.3308e-09
7.3400e+03,1.2999e-09
7.3600e+03,1.2818e-09
7.3800e+03,1.2639e-09
7.4000e+03,1.2529e-09
7.4200e+03,1.2414e-09
7.4400e+03,1.2312e-09
7.4600e+03,1.2129e-09
7.4800e+03,1.2291e-09
7.5000e+03,1.1857e-09
7.5200e+03,1.1974e-09
7.5400e+03,1.1980e-09
7.5600e+03,1.1801e-09
7.5800e+03,1.0746e-09
7.6000e+03,9.2410e-10
7.6200e+03,1.1462e-09
7.6400e+03,1.1293e-09
7.6600e+03,1.0975e-09
7.6800e+03,1.0125e-09
7.7000e+03,1.0278e-09
7.7200e+03,1.0508e-09
7.7400e+03,1.0668e-09
7.7600e+03,1.0297e-09
7.7800e+03,1.0325e-09
7.8000e+03,1.0433e-09
7.8200e+03,1.0303e-09
7.8400e+03,1.0128e-09
7.8600e+03,9.9503e-10
7.8800e+03,9.7453e-10
7.9000e+03,9.7012e-10
7.9200e+03,9.7427e-10
7.9400e+03,9.5450e-10
7.9600e+03,9.7169e-10
7.9800e+03,9.6360e-10
8.0000e+03,9.4347e-10
8.0200e+03,9.4675e-10
8.0400e+03,9.4809e-10
8.0600e+03,9.4303e-10
8.0800e+03,9.0506e-10
8.1000e+03,9.1186e-10
8.1200e+03,9.0342e-10
8.1400e+03,9.0014e-10
8.1600e+03,8.5488e-10
8.1800e+03,8.7494e-10
8.2000e+03,8.9526e-10
8.2200e+03,8.7789e-10
8.2400e+03,8.6482e-10
8.2600e+03,8.9093e-10
8.2800e+03,8.3995e-10
8.3000e+03,8.5550e-10
8.3200e+03,8.1760e-10
8.3400e+03,7.7755e-10
8.3600e+03,8.2848e-10
8.3800e+03,8.3599e-10
8.4000e+03,8.2015e-10
8.4200e+03,8.1286e-10
8.4400e+03,8.0416e-10
8.4600e+03,7.8985e-10
8.4800e+03,7.9914e-10
8.5000e+03,7.8741e-10
8.5200e+03,7.9317e-10
8.5400e+03,7.8406e-10
8.5600e+03,7.8341e-10
8.5800e+03,7.4620e-10
8.6000e+03,7.2198e-10
8.6200e+03,7.5920e-10
8.6400e+03,7.7755e-10
8.6600e+03,7.3942e-10
8.6800e+03,8.0347e-10
8.7000e+03,7.6659e-10
8.7200e+03,7.3458e-10
8.7400e+03,7.1783e-10
8.7600e+03,7.4958e-10
8.7800e+03,7.5748e-10
8.8000e+03,7.4882e-10
8.8200e+03,7.5552e-10
8.8400e+03,7.1299e-10
8.8600e+03,6.7512e-10
8.8800e+03,7.2107e-10
8.9000e+03,7.0778e-10
8.9200e+03,7.2198e-10
8.9400e+03,7.0254e-10
8.9600e+03,6.7203e-10
8.9800e+03,6.6231e-10
9.0000e+03,6.1880e-10
9.0200e+03,6.7825e-10
9.0400e+03,6.4035e-10
9.0600e+03,6.7636e-10
9.0800e+03,6.9227e-10
9.1000e+03,6.8018e-10
9.1200e+03,6.7589e-10
9.1400e+03,6.9311e-10
9.1600e+03,6.9682e-10
9.1800e+03,6.7341e-10
9.2000e+03,6.3525e-10
9.2200e+03,5.9731e-10
9.2400e+03,5.9229e-10
9.2600e+03,5.9939e-10
9.2800e+03,5.8381e-10
9.3000e+03,5.7008e-10
9.3200e+03,5.3997e-10
9.3400e+03,5.8479e-10
9.3600e+03,5.8850e-10
9.3800e+03,6.0369e-10
9.4000e+03,5.9619e-10
9.4200e+03,5.2377e-10
9.4400e+03,5.3866e-10
9.4600e+03,5.6848e-10
9.4800e+03,5.6039e-10
9.5000e+03,5.3225e-10
9.5200e+03,5.6720e-10
9.5400e+03,5.1688e-10
9.5600e+03,5.3330e-10
9.5800e+03,5.6688e-10
9.6000e+03,5.6902e-10
9.6200e+03,5.3975e-10
9.6400e+03,5.4896e-10
9.6600e+03,5.6243e-10
9.6800e+03,5.4386e-10
9.7000e+03,5.0068e-10
9.7200e+03,5.4237e-10
9.7400e+03,5.1619e-10
9.7600e+03,5.3476e-10
9.7800e+03,5.3596e-10
9.8000e+03,5.0705e-10
9.8200e+03,4.9132e-10
9.8400e+03,5.3585e-10
9.8600e+03,4.8335e-10
9.8800e+03,5.0177e-10
9.9000e+03,5.0319e-10
9.9200e+03,5.0206e-10
9.9400e+03,4.9354e-10
9.9600e+03,4.7621e-10
9.9800e+03,4.6740e-10
1.0000e+04,4.5957e-10
1.0020e+04,4.2415e-10
1.0040e+04,4.2473e-10
1.0060e+04,4.3474e-10
1.0080e+04,4.4330e-10
1.0100e+04,4.1690e-10
1.0120e+04,4.4978e-10
1.0140e+04,4.2844e-10
1.0160e+04,4.3445e-10
1.0180e+04,4.3274e-10
1.0200e+04,4.2309e-10
1.0220e+04,3.8446e-10
1.0240e+04,4.0529e-10
1.0260e+04,4.2655e-10
1.0280e+04,3.9968e-10
1.0300e+04,4.1686e-10
1.0320e+04,3.8155e-10
1.0340e+04,4.0918e-10
1.0360e+04,4.0445e-10
1.0380e+04,3.8362e-10
1.0400e+04,4.0277e-10
1.0420e+04,3.6174e-10
1.0440e+04,3.6684e-10
1.0460e+04,3.6325e-10
1.0480e+04,3.8544e-10
1.0500e+04,3.8446e-10
1.0520e+04,3.7051e-10
1.0540e+04,3.3679e-10
1.0560e+04,3.7776e-10
1.0580e+04,3.6749e-10
1.0600e+04,3.5741e-10
1.0800e+04,3.3416e-10
1.1000e+04,3.1340e-10
1.1200e+04,2.9469e-10
1.1400e+04,2.7771e-10
1.1600e+04,2.6214e-10
1.1800e+04,2.4776e-10
1.2000e+04,2.3436e-10
1.2200e+04,2.2175e-10
1.2400e+04,2.0980e-10
1.2600e+04,1.9808e-10
1.2800e+04,1.8742e-10
1.3000e+04,1.7745e-10
1.3200e+04,1.6813e-10
1.3400e+04,1.5941e-10
1.3600e+04,1.5125e-10
1.3800e+04,1.4360e-10
1.4000e+04,1.3642e-10
1.4200e+04,1.2969e-10
1.4400e+04,1.2336e-10
1.4600e+04,1.1742e-10
1.4800e+04,1.1182e-10
1.5000e+04,1.0655e-10
1.5200e+04,1.0159e-10
1.5400e+04,9.6910e-11
1.5600e+04,9.2494e-11
1.5800e+04,8.8328e-11
1.6000e+04,8.4396e-11
1.6200e+04,8.0675e-11
1.6400e+04,7.7161e-11
1.6600e+04,7.3830e-11
1.6800e+04,7.0676e-11
1.7000e+04,6.7694e-11
1.7200e+04,6.4862e-11
1.7400e+04,6.2178e-11
1.7600e+04,5.9629e-11
1.7800e+04,5.7212e-11
1.8000e+04,5.4914e-11
1.8200e+04,5.2730e-11
1.8400e+04,5.0654e-11
1.8600e+04,4.8677e-11
1.8800e+04,4.6798e-11
1.9000e+04,4.5007e-11
1.9200e+04,4.3299e-11
1.9400e+04,4.1672e-11
1.9600e+04,4.0121e-11
1.9800e+04,3.8642e-11
2.0000e+04,3.7230e-11
2.0200e+04,3.5882e-11
2.0400e+04,3.4594e-11
2.0600e+04,3.3362e-11
2.0800e+04,3.2186e-11
2.1000e+04,3.1060e-11
2.1200e+04,2.9984e-11
2.1400e+04,2.8951e-11
2.1600e+04,2.7966e-11
2.1800e+04,2.7021e-11
2.2000e+04,2.6114e-11
2.2200e+04,2.5247e-11
2.2400e+04,2.4413e-11
2.2600e+04,2.3614e-11
2.2800e+04,2.2849e-11
2.3000e+04,2.2113e-11
2.3200e+04,2.1406e-11
2.3400e+04,2.0729e-11
2.3600e+04,2.0077e-11
2.3800e+04,1.9452e-11
2.4000e+04,1.8849e-11
2.4200e+04,1.8270e-11
2.4400e+04,1.7713e-11
2.4600e+04,1.7177e-11
2.4800e+04,1.6661e-11
2.5000e+04,1.6164e-11
2.5200e+04,1.5686e-11
2.5400e+04,1.5225e-11
2.5600e+04,1.4781e-11
