# wavelength, f_lambda
2.2900e+02,0.0000e+00
2.3400e+02,0.0000e+00
2.4300e+02,0.0000e+00
2.5200e+02,0.0000e+00
2.5600e+02,0.0000e+00
2.6000e+02,0.0000e+00
2.6600e+02,0.0000e+00
2.7500e+02,0.0000e+00
2.8300e+02,0.0000e+00
2.9300e+02,0.0000e+00
3.0100e+02,0.0000e+00
3.0900e+02,0.0000e+00
3.2500e+02,0.0000e+00
3.4200e+02,0.0000e+00
3.5100e+02,0.0000e+00
3.5600e+02,0.0000e+00
3.6500e+02,0.0000e+00
3.7500e+02,0.0000e+00
3.8400e+02,0.0000e+00
4.0000e+02,0.0000e+00
4.1500e+02,0.0000e+00
4.2500e+02,0.0000e+00
4.4500e+02,0.0000e+00
4.7200e+02,0.0000e+00
4.9400e+02,0.0000e+00
5.0600e+02,2.0840e-16
5.1600e+02,3.4374e-16
5.4000e+02,9.0696e-16
5.6400e+02,2.2125e-15
5.8700e+02,4.5359e-15
6.1200e+02,1.0212e-14
6.4000e+02,2.2210e-14
6.7100e+02,4.8802e-14
7.0500e+02,1.0772e-13
7.3600e+02,2.0610e-13
7.7000e+02,3.9776e-13
8.1000e+02,7.9210e-13
8.5000e+02,1.4710e-12
8.9000e+02,2.6027e-12
9.2000e+02,4.3066e-11
9.4000e+02,5.3217e-10
9.6200e+02,4.3368e-09
9.8700e+02,1.5145e-08
1.0120e+03,1.5092e-08
1.0370e+03,1.6530e-08
1.0620e+03,2.8031e-08
1.0870e+03,2.5227e-08
1.1120e+03,3.4059e-08
1.1200e+03,3.5212e-08
1.1400e+03,3.7829e-08
1.1600e+03,3.9074e-08
1.1800e+03,3.2929e-08
1.2000e+03,1.7523e-08
1.2200e+03,1.1451e-08
1.2400e+03,2.8423e-08
1.2600e+03,3.8378e-08
1.2800e+03,3.8997e-08
1.3000e+03,3.6679e-08
1.3200e+03,3.9434e-08
1.3400e+03,4.0256e-08
1.3600e+03,3.9812e-08
1.3800e+03,4.1006e-08
1.4000e+03,3.9372e-08
1.4200e+03,3.9248e-08
1.4400e+03,4.1694e-08
1.4600e+03,4.2072e-08
1.4800e+03,3.9692e-08
1.5000e+03,3.8997e-08
1.5200e+03,3.8440e-08
1.5400e+03,3.8189e-08
1.5600e+03,3.7432e-08
1.5800e+03,3.5554e-08
1.6000e+03,3.3119e-08
1.6200e+03,3.0796e-08
1.6400e+03,2.9544e-08
1.6600e+03,2.9300e-08
1.6800e+03,2.9919e-08
1.7000e+03,2.8855e-08
1.7200e+03,2.6795e-08
1.7400e+03,2.5856e-08
1.7600e+03,2.5793e-08
1.7800e+03,2.5668e-08
1.8000e+03,2.0410e-08
1.8200e+03,2.0591e-08
1.8400e+03,1.9408e-08
1.8600e+03,2.0153e-08
1.8800e+03,1.8775e-08
1.9000e+03,1.7905e-08
1.9200e+03,1.8281e-08
1.9400e+03,1.7905e-08
1.9600e+03,1.7279e-08
1.9800e+03,1.6465e-08
2.0000e+03,1.5770e-08
2.0025e+03,1.5709e-08
2.0050e+03,1.5647e-08
2.0075e+03,1.5585e-08
2.0100e+03,1.5523e-08
2.0125e+03,1.5461e-08
2.0150e+03,1.5399e-08
2.0175e+03,1.5338e-08
2.0200e+03,1.5276e-08
2.0225e+03,1.5259e-08
2.0250e+03,1.5243e-08
2.0275e+03,1.5227e-08
2.0300e+03,1.5210e-08
2.0325e+03,1.5194e-08
2.0350e+03,1.5177e-08
2.0375e+03,1.5161e-08
2.0400e+03,1.5144e-08
2.0425e+03,1.5082e-08
2.0450e+03,1.5021e-08
2.0475e+03,1.4959e-08
2.0500e+03,1.4897e-08
2.0525e+03,1.4835e-08
2.0550e+03,1.4773e-08
2.0575e+03,1.4712e-08
2.0600e+03,1.4650e-08
2.0625e+03,1.4602e-08
2.0650e+03,1.4554e-08
2.0675e+03,1.4507e-08
2.0700e+03,1.4459e-08
2.0725e+03,1.4411e-08
2.0750e+03,1.4363e-08
2.0775e+03,1.4316e-08
2.0800e+03,1.4268e-08
2.0825e+03,1.4284e-08
2.0850e+03,1.4301e-08
2.0875e+03,1.4317e-08
2.0900e+03,1.4334e-08
2.0925e+03,1.4350e-08
2.0950e+03,1.4367e-08
2.0975e+03,1.4383e-08
2.1000e+03,1.4399e-08
2.1025e+03,1.4391e-08
2.1050e+03,1.4382e-08
2.1075e+03,1.4373e-08
2.1100e+03,1.4365e-08
2.1125e+03,1.4356e-08
2.1150e+03,1.4348e-08
2.1175e+03,1.4339e-08
2.1200e+03,1.4330e-08
2.1225e+03,1.4260e-08
2.1250e+03,1.4190e-08
2.1275e+03,1.4119e-08
2.1300e+03,1.4049e-08
2.1325e+03,1.3978e-08
2.1350e+03,1.3908e-08
2.1375e+03,1.3837e-08
2.1400e+03,1.3767e-08
2.1425e+03,1.3775e-08
2.1450e+03,1.3783e-08
2.1475e+03,1.3790e-08
2.1500e+03,1.3798e-08
2.1525e+03,1.3806e-08
2.1550e+03,1.3814e-08
2.1575e+03,1.3822e-08
2.1600e+03,1.3830e-08
2.1625e+03,1.3776e-08
2.1650e+03,1.3722e-08
2.1675e+03,1.3668e-08
2.1700e+03,1.3614e-08
2.1725e+03,1.3560e-08
2.1750e+03,1.3506e-08
2.1775e+03,1.3452e-08
2.1800e+03,1.3398e-08
2.1825e+03,1.3335e-08
2.1850e+03,1.3272e-08
2.1875e+03,1.3210e-08
2.1900e+03,1.3147e-08
2.1925e+03,1.3085e-08
2.1950e+03,1.3022e-08
2.1975e+03,1.2959e-08
2.2000e+03,1.2897e-08
2.2025e+03,1.2834e-08
2.2050e+03,1.2772e-08
2.2075e+03,1.2709e-08
2.2100e+03,1.2646e-08
2.2125e+03,1.2584e-08
2.2150e+03,1.2521e-08
2.2175e+03,1.2459e-08
2.2200e+03,1.2396e-08
2.2225e+03,1.2325e-08
2.2250e+03,1.2255e-08
2.2275e+03,1.2185e-08
2.2300e+03,1.2114e-08
2.2325e+03,1.2044e-08
2.2350e+03,1.1973e-08
2.2375e+03,1.1903e-08
2.2400e+03,1.1832e-08
2.2425e+03,1.1863e-08
2.2450e+03,1.1893e-08
2.2475e+03,1.1924e-08
2.2500e+03,1.1955e-08
2.2525e+03,1.1985e-08
2.2550e+03,1.2016e-08
2.2575e+03,1.2046e-08
2.2600e+03,1.2077e-08
2.2625e+03,1.2085e-08
2.2650e+03,1.2092e-08
2.2675e+03,1.2100e-08
2.2700e+03,1.2108e-08
2.2725e+03,1.2116e-08
2.2750e+03,1.2123e-08
2.2775e+03,1.2132e-08
2.2800e+03,1.2139e-08
2.2825e+03,1.2125e-08
2.2850e+03,1.2110e-08
2.2875e+03,1.2095e-08
2.2900e+03,1.2080e-08
2.2925e+03,1.2065e-08
2.2950e+03,1.2050e-08
2.2975e+03,1.2035e-08
2.3000e+03,1.2020e-08
2.3025e+03,1.1997e-08
2.3050e+03,1.1973e-08
2.3075e+03,1.1950e-08
2.3100e+03,1.1927e-08
2.3125e+03,1.1903e-08
2.3150e+03,1.1879e-08
2.3175e+03,1.1856e-08
2.3200e+03,1.1832e-08
2.3225e+03,1.1785e-08
2.3250e+03,1.1737e-08
2.3275e+03,1.1689e-08
2.3300e+03,1.1642e-08
2.3325e+03,1.1594e-08
2.3350e+03,1.1546e-08
2.3375e+03,1.1498e-08
2.3400e+03,1.1451e-08
2.3425e+03,1.1412e-08
2.3450e+03,1.1374e-08
2.3475e+03,1.1336e-08
2.3500e+03,1.1297e-08
2.3525e+03,1.1259e-08
2.3550e+03,1.1221e-08
2.3575e+03,1.1182e-08
2.3600e+03,1.1144e-08
2.3625e+03,1.1128e-08
2.3650e+03,1.1112e-08
2.3675e+03,1.1097e-08
2.3700e+03,1.1081e-08
2.3725e+03,1.1065e-08
2.3750e+03,1.1050e-08
2.3775e+03,1.1034e-08
2.3800e+03,1.1019e-08
2.3825e+03,1.1081e-08
2.3850e+03,1.1144e-08
2.3875e+03,1.1206e-08
2.3900e+03,1.1269e-08
2.3925e+03,1.1332e-08
2.3950e+03,1.1394e-08
2.3975e+03,1.1457e-08
2.4000e+03,1.1519e-08
2.4025e+03,1.1527e-08
2.4050e+03,1.1534e-08
2.4075e+03,1.1540e-08
2.4100e+03,1.1548e-08
2.4125e+03,1.1555e-08
2.4150e+03,1.1562e-08
2.4175e+03,1.1569e-08
2.4200e+03,1.1576e-08
2.4225e+03,1.1576e-08
2.4250e+03,1.1576e-08
2.4275e+03,1.1576e-08
2.4300e+03,1.1576e-08
2.4325e+03,1.1576e-08
2.4350e+03,1.1576e-08
2.4375e+03,1.1576e-08
2.4400e+03,1.1576e-08
2.4425e+03,1.1530e-08
2.4450e+03,1.1483e-08
2.4475e+03,1.1437e-08
2.4500e+03,1.1391e-08
2.4525e+03,1.1345e-08
2.4550e+03,1.1299e-08
2.4575e+03,1.1253e-08
2.4600e+03,1.1206e-08
2.4625e+03,1.1190e-08
2.4650e+03,1.1174e-08
2.4675e+03,1.1157e-08
2.4700e+03,1.1141e-08
2.4725e+03,1.1124e-08
2.4750e+03,1.1108e-08
2.4775e+03,1.1091e-08
2.4800e+03,1.1075e-08
2.4825e+03,1.1091e-08
2.4850e+03,1.1108e-08
2.4875e+03,1.1124e-08
2.4900e+03,1.1141e-08
2.4925e+03,1.1157e-08
2.4950e+03,1.1174e-08
2.4975e+03,1.1190e-08
2.5000e+03,1.1206e-08
2.5025e+03,1.1167e-08
2.5050e+03,1.1127e-08
2.5075e+03,1.1087e-08
2.5100e+03,1.1047e-08
2.5125e+03,1.1007e-08
2.5150e+03,1.0967e-08
2.5175e+03,1.0927e-08
2.5200e+03,1.0887e-08
2.5225e+03,1.0818e-08
2.5250e+03,1.0748e-08
2.5275e+03,1.0678e-08
2.5300e+03,1.0608e-08
2.5325e+03,1.0539e-08
2.5350e+03,1.0469e-08
2.5375e+03,1.0399e-08
2.5400e+03,1.0330e-08
2.5425e+03,1.0321e-08
2.5450e+03,1.0313e-08
2.5475e+03,1.0304e-08
2.5500e+03,1.0295e-08
2.5525e+03,1.0287e-08
2.5550e+03,1.0278e-08
2.5575e+03,1.0270e-08
2.5600e+03,1.0261e-08
2.5625e+03,1.0284e-08
2.5650e+03,1.0308e-08
2.5675e+03,1.0331e-08
2.5700e+03,1.0355e-08
2.5725e+03,1.0378e-08
2.5750e+03,1.0402e-08
2.5775e+03,1.0425e-08
2.5800e+03,1.0449e-08
2.5825e+03,1.0449e-08
2.5850e+03,1.0449e-08
2.5875e+03,1.0449e-08
2.5900e+03,1.0449e-08
2.5925e+03,1.0449e-08
2.5950e+03,1.0449e-08
2.5975e+03,1.0449e-08
2.6000e+03,1.0449e-08
2.6025e+03,1.0411e-08
2.6050e+03,1.0372e-08
2.6075e+03,1.0334e-08
2.6100e+03,1.0295e-08
2.6125e+03,1.0257e-08
2.6150e+03,1.0219e-08
2.6175e+03,1.0180e-08
2.6200e+03,1.0142e-08
2.6225e+03,1.0127e-08
2.6250e+03,1.0111e-08
2.6275e+03,1.0095e-08
2.6300e+03,1.0080e-08
2.6325e+03,1.0064e-08
2.6350e+03,1.0048e-08
2.6375e+03,1.0033e-08
2.6400e+03,1.0017e-08
2.6425e+03,1.0024e-08
2.6450e+03,1.0031e-08
2.6475e+03,1.0038e-08
2.6500e+03,1.0045e-08
2.6525e+03,1.0052e-08
2.6550e+03,1.0059e-08
2.6575e+03,1.0066e-08
2.6600e+03,1.0073e-08
2.6625e+03,1.0034e-08
2.6650e+03,9.9951e-09
2.6675e+03,9.9558e-09
2.6700e+03,9.9169e-09
2.6725e+03,9.8776e-09
2.6750e+03,9.8386e-09
2.6775e+03,9.7993e-09
2.6800e+03,9.7604e-09
2.6825e+03,9.7604e-09
2.6850e+03,9.7604e-09
2.6875e+03,9.7604e-09
2.6900e+03,9.7604e-09
2.6925e+03,9.7604e-09
2.6950e+03,9.7604e-09
2.6975e+03,9.7604e-09
2.7000e+03,9.7604e-09
2.7025e+03,9.7837e-09
2.7050e+03,9.8073e-09
2.7075e+03,9.8306e-09
2.7100e+03,9.8543e-09
2.7125e+03,9.8776e-09
2.7150e+03,9.9012e-09
2.7175e+03,9.9245e-09
2.7200e+03,9.9482e-09
2.7225e+03,9.9012e-09
2.7250e+03,9.8543e-09
2.7275e+03,9.8073e-09
2.7300e+03,9.7604e-09
2.7325e+03,9.7134e-09
2.7350e+03,9.6665e-09
2.7375e+03,9.6195e-09
2.7400e+03,9.5726e-09
2.7425e+03,9.5489e-09
2.7450e+03,9.5256e-09
2.7475e+03,9.5020e-09
2.7500e+03,9.4787e-09
2.7525e+03,9.4550e-09
2.7550e+03,9.4314e-09
2.7575e+03,9.4081e-09
2.7600e+03,9.3848e-09
2.7625e+03,9.3611e-09
2.7650e+03,9.3375e-09
2.7675e+03,9.3142e-09
2.7700e+03,9.2909e-09
2.7725e+03,9.2672e-09
2.7750e+03,9.2439e-09
2.7775e+03,9.2203e-09
2.7800e+03,9.1966e-09
2.7825e+03,9.1577e-09
2.7850e+03,9.1187e-09
2.7875e+03,9.0794e-09
2.7900e+03,9.0401e-09
2.7925e+03,9.0012e-09
2.7950e+03,8.9619e-09
2.7975e+03,8.9229e-09
2.8000e+03,8.8836e-09
2.8025e+03,8.9306e-09
2.8050e+03,8.9775e-09
2.8075e+03,9.0245e-09
2.8100e+03,9.0714e-09
2.8125e+03,9.1187e-09
2.8150e+03,9.1653e-09
2.8175e+03,9.2126e-09
2.8200e+03,9.2596e-09
2.8225e+03,9.2359e-09
2.8250e+03,9.2126e-09
2.8275e+03,9.1890e-09
2.8300e+03,9.1653e-09
2.8325e+03,9.1420e-09
2.8350e+03,9.1187e-09
2.8375e+03,9.0951e-09
2.8400e+03,9.0714e-09
2.8425e+03,9.0412e-09
2.8450e+03,9.0106e-09
2.8475e+03,8.9801e-09
2.8500e+03,8.9495e-09
2.8525e+03,8.9189e-09
2.8550e+03,8.8884e-09
2.8575e+03,8.8578e-09
2.8600e+03,8.8276e-09
2.8625e+03,8.8276e-09
2.8650e+03,8.8276e-09
2.8675e+03,8.8276e-09
2.8700e+03,8.8276e-09
2.8725e+03,8.8276e-09
2.8750e+03,8.8276e-09
2.8775e+03,8.8276e-09
2.8800e+03,8.8276e-09
2.8825e+03,8.7952e-09
2.8850e+03,8.7632e-09
2.8875e+03,8.7311e-09
2.8900e+03,8.6991e-09
2.8925e+03,8.6671e-09
2.8950e+03,8.6350e-09
2.8975e+03,8.6027e-09
2.9000e+03,8.5706e-09
2.9025e+03,8.5637e-09
2.9050e+03,8.5568e-09
2.9075e+03,8.5495e-09
2.9100e+03,8.5426e-09
2.9125e+03,8.5353e-09
2.9150e+03,8.5284e-09
2.9175e+03,8.5215e-09
2.9200e+03,8.5142e-09
2.9225e+03,8.4822e-09
2.9250e+03,8.4502e-09
2.9275e+03,8.4181e-09
2.9300e+03,8.3861e-09
2.9325e+03,8.3541e-09
2.9350e+03,8.3221e-09
2.9375e+03,8.2897e-09
2.9400e+03,8.2576e-09
2.9425e+03,8.2427e-09
2.9450e+03,8.2282e-09
2.9475e+03,8.2132e-09
2.9500e+03,8.1983e-09
2.9525e+03,8.1834e-09
2.9550e+03,8.1685e-09
2.9575e+03,8.1535e-09
2.9600e+03,8.1386e-09
2.9625e+03,8.1303e-09
2.9650e+03,8.1215e-09
2.9675e+03,8.1128e-09
2.9700e+03,8.1044e-09
2.9725e+03,8.0957e-09
2.9750e+03,8.0869e-09
2.9775e+03,8.0786e-09
2.9800e+03,8.0698e-09
2.9825e+03,8.0465e-09
2.9850e+03,8.0229e-09
2.9875e+03,7.9996e-09
2.9900e+03,7.9759e-09
2.9925e+03,7.9526e-09
2.9950e+03,7.9290e-09
2.9975e+03,7.9057e-09
3.0000e+03,7.8820e-09
3.0025e+03,7.9057e-09
3.0050e+03,7.9290e-09
3.0075e+03,7.9526e-09
3.0100e+03,7.9759e-09
3.0125e+03,7.9996e-09
3.0150e+03,8.0229e-09
3.0175e+03,8.0465e-09
3.0200e+03,8.0698e-09
3.0225e+03,8.0465e-09
3.0250e+03,8.0229e-09
3.0275e+03,7.9996e-09
3.0300e+03,7.9759e-09
3.0325e+03,7.9526e-09
3.0350e+03,7.9290e-09
3.0375e+03,7.9057e-09
3.0400e+03,7.8820e-09
3.0425e+03,7.8664e-09
3.0450e+03,7.8507e-09
3.0475e+03,7.8351e-09
3.0500e+03,7.8194e-09
3.0525e+03,7.8038e-09
3.0550e+03,7.7881e-09
3.0575e+03,7.7725e-09
3.0600e+03,7.7568e-09
3.0625e+03,7.7725e-09
3.0650e+03,7.7881e-09
3.0675e+03,7.8038e-09
3.0700e+03,7.8194e-09
3.0725e+03,7.8351e-09
3.0750e+03,7.8507e-09
3.0775e+03,7.8664e-09
3.0800e+03,7.8820e-09
3.0825e+03,7.8431e-09
3.0850e+03,7.8038e-09
3.0875e+03,7.7648e-09
3.0900e+03,7.7255e-09
3.0925e+03,7.6862e-09
3.0950e+03,7.6473e-09
3.0975e+03,7.6083e-09
3.1000e+03,7.5690e-09
3.1025e+03,7.5847e-09
3.1050e+03,7.6003e-09
3.1075e+03,7.6160e-09
3.1100e+03,7.6316e-09
3.1125e+03,7.6473e-09
3.1150e+03,7.6629e-09
3.1175e+03,7.6786e-09
3.1200e+03,7.6942e-09
3.1225e+03,7.6873e-09
3.1250e+03,7.6800e-09
3.1275e+03,7.6731e-09
3.1300e+03,7.6662e-09
3.1325e+03,7.6589e-09
3.1350e+03,7.6520e-09
3.1375e+03,7.6451e-09
3.1400e+03,7.6378e-09
3.1425e+03,7.6295e-09
3.1450e+03,7.6207e-09
3.1475e+03,7.6120e-09
3.1500e+03,7.6036e-09
3.1525e+03,7.5949e-09
3.1550e+03,7.5861e-09
3.1575e+03,7.5778e-09
3.1600e+03,7.5690e-09
3.1625e+03,7.5541e-09
3.1650e+03,7.5392e-09
3.1675e+03,7.5243e-09
3.1700e+03,7.5097e-09
3.1725e+03,7.4948e-09
3.1750e+03,7.4799e-09
3.1775e+03,7.4650e-09
3.1800e+03,7.4500e-09
3.1825e+03,7.4187e-09
3.1850e+03,7.3874e-09
3.1875e+03,7.3561e-09
3.1900e+03,7.3248e-09
3.1925e+03,7.2935e-09
3.1950e+03,7.2622e-09
3.1975e+03,7.2309e-09
3.2000e+03,7.1996e-09
3.2025e+03,7.1996e-09
3.2050e+03,7.1996e-09
3.2075e+03,7.1996e-09
3.2100e+03,7.1996e-09
3.2125e+03,7.1996e-09
3.2150e+03,7.1996e-09
3.2175e+03,7.1996e-09
3.2200e+03,7.1996e-09
3.2225e+03,7.2076e-09
3.2250e+03,7.2153e-09
3.2275e+03,7.2233e-09
3.2300e+03,7.2309e-09
3.2325e+03,7.2389e-09
3.2350e+03,7.2466e-09
3.2375e+03,7.2546e-09
3.2400e+03,7.2622e-09
3.2600e+03,7.3452e-09
3.2700e+03,7.1698e-09
3.2800e+03,6.8419e-09
3.2900e+03,6.9743e-09
3.3000e+03,6.8219e-09
3.3100e+03,6.7036e-09
3.3200e+03,6.6967e-09
3.3300e+03,6.7949e-09
3.3400e+03,6.7796e-09
3.3500e+03,6.6828e-09
3.3600e+03,6.6009e-09
3.3700e+03,6.5234e-09
3.3800e+03,6.5973e-09
3.3900e+03,6.4987e-09
3.4000e+03,6.5482e-09
3.4100e+03,6.3141e-09
3.4200e+03,6.2919e-09
3.4300e+03,6.3535e-09
3.4400e+03,6.1125e-09
3.4500e+03,6.3385e-09
3.4600e+03,6.2912e-09
3.4700e+03,6.2061e-09
3.4800e+03,6.2315e-09
3.4900e+03,6.2086e-09
3.5000e+03,6.3374e-09
3.5100e+03,6.2741e-09
3.5200e+03,6.2006e-09
3.5300e+03,6.1369e-09
3.5400e+03,6.1074e-09
3.5500e+03,5.9961e-09
3.5600e+03,5.9720e-09
3.5700e+03,5.9615e-09
3.5800e+03,5.8265e-09
3.5900e+03,5.8261e-09
3.6000e+03,5.7879e-09
3.6100e+03,5.7326e-09
3.6200e+03,5.7391e-09
3.6300e+03,5.6117e-09
3.6400e+03,5.5670e-09
3.6500e+03,5.6179e-09
3.6600e+03,5.6248e-09
3.6700e+03,5.4825e-09
3.6800e+03,5.3879e-09
3.6900e+03,5.3970e-09
3.7000e+03,5.4028e-09
3.7100e+03,5.3373e-09
3.7200e+03,5.5724e-09
3.7300e+03,5.7074e-09
3.7400e+03,5.9418e-09
3.7500e+03,6.3444e-09
3.7600e+03,6.5332e-09
3.7700e+03,6.7742e-09
3.7800e+03,7.5432e-09
3.7900e+03,7.5134e-09
3.8000e+03,7.1290e-09
3.8100e+03,8.4443e-09
3.8200e+03,8.8927e-09
3.8300e+03,7.3252e-09
3.8400e+03,7.1607e-09
3.8500e+03,8.8283e-09
3.8600e+03,9.6159e-09
3.8700e+03,9.3993e-09
3.8800e+03,7.8031e-09
3.8900e+03,6.6479e-09
3.9000e+03,7.6659e-09
3.9100e+03,9.2214e-09
3.9200e+03,9.5719e-09
3.9300e+03,9.5162e-09
3.9400e+03,9.5100e-09
3.9500e+03,9.1056e-09
3.9600e+03,7.5811e-09
3.9700e+03,6.4619e-09
3.9800e+03,7.7729e-09
3.9900e+03,9.2250e-09
4.0000e+03,9.7509e-09
4.0100e+03,9.7560e-09
4.0200e+03,9.5664e-09
4.0300e+03,9.4517e-09
4.0400e+03,9.6785e-09
4.0500e+03,9.6308e-09
4.0600e+03,9.6097e-09
4.0700e+03,9.4769e-09
4.0800e+03,8.9859e-09
4.0900e+03,7.7190e-09
4.1000e+03,6.4688e-09
4.1100e+03,7.1734e-09
4.1200e+03,8.5750e-09
4.1300e+03,9.1082e-09
4.1400e+03,9.0772e-09
4.1500e+03,9.0525e-09
4.1600e+03,9.0088e-09
4.1700e+03,8.8905e-09
4.1800e+03,8.8854e-09
4.1900e+03,8.7934e-09
4.2000e+03,8.6896e-09
4.2100e+03,8.5750e-09
4.2200e+03,8.6747e-09
4.2300e+03,8.5302e-09
4.2400e+03,8.3934e-09
4.2500e+03,8.3417e-09
4.2600e+03,8.3923e-09
4.2700e+03,8.2878e-09
4.2800e+03,8.2373e-09
4.2900e+03,8.0513e-09
4.3000e+03,8.0782e-09
4.3100e+03,7.8063e-09
4.3200e+03,7.2921e-09
4.3300e+03,6.0623e-09
4.3400e+03,5.3657e-09
4.3500e+03,6.3575e-09
4.3600e+03,7.2331e-09
4.3700e+03,7.5367e-09
4.3800e+03,7.4111e-09
4.3900e+03,7.3947e-09
4.4000e+03,7.2932e-09
4.4100e+03,7.4005e-09
4.4200e+03,7.3390e-09
4.4300e+03,7.2506e-09
4.4400e+03,7.1847e-09
4.4500e+03,7.1800e-09
4.4600e+03,7.0002e-09
4.4700e+03,6.7563e-09
4.4800e+03,6.7152e-09
4.4900e+03,6.8473e-09
4.5000e+03,6.8601e-09
4.5100e+03,6.7651e-09
4.5200e+03,6.6664e-09
4.5300e+03,6.6796e-09
4.5400e+03,6.5602e-09
4.5500e+03,6.5682e-09
4.5600e+03,6.5813e-09
4.5700e+03,6.6253e-09
4.5800e+03,6.6068e-09
4.5900e+03,6.5678e-09
4.6000e+03,6.4674e-09
4.6100e+03,6.4444e-09
4.6200e+03,6.5340e-09
4.6300e+03,6.4903e-09
4.6400e+03,6.3815e-09
4.6500e+03,6.3891e-09
4.6600e+03,6.2013e-09
4.6700e+03,6.1798e-09
4.6800e+03,6.2082e-09
4.6900e+03,6.1373e-09
4.7000e+03,6.0517e-09
4.7100e+03,6.0212e-09
4.7200e+03,5.9815e-09
4.7300e+03,6.0630e-09
4.7400e+03,5.9986e-09
4.7500e+03,5.9589e-09
4.7600e+03,5.9098e-09
4.7700e+03,5.8898e-09
4.7800e+03,5.8701e-09
4.7900e+03,5.8079e-09
4.8000e+03,5.6842e-09
4.8100e+03,5.6609e-09
4.8200e+03,5.5389e-09
4.8300e+03,5.4083e-09
4.8400e+03,5.0796e-09
4.8500e+03,4.2469e-09
4.8600e+03,3.7509e-09
4.8700e+03,4.2691e-09
4.8800e+03,4.9235e-09
4.8900e+03,5.2041e-09
4.9000e+03,5.2958e-09
4.9100e+03,5.2336e-09
4.9200e+03,5.1812e-09
4.9300e+03,5.1739e-09
4.9400e+03,5.2285e-09
4.9500e+03,5.2208e-09
4.9600e+03,5.1510e-09
4.9700e+03,5.1743e-09
4.9800e+03,5.0352e-09
4.9900e+03,5.0371e-09
5.0000e+03,5.0254e-09
5.0100e+03,4.9752e-09
5.0200e+03,4.8947e-09
5.0300e+03,4.9053e-09
5.0400e+03,4.7917e-09
5.0500e+03,4.7557e-09
5.0600e+03,4.7412e-09
5.0700e+03,4.7139e-09
5.0800e+03,4.6742e-09
5.0900e+03,4.6181e-09
5.1000e+03,4.5079e-09
5.1100e+03,4.5195e-09
5.1200e+03,4.5807e-09
5.1300e+03,4.5337e-09
5.1400e+03,4.5162e-09
5.1500e+03,4.5151e-09
5.1600e+03,4.5017e-09
5.1700e+03,4.4886e-09
5.1800e+03,4.4427e-09
5.1900e+03,4.3532e-09
5.2000e+03,4.3805e-09
5.2100e+03,4.4118e-09
5.2200e+03,4.3350e-09
5.2300e+03,4.3026e-09
5.2400e+03,4.2822e-09
5.2500e+03,4.2622e-09
5.2600e+03,4.2182e-09
5.2700e+03,4.2102e-09
5.2800e+03,4.1588e-09
5.2900e+03,4.1199e-09
5.3000e+03,4.0813e-09
5.3100e+03,4.0311e-09
5.3200e+03,3.9965e-09
5.3300e+03,3.9816e-09
5.3400e+03,3.9554e-09
5.3500e+03,3.9598e-09
5.3600e+03,3.9336e-09
5.3700e+03,3.8848e-09
5.3800e+03,3.8666e-09
5.3900e+03,3.8258e-09
5.4000e+03,3.7858e-09
5.4100e+03,3.7683e-09
5.4200e+03,3.7541e-09
5.4300e+03,3.6879e-09
5.4400e+03,3.6313e-09
5.4500e+03,3.6493e-09
5.4600e+03,3.5803e-09
5.4700e+03,3.5887e-09
5.4800e+03,3.5347e-09
5.4900e+03,3.4965e-09
5.5000e+03,3.5147e-09
5.5100e+03,3.4787e-09
5.5200e+03,3.4661e-09
5.5300e+03,3.4173e-09
5.5400e+03,3.4127e-09
5.5500e+03,3.4001e-09
5.5600e+03,3.3861e-09
5.5700e+03,3.3673e-09
5.5800e+03,3.4091e-09
5.5900e+03,3.3736e-09
5.6000e+03,3.3330e-09
5.6100e+03,3.2904e-09
5.6200e+03,3.3097e-09
5.6300e+03,3.2942e-09
5.6400e+03,3.2777e-09
5.6500e+03,3.2620e-09
5.6600e+03,3.2461e-09
5.6700e+03,3.2306e-09
5.6800e+03,3.2149e-09
5.6900e+03,3.1995e-09
5.7000e+03,3.1840e-09
5.7100e+03,3.1688e-09
5.7200e+03,3.1534e-09
5.7300e+03,3.1384e-09
5.7400e+03,3.1235e-09
5.7600e+03,3.0360e-09
5.7800e+03,2.9961e-09
5.8000e+03,3.0363e-09
5.8200e+03,2.9772e-09
5.8400e+03,2.9319e-09
5.8600e+03,2.8980e-09
5.8800e+03,2.8503e-09
5.9000e+03,2.8454e-09
5.9200e+03,2.8098e-09
5.9400e+03,2.7310e-09
5.9600e+03,2.7375e-09
5.9800e+03,2.6949e-09
6.0000e+03,2.6576e-09
6.0200e+03,2.6324e-09
6.0400e+03,2.6079e-09
6.0600e+03,2.6020e-09
6.0800e+03,2.6134e-09
6.1000e+03,2.5829e-09
6.1200e+03,2.5620e-09
6.1400e+03,2.5418e-09
6.1600e+03,2.4594e-09
6.1800e+03,2.4591e-09
6.2000e+03,2.4490e-09
6.2200e+03,2.4293e-09
6.2400e+03,2.4222e-09
6.2600e+03,2.3800e-09
6.2800e+03,2.3641e-09
6.3000e+03,2.3853e-09
6.3200e+03,2.3342e-09
6.3400e+03,2.3263e-09
6.3600e+03,2.3144e-09
6.3800e+03,2.2921e-09
6.4000e+03,2.2704e-09
6.4200e+03,2.2333e-09
6.4400e+03,2.1819e-09
6.4600e+03,2.1671e-09
6.4800e+03,2.1444e-09
6.5000e+03,2.1014e-09
6.5200e+03,2.0442e-09
6.5400e+03,1.8520e-09
6.5600e+03,1.7590e-09
6.5800e+03,1.9253e-09
6.6000e+03,2.0024e-09
6.6200e+03,2.0090e-09
6.6400e+03,1.9868e-09
6.6600e+03,1.9273e-09
6.6800e+03,1.9118e-09
6.7000e+03,1.8807e-09
6.7200e+03,1.8578e-09
6.7400e+03,1.8762e-09
6.7600e+03,1.8599e-09
6.7800e+03,1.7916e-09
6.8000e+03,1.8039e-09
6.8200e+03,1.7871e-09
6.8400e+03,1.7767e-09
6.8600e+03,1.7133e-09
6.8800e+03,1.7289e-09
6.9000e+03,1.7502e-09
6.9200e+03,1.7485e-09
6.9400e+03,1.6691e-09
6.9600e+03,1.6705e-09
6.9800e+03,1.6969e-09
7.0000e+03,1.6813e-09
7.0200e+03,1.6542e-09
7.0400e+03,1.6879e-09
7.0600e+03,1.6412e-09
7.0800e+03,1.6237e-09
7.1000e+03,1.6031e-09
7.1200e+03,1.6158e-09
7.1400e+03,1.5344e-09
7.1600e+03,1.5277e-09
7.1800e+03,1.5589e-09
7.2000e+03,1.5108e-09
7.2200e+03,1.4709e-09
7.2400e+03,1.4591e-09
7.2600e+03,1.4341e-09
7.2800e+03,1.4404e-09
7.3000e+03,1.4441e-09
7.3200e+03,1.4375e-09
7.3400e+03,1.3909e-09
7.3600e+03,1.3926e-09
7.3800e+03,1.3658e-09
7.4000e+03,1.3495e-09
7.4200e+03,1.3415e-09
7.4400e+03,1.3183e-09
7.4600e+03,1.3183e-09
7.4800e+03,1.3222e-09
7.5000e+03,1.2846e-09
7.5200e+03,1.3008e-09
7.5400e+03,1.3298e-09
7.5600e+03,1.3163e-09
7.5800e+03,1.1708e-09
7.6000e+03,1.0327e-09
7.6200e+03,1.2892e-09
7.6400e+03,1.2427e-09
7.6600e+03,1.2444e-09
7.6800e+03,1.1376e-09
7.7000e+03,1.1932e-09
7.7200e+03,1.2155e-09
7.7400e+03,1.2089e-09
7.7600e+03,1.1950e-09
7.7800e+03,1.1952e-09
7.8000e+03,1.1796e-09
7.8200e+03,1.1657e-09
7.8400e+03,1.1764e-09
7.8600e+03,1.1384e-09
7.8800e+03,1.1135e-09
7.9000e+03,1.0833e-09
7.9200e+03,1.1014e-09
7.9400e+03,1.0648e-09
7.9600e+03,1.0725e-09
7.9800e+03,1.0707e-09
8.0000e+03,1.0572e-09
8.0200e+03,1.0599e-09
8.0400e+03,1.0647e-09
8.0600e+03,1.0616e-09
8.0800e+03,1.0362e-09
8.1000e+03,1.0148e-09
8.1200e+03,1.0493e-09
8.1400e+03,1.0179e-09
8.1600e+03,9.9900e-10
8.1800e+03,1.0123e-09
8.2000e+03,1.0045e-09
8.2200e+03,9.3273e-10
8.2400e+03,9.9220e-10
8.2600e+03,9.5213e-10
8.2800e+03,9.9820e-10
8.3000e+03,9.3746e-10
8.3200e+03,9.6472e-10
8.3400e+03,9.8044e-10
8.3600e+03,9.1857e-10
8.3800e+03,9.1853e-10
8.4000e+03,8.6976e-10
8.4200e+03,8.9495e-10
8.4400e+03,8.7038e-10
8.4600e+03,8.8268e-10
8.4800e+03,8.5462e-10
8.5000e+03,8.6733e-10
8.5200e+03,8.8021e-10
8.5400e+03,8.8145e-10
8.5600e+03,8.7690e-10
8.5800e+03,8.3850e-10
8.6000e+03,8.6449e-10
8.6200e+03,8.8290e-10
8.6400e+03,8.6864e-10
8.6600e+03,8.2671e-10
8.6800e+03,8.4360e-10
8.7000e+03,9.1508e-10
8.7200e+03,8.0851e-10
8.7400e+03,7.6193e-10
8.7600e+03,8.6740e-10
8.7800e+03,9.2432e-10
8.8000e+03,9.0212e-10
8.8200e+03,8.1379e-10
8.8400e+03,7.4380e-10
8.8600e+03,7.4198e-10
8.8800e+03,7.9705e-10
8.9000e+03,8.0378e-10
8.9200e+03,8.0425e-10
8.9400e+03,8.4003e-10
8.9600e+03,7.8733e-10
8.9800e+03,7.2295e-10
9.0000e+03,6.3695e-10
9.0200e+03,7.0959e-10
9.0400e+03,7.5920e-10
9.0600e+03,7.9723e-10
9.0800e+03,7.9268e-10
9.1000e+03,7.6699e-10
9.1200e+03,7.6651e-10
9.1400e+03,7.3489e-10
9.1600e+03,7.1196e-10
9.1800e+03,7.2437e-10
9.2000e+03,6.7618e-10
9.2200e+03,6.2894e-10
9.2400e+03,6.6191e-10
9.2600e+03,6.9412e-10
9.2800e+03,6.8823e-10
9.3000e+03,6.6224e-10
9.3200e+03,6.3545e-10
9.3400e+03,7.0249e-10
9.3600e+03,6.9762e-10
9.3800e+03,7.2495e-10
9.4000e+03,7.1068e-10
9.4200e+03,6.6017e-10
9.4400e+03,6.5434e-10
9.4600e+03,6.6399e-10
9.4800e+03,6.7185e-10
9.5000e+03,6.9194e-10
9.5200e+03,6.1718e-10
9.5400e+03,5.8494e-10
9.5600e+03,6.3360e-10
9.5800e+03,6.8186e-10
9.6000e+03,6.4677e-10
9.6200e+03,6.2807e-10
9.6400e+03,6.1304e-10
9.6600e+03,6.1285e-10
9.6800e+03,5.9975e-10
9.7000e+03,6.0514e-10
9.7200e+03,6.1820e-10
9.7400e+03,6.2301e-10
9.7600e+03,5.8789e-10
9.7800e+03,6.0405e-10
9.8000e+03,5.5193e-10
9.8200e+03,5.8301e-10
9.8400e+03,5.8210e-10
9.8600e+03,5.8217e-10
9.8800e+03,5.6456e-10
9.9000e+03,5.6816e-10
9.9200e+03,5.1710e-10
9.9400e+03,5.2096e-10
9.9600e+03,5.5156e-10
9.9800e+03,5.6226e-10
1.0000e+04,5.3195e-10
1.0020e+04,4.8362e-10
1.0040e+04,4.7586e-10
1.0060e+04,4.6989e-10
1.0080e+04,5.0028e-10
1.0100e+04,5.2722e-10
1.0120e+04,4.9177e-10
1.0140e+04,4.9468e-10
1.0160e+04,5.2798e-10
1.0180e+04,4.9785e-10
1.0200e+04,4.7120e-10
1.0220e+04,4.8081e-10
1.0240e+04,5.0312e-10
1.0260e+04,4.9879e-10
1.0280e+04,4.7925e-10
1.0300e+04,4.6403e-10
1.0320e+04,4.6735e-10
1.0340e+04,4.7452e-10
1.0360e+04,4.9337e-10
1.0380e+04,4.8853e-10
1.0400e+04,4.6524e-10
1.0420e+04,4.6225e-10
1.0440e+04,4.4747e-10
1.0460e+04,4.1971e-10
1.0480e+04,4.7222e-10
1.0500e+04,4.4318e-10
1.0520e+04,4.3539e-10
1.0540e+04,4.3728e-10
1.0560e+04,4.3346e-10
1.0580e+04,3.7534e-10
1.0600e+04,4.2538e-10
1.0800e+04,3.9874e-10
1.1000e+04,3.7316e-10
1.1200e+04,3.4888e-10
1.1400e+04,3.2608e-10
1.1600e+04,3.0489e-10
1.1800e+04,2.8538e-10
1.2000e+04,2.6756e-10
1.2200e+04,2.5147e-10
1.2400e+04,2.3706e-10
1.2600e+04,2.2413e-10
1.2800e+04,2.1232e-10
1.3000e+04,2.0127e-10
1.3200e+04,1.9093e-10
1.3400e+04,1.8123e-10
1.3600e+04,1.7214e-10
1.3800e+04,1.6361e-10
1.4000e+04,1.5559e-10
1.4200e+04,1.4805e-10
1.4400e+04,1.4096e-10
1.4600e+04,1.3429e-10
1.4800e+04,1.2801e-10
1.5000e+04,1.2208e-10
1.5200e+04,1.1650e-10
1.5400e+04,1.1122e-10
1.5600e+04,1.0625e-10
1.5800e+04,1.0154e-10
1.6000e+04,9.7091e-11
1.6200e+04,9.2880e-11
1.6400e+04,8.8894e-11
1.6600e+04,8.5120e-11
1.6800e+04,8.1539e-11
1.7000e+04,7.8147e-11
1.7200e+04,7.4930e-11
1.7400e+04,7.1873e-11
1.7600e+04,6.8972e-11
1.7800e+04,6.6217e-11
1.8000e+04,6.3593e-11
1.8200e+04,6.1100e-11
1.8400e+04,5.8727e-11
1.8600e+04,5.6467e-11
1.8800e+04,5.4316e-11
1.9000e+04,5.2259e-11
1.9200e+04,5.0305e-11
1.9400e+04,4.8438e-11
1.9600e+04,4.6658e-11
1.9800e+04,4.4962e-11
2.0000e+04,4.3339e-11
2.0200e+04,4.1789e-11
2.0400e+04,4.0304e-11
2.0600e+04,3.8888e-11
2.0800e+04,3.7530e-11
2.1000e+04,3.6234e-11
2.1200e+04,3.4992e-11
2.1400e+04,3.3805e-11
2.1600e+04,3.2664e-11
2.1800e+04,3.1572e-11
2.2000e+04,3.0527e-11
2.2200e+04,2.9523e-11
2.2400e+04,2.8558e-11
2.2600e+04,2.7634e-11
2.2800e+04,2.6748e-11
2.3000e+04,2.5895e-11
2.3200e+04,2.5077e-11
2.3400e+04,2.4291e-11
2.3600e+04,2.3534e-11
2.3800e+04,2.2809e-11
2.4000e+04,2.2110e-11
2.4200e+04,2.1437e-11
2.4400e+04,2.0789e-11
2.4600e+04,2.0166e-11
2.4800e+04,1.9567e-11
2.5000e+04,1.8989e-11
2.5200e+04,1.8431e-11
2.5400e+04,1.7895e-11
2.5600e+04,1.7378e-11
