# wavelength, f_lambda
2.2900e+02,0.0000e+00
2.3400e+02,0.0000e+00
2.4300e+02,0.0000e+00
2.5200e+02,0.0000e+00
2.5600e+02,0.0000e+00
2.6000e+02,0.0000e+00
2.6600e+02,0.0000e+00
2.7500e+02,0.0000e+00
2.8300e+02,0.0000e+00
2.9300e+02,0.0000e+00
3.0100e+02,0.0000e+00
3.0900e+02,0.0000e+00
3.2500e+02,0.0000e+00
3.4200e+02,0.0000e+00
3.5100e+02,0.0000e+00
3.5600e+02,0.0000e+00
3.6500e+02,0.0000e+00
3.7500e+02,0.0000e+00
3.8400e+02,0.0000e+00
4.0000e+02,0.0000e+00
4.1500e+02,0.0000e+00
4.2500e+02,0.0000e+00
4.4500e+02,0.0000e+00
4.7200e+02,0.0000e+00
4.9400e+02,0.0000e+00
5.0600e+02,2.4210e-16
5.1600e+02,3.9931e-16
5.4000e+02,1.0536e-15
5.6400e+02,2.5702e-15
5.8700e+02,5.2695e-15
6.1200e+02,1.1864e-14
6.4000e+02,2.5800e-14
6.7100e+02,5.6692e-14
7.0500e+02,1.2514e-13
7.3600e+02,2.3942e-13
7.7000e+02,4.6206e-13
8.1000e+02,9.2018e-13
8.5000e+02,1.7088e-12
8.9000e+02,3.0235e-12
9.2000e+02,5.0028e-11
9.4000e+02,6.1823e-10
9.6200e+02,5.0382e-09
9.8700e+02,1.7594e-08
1.0120e+03,1.7532e-08
1.0370e+03,1.9202e-08
1.0620e+03,3.2563e-08
1.0870e+03,2.9306e-08
1.1120e+03,3.9567e-08
1.1200e+03,4.0904e-08
1.1400e+03,4.3947e-08
1.1600e+03,4.5390e-08
1.1800e+03,3.8252e-08
1.2000e+03,2.0356e-08
1.2200e+03,1.3302e-08
1.2400e+03,3.3018e-08
1.2600e+03,4.4581e-08
1.2800e+03,4.5302e-08
1.3000e+03,4.2610e-08
1.3200e+03,4.5812e-08
1.3400e+03,4.6763e-08
1.3600e+03,4.6246e-08
1.3800e+03,4.7638e-08
1.4000e+03,4.5739e-08
1.4200e+03,4.5594e-08
1.4400e+03,4.8436e-08
1.4600e+03,4.8873e-08
1.4800e+03,4.6108e-08
1.5000e+03,4.5302e-08
1.5200e+03,4.4654e-08
1.5400e+03,4.4362e-08
1.5600e+03,4.3484e-08
1.5800e+03,4.1301e-08
1.6000e+03,3.8474e-08
1.6200e+03,3.5775e-08
1.6400e+03,3.4320e-08
1.6600e+03,3.4037e-08
1.6800e+03,3.4757e-08
1.7000e+03,3.3520e-08
1.7200e+03,3.1127e-08
1.7400e+03,3.0037e-08
1.7600e+03,2.9964e-08
1.7800e+03,2.9818e-08
1.8000e+03,2.3709e-08
1.8200e+03,2.3920e-08
1.8400e+03,2.2545e-08
1.8600e+03,2.3411e-08
1.8800e+03,2.1811e-08
1.9000e+03,2.0800e-08
1.9200e+03,2.1236e-08
1.9400e+03,2.0800e-08
1.9600e+03,2.0073e-08
1.9800e+03,1.9127e-08
2.0000e+03,1.8320e-08
2.0025e+03,1.8248e-08
2.0050e+03,1.8176e-08
2.0075e+03,1.8105e-08
2.0100e+03,1.8033e-08
2.0125e+03,1.7961e-08
2.0150e+03,1.7889e-08
2.0175e+03,1.7817e-08
2.0200e+03,1.7746e-08
2.0225e+03,1.7726e-08
2.0250e+03,1.7707e-08
2.0275e+03,1.7688e-08
2.0300e+03,1.7669e-08
2.0325e+03,1.7650e-08
2.0350e+03,1.7631e-08
2.0375e+03,1.7612e-08
2.0400e+03,1.7593e-08
2.0425e+03,1.7521e-08
2.0450e+03,1.7449e-08
2.0475e+03,1.7377e-08
2.0500e+03,1.7305e-08
2.0525e+03,1.7234e-08
2.0550e+03,1.7162e-08
2.0575e+03,1.7090e-08
2.0600e+03,1.7018e-08
2.0625e+03,1.6963e-08
2.0650e+03,1.6907e-08
2.0675e+03,1.6852e-08
2.0700e+03,1.6796e-08
2.0725e+03,1.6741e-08
2.0750e+03,1.6686e-08
2.0775e+03,1.6630e-08
2.0800e+03,1.6575e-08
2.0825e+03,1.6594e-08
2.0850e+03,1.6613e-08
2.0875e+03,1.6632e-08
2.0900e+03,1.6651e-08
2.0925e+03,1.6670e-08
2.0950e+03,1.6689e-08
2.0975e+03,1.6708e-08
2.1000e+03,1.6727e-08
2.1025e+03,1.6717e-08
2.1050e+03,1.6707e-08
2.1075e+03,1.6697e-08
2.1100e+03,1.6687e-08
2.1125e+03,1.6677e-08
2.1150e+03,1.6667e-08
2.1175e+03,1.6657e-08
2.1200e+03,1.6647e-08
2.1225e+03,1.6565e-08
2.1250e+03,1.6484e-08
2.1275e+03,1.6402e-08
2.1300e+03,1.6320e-08
2.1325e+03,1.6238e-08
2.1350e+03,1.6157e-08
2.1375e+03,1.6075e-08
2.1400e+03,1.5993e-08
2.1425e+03,1.6002e-08
2.1450e+03,1.6011e-08
2.1475e+03,1.6020e-08
2.1500e+03,1.6029e-08
2.1525e+03,1.6038e-08
2.1550e+03,1.6047e-08
2.1575e+03,1.6056e-08
2.1600e+03,1.6065e-08
2.1625e+03,1.6003e-08
2.1650e+03,1.5940e-08
2.1675e+03,1.5877e-08
2.1700e+03,1.5814e-08
2.1725e+03,1.5752e-08
2.1750e+03,1.5689e-08
2.1775e+03,1.5626e-08
2.1800e+03,1.5564e-08
2.1825e+03,1.5491e-08
2.1850e+03,1.5418e-08
2.1875e+03,1.5345e-08
2.1900e+03,1.5273e-08
2.1925e+03,1.5200e-08
2.1950e+03,1.5127e-08
2.1975e+03,1.5055e-08
2.2000e+03,1.4982e-08
2.2025e+03,1.4909e-08
2.2050e+03,1.4836e-08
2.2075e+03,1.4764e-08
2.2100e+03,1.4691e-08
2.2125e+03,1.4618e-08
2.2150e+03,1.4545e-08
2.2175e+03,1.4473e-08
2.2200e+03,1.4400e-08
2.2225e+03,1.4318e-08
2.2250e+03,1.4236e-08
2.2275e+03,1.4155e-08
2.2300e+03,1.4073e-08
2.2325e+03,1.3991e-08
2.2350e+03,1.3909e-08
2.2375e+03,1.3827e-08
2.2400e+03,1.3746e-08
2.2425e+03,1.3781e-08
2.2450e+03,1.3816e-08
2.2475e+03,1.3852e-08
2.2500e+03,1.3887e-08
2.2525e+03,1.3923e-08
2.2550e+03,1.3958e-08
2.2575e+03,1.3994e-08
2.2600e+03,1.4029e-08
2.2625e+03,1.4038e-08
2.2650e+03,1.4047e-08
2.2675e+03,1.4056e-08
2.2700e+03,1.4065e-08
2.2725e+03,1.4075e-08
2.2750e+03,1.4084e-08
2.2775e+03,1.4093e-08
2.2800e+03,1.4102e-08
2.2825e+03,1.4085e-08
2.2850e+03,1.4067e-08
2.2875e+03,1.4050e-08
2.2900e+03,1.4033e-08
2.2925e+03,1.4016e-08
2.2950e+03,1.3998e-08
2.2975e+03,1.3981e-08
2.3000e+03,1.3964e-08
2.3025e+03,1.3936e-08
2.3050e+03,1.3909e-08
2.3075e+03,1.3882e-08
2.3100e+03,1.3854e-08
2.3125e+03,1.3827e-08
2.3150e+03,1.3800e-08
2.3175e+03,1.3773e-08
2.3200e+03,1.3746e-08
2.3225e+03,1.3690e-08
2.3250e+03,1.3634e-08
2.3275e+03,1.3579e-08
2.3300e+03,1.3524e-08
2.3325e+03,1.3468e-08
2.3350e+03,1.3413e-08
2.3375e+03,1.3357e-08
2.3400e+03,1.3302e-08
2.3425e+03,1.3257e-08
2.3450e+03,1.3213e-08
2.3475e+03,1.3168e-08
2.3500e+03,1.3124e-08
2.3525e+03,1.3079e-08
2.3550e+03,1.3035e-08
2.3575e+03,1.2990e-08
2.3600e+03,1.2945e-08
2.3625e+03,1.2927e-08
2.3650e+03,1.2909e-08
2.3675e+03,1.2891e-08
2.3700e+03,1.2873e-08
2.3725e+03,1.2855e-08
2.3750e+03,1.2836e-08
2.3775e+03,1.2818e-08
2.3800e+03,1.2800e-08
2.3825e+03,1.2873e-08
2.3850e+03,1.2945e-08
2.3875e+03,1.3018e-08
2.3900e+03,1.3091e-08
2.3925e+03,1.3164e-08
2.3950e+03,1.3237e-08
2.3975e+03,1.3309e-08
2.4000e+03,1.3382e-08
2.4025e+03,1.3390e-08
2.4050e+03,1.3398e-08
2.4075e+03,1.3406e-08
2.4100e+03,1.3415e-08
2.4125e+03,1.3423e-08
2.4150e+03,1.3431e-08
2.4175e+03,1.3439e-08
2.4200e+03,1.3447e-08
2.4225e+03,1.3447e-08
2.4250e+03,1.3447e-08
2.4275e+03,1.3447e-08
2.4300e+03,1.3447e-08
2.4325e+03,1.3447e-08
2.4350e+03,1.3447e-08
2.4375e+03,1.3447e-08
2.4400e+03,1.3447e-08
2.4425e+03,1.3394e-08
2.4450e+03,1.3340e-08
2.4475e+03,1.3286e-08
2.4500e+03,1.3233e-08
2.4525e+03,1.3179e-08
2.4550e+03,1.3125e-08
2.4575e+03,1.3072e-08
2.4600e+03,1.3018e-08
2.4625e+03,1.2999e-08
2.4650e+03,1.2980e-08
2.4675e+03,1.2961e-08
2.4700e+03,1.2942e-08
2.4725e+03,1.2923e-08
2.4750e+03,1.2904e-08
2.4775e+03,1.2885e-08
2.4800e+03,1.2866e-08
2.4825e+03,1.2885e-08
2.4850e+03,1.2904e-08
2.4875e+03,1.2923e-08
2.4900e+03,1.2942e-08
2.4925e+03,1.2961e-08
2.4950e+03,1.2980e-08
2.4975e+03,1.2999e-08
2.5000e+03,1.3018e-08
2.5025e+03,1.2972e-08
2.5050e+03,1.2925e-08
2.5075e+03,1.2879e-08
2.5100e+03,1.2833e-08
2.5125e+03,1.2787e-08
2.5150e+03,1.2740e-08
2.5175e+03,1.2694e-08
2.5200e+03,1.2647e-08
2.5225e+03,1.2566e-08
2.5250e+03,1.2486e-08
2.5275e+03,1.2405e-08
2.5300e+03,1.2324e-08
2.5325e+03,1.2243e-08
2.5350e+03,1.2162e-08
2.5375e+03,1.2081e-08
2.5400e+03,1.2000e-08
2.5425e+03,1.1990e-08
2.5450e+03,1.1980e-08
2.5475e+03,1.1970e-08
2.5500e+03,1.1960e-08
2.5525e+03,1.1950e-08
2.5550e+03,1.1940e-08
2.5575e+03,1.1930e-08
2.5600e+03,1.1920e-08
2.5625e+03,1.1947e-08
2.5650e+03,1.1975e-08
2.5675e+03,1.2002e-08
2.5700e+03,1.2029e-08
2.5725e+03,1.2056e-08
2.5750e+03,1.2084e-08
2.5775e+03,1.2111e-08
2.5800e+03,1.2138e-08
2.5825e+03,1.2138e-08
2.5850e+03,1.2138e-08
2.5875e+03,1.2138e-08
2.5900e+03,1.2138e-08
2.5925e+03,1.2138e-08
2.5950e+03,1.2138e-08
2.5975e+03,1.2138e-08
2.6000e+03,1.2138e-08
2.6025e+03,1.2093e-08
2.6050e+03,1.2049e-08
2.6075e+03,1.2005e-08
2.6100e+03,1.1960e-08
2.6125e+03,1.1915e-08
2.6150e+03,1.1871e-08
2.6175e+03,1.1826e-08
2.6200e+03,1.1782e-08
2.6225e+03,1.1764e-08
2.6250e+03,1.1745e-08
2.6275e+03,1.1727e-08
2.6300e+03,1.1709e-08
2.6325e+03,1.1691e-08
2.6350e+03,1.1673e-08
2.6375e+03,1.1655e-08
2.6400e+03,1.1637e-08
2.6425e+03,1.1645e-08
2.6450e+03,1.1653e-08
2.6475e+03,1.1661e-08
2.6500e+03,1.1669e-08
2.6525e+03,1.1677e-08
2.6550e+03,1.1685e-08
2.6575e+03,1.1694e-08
2.6600e+03,1.1702e-08
2.6625e+03,1.1656e-08
2.6650e+03,1.1611e-08
2.6675e+03,1.1565e-08
2.6700e+03,1.1520e-08
2.6725e+03,1.1475e-08
2.6750e+03,1.1429e-08
2.6775e+03,1.1384e-08
2.6800e+03,1.1338e-08
2.6825e+03,1.1338e-08
2.6850e+03,1.1338e-08
2.6875e+03,1.1338e-08
2.6900e+03,1.1338e-08
2.6925e+03,1.1338e-08
2.6950e+03,1.1338e-08
2.6975e+03,1.1338e-08
2.7000e+03,1.1338e-08
2.7025e+03,1.1365e-08
2.7050e+03,1.1393e-08
2.7075e+03,1.1420e-08
2.7100e+03,1.1447e-08
2.7125e+03,1.1475e-08
2.7150e+03,1.1502e-08
2.7175e+03,1.1529e-08
2.7200e+03,1.1556e-08
2.7225e+03,1.1502e-08
2.7250e+03,1.1447e-08
2.7275e+03,1.1393e-08
2.7300e+03,1.1338e-08
2.7325e+03,1.1283e-08
2.7350e+03,1.1229e-08
2.7375e+03,1.1175e-08
2.7400e+03,1.1120e-08
2.7425e+03,1.1093e-08
2.7450e+03,1.1066e-08
2.7475e+03,1.1038e-08
2.7500e+03,1.1011e-08
2.7525e+03,1.0984e-08
2.7550e+03,1.0956e-08
2.7575e+03,1.0929e-08
2.7600e+03,1.0902e-08
2.7625e+03,1.0875e-08
2.7650e+03,1.0847e-08
2.7675e+03,1.0820e-08
2.7700e+03,1.0793e-08
2.7725e+03,1.0765e-08
2.7750e+03,1.0738e-08
2.7775e+03,1.0711e-08
2.7800e+03,1.0684e-08
2.7825e+03,1.0638e-08
2.7850e+03,1.0593e-08
2.7875e+03,1.0547e-08
2.7900e+03,1.0502e-08
2.7925e+03,1.0456e-08
2.7950e+03,1.0411e-08
2.7975e+03,1.0366e-08
2.8000e+03,1.0320e-08
2.8025e+03,1.0375e-08
2.8050e+03,1.0429e-08
2.8075e+03,1.0484e-08
2.8100e+03,1.0538e-08
2.8125e+03,1.0593e-08
2.8150e+03,1.0647e-08
2.8175e+03,1.0702e-08
2.8200e+03,1.0756e-08
2.8225e+03,1.0729e-08
2.8250e+03,1.0702e-08
2.8275e+03,1.0675e-08
2.8300e+03,1.0647e-08
2.8325e+03,1.0620e-08
2.8350e+03,1.0593e-08
2.8375e+03,1.0566e-08
2.8400e+03,1.0538e-08
2.8425e+03,1.0503e-08
2.8450e+03,1.0467e-08
2.8475e+03,1.0432e-08
2.8500e+03,1.0396e-08
2.8525e+03,1.0361e-08
2.8550e+03,1.0326e-08
2.8575e+03,1.0290e-08
2.8600e+03,1.0254e-08
2.8625e+03,1.0254e-08
2.8650e+03,1.0254e-08
2.8675e+03,1.0254e-08
2.8700e+03,1.0254e-08
2.8725e+03,1.0254e-08
2.8750e+03,1.0254e-08
2.8775e+03,1.0254e-08
2.8800e+03,1.0254e-08
2.8825e+03,1.0217e-08
2.8850e+03,1.0180e-08
2.8875e+03,1.0143e-08
2.8900e+03,1.0105e-08
2.8925e+03,1.0068e-08
2.8950e+03,1.0031e-08
2.8975e+03,9.9936e-09
2.9000e+03,9.9564e-09
2.9025e+03,9.9481e-09
2.9050e+03,9.9400e-09
2.9075e+03,9.9320e-09
2.9100e+03,9.9236e-09
2.9125e+03,9.9156e-09
2.9150e+03,9.9072e-09
2.9175e+03,9.8992e-09
2.9200e+03,9.8908e-09
2.9225e+03,9.8537e-09
2.9250e+03,9.8165e-09
2.9275e+03,9.7790e-09
2.9300e+03,9.7418e-09
2.9325e+03,9.7047e-09
2.9350e+03,9.6671e-09
2.9375e+03,9.6300e-09
2.9400e+03,9.5928e-09
2.9425e+03,9.5757e-09
2.9450e+03,9.5582e-09
2.9475e+03,9.5411e-09
2.9500e+03,9.5236e-09
2.9525e+03,9.5064e-09
2.9550e+03,9.4889e-09
2.9575e+03,9.4718e-09
2.9600e+03,9.4547e-09
2.9625e+03,9.4445e-09
2.9650e+03,9.4347e-09
2.9675e+03,9.4245e-09
2.9700e+03,9.4146e-09
2.9725e+03,9.4044e-09
2.9750e+03,9.3946e-09
2.9775e+03,9.3847e-09
2.9800e+03,9.3745e-09
2.9825e+03,9.3472e-09
2.9850e+03,9.3199e-09
2.9875e+03,9.2929e-09
2.9900e+03,9.2656e-09
2.9925e+03,9.2383e-09
2.9950e+03,9.2109e-09
2.9975e+03,9.1836e-09
3.0000e+03,9.1563e-09
3.0025e+03,9.1836e-09
3.0050e+03,9.2109e-09
3.0075e+03,9.2383e-09
3.0100e+03,9.2656e-09
3.0125e+03,9.2929e-09
3.0150e+03,9.3199e-09
3.0175e+03,9.3472e-09
3.0200e+03,9.3745e-09
3.0225e+03,9.3472e-09
3.0250e+03,9.3199e-09
3.0275e+03,9.2929e-09
3.0300e+03,9.2656e-09
3.0325e+03,9.2383e-09
3.0350e+03,9.2109e-09
3.0375e+03,9.1836e-09
3.0400e+03,9.1563e-09
3.0425e+03,9.1381e-09
3.0450e+03,9.1202e-09
3.0475e+03,9.1020e-09
3.0500e+03,9.0838e-09
3.0525e+03,9.0656e-09
3.0550e+03,9.0473e-09
3.0575e+03,9.0291e-09
3.0600e+03,9.0109e-09
3.0625e+03,9.0291e-09
3.0650e+03,9.0473e-09
3.0675e+03,9.0656e-09
3.0700e+03,9.0838e-09
3.0725e+03,9.1020e-09
3.0750e+03,9.1202e-09
3.0775e+03,9.1381e-09
3.0800e+03,9.1563e-09
3.0825e+03,9.1111e-09
3.0850e+03,9.0656e-09
3.0875e+03,9.0200e-09
3.0900e+03,8.9745e-09
3.0925e+03,8.9293e-09
3.0950e+03,8.8837e-09
3.0975e+03,8.8382e-09
3.1000e+03,8.7926e-09
3.1025e+03,8.8109e-09
3.1050e+03,8.8291e-09
3.1075e+03,8.8473e-09
3.1100e+03,8.8655e-09
3.1125e+03,8.8837e-09
3.1150e+03,8.9019e-09
3.1175e+03,8.9202e-09
3.1200e+03,8.9380e-09
3.1225e+03,8.9300e-09
3.1250e+03,8.9220e-09
3.1275e+03,8.9136e-09
3.1300e+03,8.9056e-09
3.1325e+03,8.8972e-09
3.1350e+03,8.8892e-09
3.1375e+03,8.8808e-09
3.1400e+03,8.8728e-09
3.1425e+03,8.8626e-09
3.1450e+03,8.8528e-09
3.1475e+03,8.8429e-09
3.1500e+03,8.8327e-09
3.1525e+03,8.8229e-09
3.1550e+03,8.8127e-09
3.1575e+03,8.8028e-09
3.1600e+03,8.7926e-09
3.1625e+03,8.7755e-09
3.1650e+03,8.7580e-09
3.1675e+03,8.7409e-09
3.1700e+03,8.7238e-09
3.1725e+03,8.7063e-09
3.1750e+03,8.6892e-09
3.1775e+03,8.6720e-09
3.1800e+03,8.6545e-09
3.1825e+03,8.6181e-09
3.1850e+03,8.5817e-09
3.1875e+03,8.5456e-09
3.1900e+03,8.5092e-09
3.1925e+03,8.4727e-09
3.1950e+03,8.4363e-09
3.1975e+03,8.3998e-09
3.2000e+03,8.3638e-09
3.2025e+03,8.3638e-09
3.2050e+03,8.3638e-09
3.2075e+03,8.3638e-09
3.2100e+03,8.3638e-09
3.2125e+03,8.3638e-09
3.2150e+03,8.3638e-09
3.2175e+03,8.3638e-09
3.2200e+03,8.3638e-09
3.2225e+03,8.3729e-09
3.2250e+03,8.3820e-09
3.2275e+03,8.3907e-09
3.2300e+03,8.3998e-09
3.2325e+03,8.4090e-09
3.2350e+03,8.4181e-09
3.2375e+03,8.4272e-09
3.2400e+03,8.4363e-09
3.2600e+03,8.5328e-09
3.2700e+03,8.0009e-09
3.2800e+03,7.9003e-09
3.2900e+03,7.8424e-09
3.3000e+03,7.8759e-09
3.3100e+03,7.6882e-09
3.3200e+03,7.7764e-09
3.3300e+03,7.7276e-09
3.3400e+03,7.8183e-09
3.3500e+03,7.8733e-09
3.3600e+03,7.7436e-09
3.3700e+03,7.6758e-09
3.3800e+03,7.7010e-09
3.3900e+03,7.6121e-09
3.4000e+03,7.5578e-09
3.4100e+03,7.2816e-09
3.4200e+03,7.4288e-09
3.4300e+03,7.3042e-09
3.4400e+03,7.2718e-09
3.4500e+03,7.4146e-09
3.4600e+03,7.3745e-09
3.4700e+03,7.2885e-09
3.4800e+03,7.1584e-09
3.4900e+03,7.1533e-09
3.5000e+03,7.2903e-09
3.5100e+03,7.1544e-09
3.5200e+03,7.1409e-09
3.5300e+03,7.1318e-09
3.5400e+03,7.2262e-09
3.5500e+03,6.9773e-09
3.5600e+03,6.9693e-09
3.5700e+03,6.8757e-09
3.5800e+03,6.8119e-09
3.5900e+03,6.7478e-09
3.6000e+03,6.6625e-09
3.6100e+03,6.5714e-09
3.6200e+03,6.5867e-09
3.6300e+03,6.5073e-09
3.6400e+03,6.4271e-09
3.6500e+03,6.4013e-09
3.6600e+03,6.3411e-09
3.6700e+03,6.3291e-09
3.6800e+03,6.2304e-09
3.6900e+03,6.2694e-09
3.7000e+03,6.4162e-09
3.7100e+03,6.5419e-09
3.7200e+03,6.8090e-09
3.7300e+03,7.0345e-09
3.7400e+03,7.4328e-09
3.7500e+03,7.6576e-09
3.7600e+03,7.9670e-09
3.7700e+03,8.0326e-09
3.7800e+03,8.8659e-09
3.7900e+03,8.7354e-09
3.8000e+03,8.3277e-09
3.8100e+03,9.3188e-09
3.8200e+03,9.6580e-09
3.8300e+03,8.3171e-09
3.8400e+03,8.2443e-09
3.8500e+03,9.6179e-09
3.8600e+03,1.0255e-08
3.8700e+03,9.9699e-09
3.8800e+03,8.6677e-09
3.8900e+03,7.6594e-09
3.9000e+03,8.6290e-09
3.9100e+03,9.7950e-09
3.9200e+03,9.8803e-09
3.9300e+03,1.0041e-08
3.9400e+03,1.0096e-08
3.9500e+03,9.8770e-09
3.9600e+03,8.7030e-09
3.9700e+03,7.6507e-09
3.9800e+03,8.8083e-09
3.9900e+03,1.0021e-08
4.0000e+03,1.0169e-08
4.0100e+03,1.0037e-08
4.0200e+03,9.7713e-09
4.0300e+03,9.6496e-09
4.0400e+03,9.7553e-09
4.0500e+03,9.5939e-09
4.0600e+03,9.5400e-09
4.0700e+03,9.3224e-09
4.0800e+03,8.9825e-09
4.0900e+03,8.0668e-09
4.1000e+03,7.0437e-09
4.1100e+03,7.6022e-09
4.1200e+03,8.5591e-09
4.1300e+03,8.7730e-09
4.1400e+03,8.9723e-09
4.1500e+03,8.9606e-09
4.1600e+03,8.9613e-09
4.1700e+03,8.9435e-09
4.1800e+03,8.9759e-09
4.1900e+03,8.8706e-09
4.2000e+03,8.8473e-09
4.2100e+03,8.7496e-09
4.2200e+03,8.7267e-09
4.2300e+03,8.6305e-09
4.2400e+03,8.6141e-09
4.2500e+03,8.4592e-09
4.2600e+03,8.4195e-09
4.2700e+03,8.3623e-09
4.2800e+03,8.3292e-09
4.2900e+03,8.2607e-09
4.3000e+03,8.1105e-09
4.3100e+03,7.9910e-09
4.3200e+03,7.6390e-09
4.3300e+03,6.7686e-09
4.3400e+03,6.0263e-09
4.3500e+03,6.8443e-09
4.3600e+03,7.6944e-09
4.3700e+03,7.6707e-09
4.3800e+03,7.5902e-09
4.3900e+03,7.4769e-09
4.4000e+03,7.4372e-09
4.4100e+03,7.4423e-09
4.4200e+03,7.3756e-09
4.4300e+03,7.2812e-09
4.4400e+03,7.2262e-09
4.4500e+03,7.2102e-09
4.4600e+03,6.9650e-09
4.4700e+03,6.6997e-09
4.4800e+03,6.6534e-09
4.4900e+03,6.8720e-09
4.5000e+03,6.9165e-09
4.5100e+03,6.8167e-09
4.5200e+03,6.7066e-09
4.5300e+03,6.7354e-09
4.5400e+03,6.6374e-09
4.5500e+03,6.6184e-09
4.5600e+03,6.6050e-09
4.5700e+03,6.5609e-09
4.5800e+03,6.5321e-09
4.5900e+03,6.5037e-09
4.6000e+03,6.4599e-09
4.6100e+03,6.4625e-09
4.6200e+03,6.4599e-09
4.6300e+03,6.3765e-09
4.6400e+03,6.3943e-09
4.6500e+03,6.3320e-09
4.6600e+03,6.2996e-09
4.6700e+03,6.2027e-09
4.6800e+03,6.1961e-09
4.6900e+03,6.1695e-09
4.7000e+03,6.0650e-09
4.7100e+03,6.0828e-09
4.7200e+03,6.0671e-09
4.7300e+03,5.9538e-09
4.7400e+03,5.9677e-09
4.7500e+03,5.8846e-09
4.7600e+03,5.8697e-09
4.7700e+03,5.8594e-09
4.7800e+03,5.7917e-09
4.7900e+03,5.6966e-09
4.8000e+03,5.6966e-09
4.8100e+03,5.6397e-09
4.8200e+03,5.6069e-09
4.8300e+03,5.5235e-09
4.8400e+03,5.2775e-09
4.8500e+03,4.6774e-09
4.8600e+03,4.2395e-09
4.8700e+03,4.6435e-09
4.8800e+03,5.2050e-09
4.8900e+03,5.2750e-09
4.9000e+03,5.2852e-09
4.9100e+03,5.1959e-09
4.9200e+03,5.1209e-09
4.9300e+03,5.1671e-09
4.9400e+03,5.1730e-09
4.9500e+03,5.1522e-09
4.9600e+03,5.1271e-09
4.9700e+03,5.0932e-09
4.9800e+03,5.1384e-09
4.9900e+03,5.0436e-09
5.0000e+03,4.9802e-09
5.0100e+03,4.9474e-09
5.0200e+03,4.9449e-09
5.0300e+03,4.9124e-09
5.0400e+03,4.9059e-09
5.0500e+03,4.9073e-09
5.0600e+03,4.8458e-09
5.0700e+03,4.8265e-09
5.0800e+03,4.7441e-09
5.0900e+03,4.6796e-09
5.1000e+03,4.6319e-09
5.1100e+03,4.6093e-09
5.1200e+03,4.6290e-09
5.1300e+03,4.5984e-09
5.1400e+03,4.5681e-09
5.1500e+03,4.5299e-09
5.1600e+03,4.4716e-09
5.1700e+03,4.4300e-09
5.1800e+03,4.3725e-09
5.1900e+03,4.3353e-09
5.2000e+03,4.2701e-09
5.2100e+03,4.2497e-09
5.2200e+03,4.1979e-09
5.2300e+03,4.1659e-09
5.2400e+03,4.1618e-09
5.2500e+03,4.1498e-09
5.2600e+03,4.1615e-09
5.2700e+03,4.1305e-09
5.2800e+03,4.1148e-09
5.2900e+03,4.1032e-09
5.3000e+03,4.1338e-09
5.3100e+03,4.0219e-09
5.3200e+03,4.0183e-09
5.3300e+03,3.9993e-09
5.3400e+03,3.9808e-09
5.3500e+03,3.9695e-09
5.3600e+03,3.9585e-09
5.3700e+03,3.8419e-09
5.3800e+03,3.8237e-09
5.3900e+03,3.8059e-09
5.4000e+03,3.7916e-09
5.4100e+03,3.7701e-09
5.4200e+03,3.6860e-09
5.4300e+03,3.6903e-09
5.4400e+03,3.6315e-09
5.4500e+03,3.6229e-09
5.4600e+03,3.6323e-09
5.4700e+03,3.5881e-09
5.4800e+03,3.5841e-09
5.4900e+03,3.5686e-09
5.5000e+03,3.5358e-09
5.5100e+03,3.5147e-09
5.5200e+03,3.4863e-09
5.5300e+03,3.5160e-09
5.5400e+03,3.5232e-09
5.5500e+03,3.4957e-09
5.5600e+03,3.4793e-09
5.5700e+03,3.4682e-09
5.5800e+03,3.4834e-09
5.5900e+03,3.4319e-09
5.6000e+03,3.3982e-09
5.6100e+03,3.3563e-09
5.6200e+03,3.2572e-09
5.6300e+03,3.1911e-09
5.6400e+03,3.1811e-09
5.6500e+03,3.1712e-09
5.6600e+03,3.1614e-09
5.6700e+03,3.1516e-09
5.6800e+03,3.1419e-09
5.6900e+03,3.1322e-09
5.7000e+03,3.1225e-09
5.7100e+03,3.1129e-09
5.7200e+03,3.1034e-09
5.7300e+03,3.0936e-09
5.7400e+03,3.0841e-09
5.7600e+03,2.9847e-09
5.7800e+03,3.0233e-09
5.8000e+03,2.9967e-09
5.8200e+03,2.9655e-09
5.8400e+03,2.9414e-09
5.8600e+03,2.8919e-09
5.8800e+03,2.8700e-09
5.9000e+03,2.8629e-09
5.9200e+03,2.8476e-09
5.9400e+03,2.8195e-09
5.9600e+03,2.8125e-09
5.9800e+03,2.7803e-09
6.0000e+03,2.7600e-09
6.0200e+03,2.7150e-09
6.0400e+03,2.6851e-09
6.0600e+03,2.6328e-09
6.0800e+03,2.6034e-09
6.1000e+03,2.5861e-09
6.1200e+03,2.5515e-09
6.1400e+03,2.5112e-09
6.1600e+03,2.4786e-09
6.1800e+03,2.4503e-09
6.2000e+03,2.4175e-09
6.2200e+03,2.4059e-09
6.2400e+03,2.3724e-09
6.2600e+03,2.3272e-09
6.2800e+03,2.2901e-09
6.3000e+03,2.2635e-09
6.3200e+03,2.2217e-09
6.3400e+03,2.2001e-09
6.3600e+03,2.1696e-09
6.3800e+03,2.1595e-09
6.4000e+03,2.1383e-09
6.4200e+03,2.1359e-09
6.4400e+03,2.1155e-09
6.4600e+03,2.0863e-09
6.4800e+03,2.0711e-09
6.5000e+03,2.0952e-09
6.5200e+03,2.0608e-09
6.5400e+03,1.9404e-09
6.5600e+03,1.9177e-09
6.5800e+03,1.9878e-09
6.6000e+03,2.0769e-09
6.6200e+03,2.0542e-09
6.6400e+03,2.0337e-09
6.6600e+03,1.9710e-09
6.6800e+03,1.9624e-09
6.7000e+03,1.9533e-09
6.7200e+03,1.9212e-09
6.7400e+03,1.9031e-09
6.7600e+03,1.8733e-09
6.7800e+03,1.8369e-09
6.8000e+03,1.8062e-09
6.8200e+03,1.7867e-09
6.8400e+03,1.7946e-09
6.8600e+03,1.7354e-09
6.8800e+03,1.6823e-09
6.9000e+03,1.7148e-09
6.9200e+03,1.7170e-09
6.9400e+03,1.6667e-09
6.9600e+03,1.6710e-09
6.9800e+03,1.6387e-09
7.0000e+03,1.6036e-09
7.0200e+03,1.5878e-09
7.0400e+03,1.5613e-09
7.0600e+03,1.5319e-09
7.0800e+03,1.5243e-09
7.1000e+03,1.5244e-09
7.1200e+03,1.5032e-09
7.1400e+03,1.4738e-09
7.1600e+03,1.4690e-09
7.1800e+03,1.4547e-09
7.2000e+03,1.4505e-09
7.2200e+03,1.4458e-09
7.2400e+03,1.4199e-09
7.2600e+03,1.4204e-09
7.2800e+03,1.4331e-09
7.3000e+03,1.4443e-09
7.3200e+03,1.4479e-09
7.3400e+03,1.4015e-09
7.3600e+03,1.4053e-09
7.3800e+03,1.3810e-09
7.4000e+03,1.3840e-09
7.4200e+03,1.3404e-09
7.4400e+03,1.3257e-09
7.4600e+03,1.3159e-09
7.4800e+03,1.2888e-09
7.5000e+03,1.2597e-09
7.5200e+03,1.2684e-09
7.5400e+03,1.2724e-09
7.5600e+03,1.2649e-09
7.5800e+03,1.1619e-09
7.6000e+03,1.0259e-09
7.6200e+03,1.2245e-09
7.6400e+03,1.2410e-09
7.6600e+03,1.2069e-09
7.6800e+03,1.1196e-09
7.7000e+03,1.1670e-09
7.7200e+03,1.1670e-09
7.7400e+03,1.1550e-09
7.7600e+03,1.1503e-09
7.7800e+03,1.0711e-09
7.8000e+03,1.0750e-09
7.8200e+03,1.0744e-09
7.8400e+03,1.0349e-09
7.8600e+03,1.0159e-09
7.8800e+03,1.0071e-09
7.9000e+03,9.9568e-10
7.9200e+03,1.0046e-09
7.9400e+03,9.9932e-10
7.9600e+03,1.0055e-09
7.9800e+03,9.8489e-10
8.0000e+03,1.0070e-09
8.0200e+03,9.9134e-10
8.0400e+03,9.9149e-10
8.0600e+03,1.0088e-09
8.0800e+03,9.8868e-10
8.1000e+03,9.5560e-10
8.1200e+03,9.6872e-10
8.1400e+03,9.7006e-10
8.1600e+03,9.3392e-10
8.1800e+03,9.3698e-10
8.2000e+03,9.4489e-10
8.2200e+03,9.0809e-10
8.2400e+03,9.3592e-10
8.2600e+03,9.3170e-10
8.2800e+03,9.2372e-10
8.3000e+03,9.4044e-10
8.3200e+03,9.5305e-10
8.3400e+03,9.2689e-10
8.3600e+03,9.0626e-10
8.3800e+03,9.2550e-10
8.4000e+03,9.3111e-10
8.4200e+03,8.9464e-10
8.4400e+03,8.9038e-10
8.4600e+03,8.7784e-10
8.4800e+03,9.0171e-10
8.5000e+03,8.8466e-10
8.5200e+03,8.7285e-10
8.5400e+03,8.5132e-10
8.5600e+03,8.2147e-10
8.5800e+03,8.0493e-10
8.6000e+03,8.2475e-10
8.6200e+03,8.2869e-10
8.6400e+03,8.4192e-10
8.6600e+03,8.2235e-10
8.6800e+03,8.7737e-10
8.7000e+03,8.4745e-10
8.7200e+03,8.1065e-10
8.7400e+03,7.9141e-10
8.7600e+03,8.2949e-10
8.7800e+03,8.7077e-10
8.8000e+03,9.0798e-10
8.8200e+03,8.9632e-10
8.8400e+03,7.9382e-10
8.8600e+03,7.3756e-10
8.8800e+03,7.9207e-10
8.9000e+03,7.9083e-10
8.9200e+03,7.8209e-10
8.9400e+03,7.6540e-10
8.9600e+03,7.5928e-10
8.9800e+03,7.1865e-10
9.0000e+03,6.7379e-10
9.0200e+03,7.2353e-10
9.0400e+03,7.8864e-10
9.0600e+03,7.5654e-10
9.0800e+03,7.7458e-10
9.1000e+03,7.7589e-10
9.1200e+03,7.8558e-10
9.1400e+03,7.3461e-10
9.1600e+03,7.3297e-10
9.1800e+03,7.5804e-10
9.2000e+03,7.0010e-10
9.2200e+03,6.7186e-10
9.2400e+03,6.7726e-10
9.2600e+03,7.0010e-10
9.2800e+03,7.1224e-10
9.3000e+03,6.8728e-10
9.3200e+03,6.5150e-10
9.3400e+03,6.9573e-10
9.3600e+03,6.7514e-10
9.3800e+03,6.8130e-10
9.4000e+03,7.3013e-10
9.4200e+03,6.4118e-10
9.4400e+03,5.8963e-10
9.4600e+03,6.5303e-10
9.4800e+03,6.3054e-10
9.5000e+03,5.7797e-10
9.5200e+03,5.8551e-10
9.5400e+03,5.7899e-10
9.5600e+03,5.8551e-10
9.5800e+03,6.2194e-10
9.6000e+03,6.0875e-10
9.6200e+03,5.9961e-10
9.6400e+03,6.2945e-10
9.6600e+03,6.0216e-10
9.6800e+03,5.8791e-10
9.7000e+03,6.1684e-10
9.7200e+03,5.7793e-10
9.7400e+03,6.1466e-10
9.7600e+03,6.0701e-10
9.7800e+03,5.8857e-10
9.8000e+03,5.8288e-10
9.8200e+03,5.9553e-10
9.8400e+03,5.8088e-10
9.8600e+03,5.8937e-10
9.8800e+03,5.7429e-10
9.9000e+03,5.7607e-10
9.9200e+03,5.6113e-10
9.9400e+03,5.6055e-10
9.9600e+03,5.6882e-10
9.9800e+03,5.6918e-10
1.0000e+04,5.3774e-10
1.0020e+04,5.1606e-10
1.0040e+04,4.6847e-10
1.0060e+04,5.0724e-10
1.0080e+04,5.2794e-10
1.0100e+04,5.3246e-10
1.0120e+04,5.4608e-10
1.0140e+04,5.3654e-10
1.0160e+04,5.4011e-10
1.0180e+04,5.3107e-10
1.0200e+04,5.3409e-10
1.0220e+04,5.4295e-10
1.0240e+04,5.6026e-10
1.0260e+04,5.3180e-10
1.0280e+04,5.2149e-10
1.0300e+04,4.9915e-10
1.0320e+04,5.2615e-10
1.0340e+04,5.1027e-10
1.0360e+04,4.9390e-10
1.0380e+04,5.4634e-10
1.0400e+04,5.2331e-10
1.0420e+04,5.2721e-10
1.0440e+04,4.8837e-10
1.0460e+04,4.8330e-10
1.0480e+04,5.0269e-10
1.0500e+04,4.8636e-10
1.0520e+04,5.0072e-10
1.0540e+04,5.1147e-10
1.0560e+04,5.0006e-10
1.0580e+04,4.6472e-10
1.0600e+04,4.8596e-10
1.0800e+04,4.5692e-10
1.1000e+04,4.2271e-10
1.1200e+04,3.8634e-10
1.1400e+04,3.5033e-10
1.1600e+04,3.1649e-10
1.1800e+04,2.8603e-10
1.2000e+04,2.5971e-10
1.2200e+04,2.3789e-10
1.2400e+04,2.2075e-10
1.2600e+04,2.0854e-10
1.2800e+04,1.9741e-10
1.3000e+04,1.8701e-10
1.3200e+04,1.7728e-10
1.3400e+04,1.6817e-10
1.3600e+04,1.5963e-10
1.3800e+04,1.5162e-10
1.4000e+04,1.4411e-10
1.4200e+04,1.3705e-10
1.4400e+04,1.3041e-10
1.4600e+04,1.2418e-10
1.4800e+04,1.1830e-10
1.5000e+04,1.1277e-10
1.5200e+04,1.0756e-10
1.5400e+04,1.0264e-10
1.5600e+04,9.8001e-11
1.5800e+04,9.3618e-11
1.6000e+04,8.9479e-11
1.6200e+04,8.5558e-11
1.6400e+04,8.1852e-11
1.6600e+04,7.8347e-11
1.6800e+04,7.5024e-11
1.7000e+04,7.1872e-11
1.7200e+04,6.8888e-11
1.7400e+04,6.6053e-11
1.7600e+04,6.3364e-11
1.7800e+04,6.0810e-11
1.8000e+04,5.8380e-11
1.8200e+04,5.6073e-11
1.8400e+04,5.3876e-11
1.8600e+04,5.1788e-11
1.8800e+04,4.9799e-11
1.9000e+04,4.7904e-11
1.9200e+04,4.6097e-11
1.9400e+04,4.4373e-11
1.9600e+04,4.2730e-11
1.9800e+04,4.1163e-11
2.0000e+04,3.9665e-11
2.0200e+04,3.8241e-11
2.0400e+04,3.6874e-11
2.0600e+04,3.5566e-11
2.0800e+04,3.4319e-11
2.1000e+04,3.3123e-11
2.1200e+04,3.1980e-11
2.1400e+04,3.0887e-11
2.1600e+04,2.9839e-11
2.1800e+04,2.8834e-11
2.2000e+04,2.7872e-11
2.2200e+04,2.6951e-11
2.2400e+04,2.6066e-11
2.2600e+04,2.5218e-11
2.2800e+04,2.4403e-11
2.3000e+04,2.3621e-11
2.3200e+04,2.2870e-11
2.3400e+04,2.2147e-11
2.3600e+04,2.1456e-11
2.3800e+04,2.0788e-11
2.4000e+04,2.0147e-11
2.4200e+04,1.9531e-11
2.4400e+04,1.8939e-11
2.4600e+04,1.8367e-11
2.4800e+04,1.7817e-11
2.5000e+04,1.7289e-11
2.5200e+04,1.6779e-11
2.5400e+04,1.6288e-11
2.5600e+04,1.5815e-11
