# wavelength, f_lambda
2.2900e+02,0.0000e+00
2.3400e+02,0.0000e+00
2.4300e+02,0.0000e+00
2.5200e+02,0.0000e+00
2.5600e+02,0.0000e+00
2.6000e+02,0.0000e+00
2.6600e+02,0.0000e+00
2.7500e+02,0.0000e+00
2.8300e+02,0.0000e+00
2.9300e+02,0.0000e+00
3.0100e+02,0.0000e+00
3.0900e+02,0.0000e+00
3.2500e+02,0.0000e+00
3.4200e+02,0.0000e+00
3.5100e+02,0.0000e+00
3.5600e+02,0.0000e+00
3.6500e+02,0.0000e+00
3.7500e+02,0.0000e+00
3.8400e+02,0.0000e+00
4.0000e+02,0.0000e+00
4.1500e+02,0.0000e+00
4.2500e+02,0.0000e+00
4.4500e+02,0.0000e+00
4.7200e+02,0.0000e+00
4.9400e+02,0.0000e+00
5.0600e+02,2.0010e-16
5.1600e+02,3.3005e-16
5.4000e+02,8.7083e-16
5.6400e+02,2.1243e-15
5.8700e+02,4.3552e-15
6.1200e+02,9.8056e-15
6.4000e+02,2.1325e-14
6.7100e+02,4.6859e-14
7.0500e+02,1.0343e-13
7.3600e+02,1.9789e-13
7.7000e+02,3.8192e-13
8.1000e+02,7.6056e-13
8.5000e+02,1.4124e-12
8.9000e+02,2.4991e-12
9.2000e+02,4.1349e-11
9.4000e+02,5.1098e-10
9.6200e+02,4.1641e-09
9.8700e+02,1.4542e-08
1.0120e+03,1.4491e-08
1.0370e+03,1.5871e-08
1.0620e+03,2.6914e-08
1.0870e+03,2.4222e-08
1.1120e+03,3.2703e-08
1.1200e+03,3.3810e-08
1.1400e+03,3.6323e-08
1.1600e+03,3.7518e-08
1.1800e+03,3.1617e-08
1.2000e+03,1.6826e-08
1.2200e+03,1.0995e-08
1.2400e+03,2.7291e-08
1.2600e+03,3.6848e-08
1.2800e+03,3.7445e-08
1.3000e+03,3.5220e-08
1.3200e+03,3.7864e-08
1.3400e+03,3.8651e-08
1.3600e+03,3.8224e-08
1.3800e+03,3.9375e-08
1.4000e+03,3.7806e-08
1.4200e+03,3.7686e-08
1.4400e+03,4.0034e-08
1.4600e+03,4.0395e-08
1.4800e+03,3.8112e-08
1.5000e+03,3.7445e-08
1.5200e+03,3.6910e-08
1.5400e+03,3.6669e-08
1.5600e+03,3.5941e-08
1.5800e+03,3.4138e-08
1.6000e+03,3.1799e-08
1.6200e+03,2.9569e-08
1.6400e+03,2.8367e-08
1.6600e+03,2.8133e-08
1.6800e+03,2.8728e-08
1.7000e+03,2.7706e-08
1.7200e+03,2.5728e-08
1.7400e+03,2.4826e-08
1.7600e+03,2.4766e-08
1.7800e+03,2.4646e-08
1.8000e+03,1.9597e-08
1.8200e+03,1.9771e-08
1.8400e+03,1.8635e-08
1.8600e+03,1.9350e-08
1.8800e+03,1.8028e-08
1.9000e+03,1.7192e-08
1.9200e+03,1.7553e-08
1.9400e+03,1.7192e-08
1.9600e+03,1.6591e-08
1.9800e+03,1.5809e-08
2.0000e+03,1.5142e-08
2.0025e+03,1.5083e-08
2.0050e+03,1.5024e-08
2.0075e+03,1.4964e-08
2.0100e+03,1.4905e-08
2.0125e+03,1.4845e-08
2.0150e+03,1.4786e-08
2.0175e+03,1.4727e-08
2.0200e+03,1.4667e-08
2.0225e+03,1.4651e-08
2.0250e+03,1.4636e-08
2.0275e+03,1.4620e-08
2.0300e+03,1.4604e-08
2.0325e+03,1.4588e-08
2.0350e+03,1.4573e-08
2.0375e+03,1.4557e-08
2.0400e+03,1.4541e-08
2.0425e+03,1.4482e-08
2.0450e+03,1.4422e-08
2.0475e+03,1.4363e-08
2.0500e+03,1.4304e-08
2.0525e+03,1.4244e-08
2.0550e+03,1.4185e-08
2.0575e+03,1.4126e-08
2.0600e+03,1.4066e-08
2.0625e+03,1.4020e-08
2.0650e+03,1.3975e-08
2.0675e+03,1.3929e-08
2.0700e+03,1.3883e-08
2.0725e+03,1.3837e-08
2.0750e+03,1.3791e-08
2.0775e+03,1.3745e-08
2.0800e+03,1.3699e-08
2.0825e+03,1.3715e-08
2.0850e+03,1.3731e-08
2.0875e+03,1.3747e-08
2.0900e+03,1.3763e-08
2.0925e+03,1.3778e-08
2.0950e+03,1.3794e-08
2.0975e+03,1.3810e-08
2.1000e+03,1.3826e-08
2.1025e+03,1.3817e-08
2.1050e+03,1.3809e-08
2.1075e+03,1.3801e-08
2.1100e+03,1.3793e-08
2.1125e+03,1.3785e-08
2.1150e+03,1.3776e-08
2.1175e+03,1.3768e-08
2.1200e+03,1.3760e-08
2.1225e+03,1.3692e-08
2.1250e+03,1.3624e-08
2.1275e+03,1.3557e-08
2.1300e+03,1.3489e-08
2.1325e+03,1.3422e-08
2.1350e+03,1.3354e-08
2.1375e+03,1.3286e-08
2.1400e+03,1.3219e-08
2.1425e+03,1.3226e-08
2.1450e+03,1.3234e-08
2.1475e+03,1.3241e-08
2.1500e+03,1.3249e-08
2.1525e+03,1.3256e-08
2.1550e+03,1.3264e-08
2.1575e+03,1.3271e-08
2.1600e+03,1.3279e-08
2.1625e+03,1.3227e-08
2.1650e+03,1.3175e-08
2.1675e+03,1.3123e-08
2.1700e+03,1.3072e-08
2.1725e+03,1.3019e-08
2.1750e+03,1.2968e-08
2.1775e+03,1.2916e-08
2.1800e+03,1.2864e-08
2.1825e+03,1.2804e-08
2.1850e+03,1.2744e-08
2.1875e+03,1.2684e-08
2.1900e+03,1.2624e-08
2.1925e+03,1.2564e-08
2.1950e+03,1.2503e-08
2.1975e+03,1.2443e-08
2.2000e+03,1.2383e-08
2.2025e+03,1.2323e-08
2.2050e+03,1.2263e-08
2.2075e+03,1.2203e-08
2.2100e+03,1.2143e-08
2.2125e+03,1.2082e-08
2.2150e+03,1.2022e-08
2.2175e+03,1.1962e-08
2.2200e+03,1.1902e-08
2.2225e+03,1.1834e-08
2.2250e+03,1.1767e-08
2.2275e+03,1.1699e-08
2.2300e+03,1.1632e-08
2.2325e+03,1.1564e-08
2.2350e+03,1.1496e-08
2.2375e+03,1.1429e-08
2.2400e+03,1.1361e-08
2.2425e+03,1.1391e-08
2.2450e+03,1.1420e-08
2.2475e+03,1.1449e-08
2.2500e+03,1.1478e-08
2.2525e+03,1.1508e-08
2.2550e+03,1.1537e-08
2.2575e+03,1.1566e-08
2.2600e+03,1.1596e-08
2.2625e+03,1.1603e-08
2.2650e+03,1.1610e-08
2.2675e+03,1.1618e-08
2.2700e+03,1.1626e-08
2.2725e+03,1.1633e-08
2.2750e+03,1.1641e-08
2.2775e+03,1.1648e-08
2.2800e+03,1.1656e-08
2.2825e+03,1.1641e-08
2.2850e+03,1.1627e-08
2.2875e+03,1.1613e-08
2.2900e+03,1.1598e-08
2.2925e+03,1.1584e-08
2.2950e+03,1.1570e-08
2.2975e+03,1.1556e-08
2.3000e+03,1.1542e-08
2.3025e+03,1.1519e-08
2.3050e+03,1.1496e-08
2.3075e+03,1.1474e-08
2.3100e+03,1.1451e-08
2.3125e+03,1.1429e-08
2.3150e+03,1.1406e-08
2.3175e+03,1.1384e-08
2.3200e+03,1.1361e-08
2.3225e+03,1.1315e-08
2.3250e+03,1.1270e-08
2.3275e+03,1.1224e-08
2.3300e+03,1.1178e-08
2.3325e+03,1.1132e-08
2.3350e+03,1.1086e-08
2.3375e+03,1.1040e-08
2.3400e+03,1.0995e-08
2.3425e+03,1.0958e-08
2.3450e+03,1.0921e-08
2.3475e+03,1.0884e-08
2.3500e+03,1.0847e-08
2.3525e+03,1.0810e-08
2.3550e+03,1.0774e-08
2.3575e+03,1.0737e-08
2.3600e+03,1.0700e-08
2.3625e+03,1.0685e-08
2.3650e+03,1.0670e-08
2.3675e+03,1.0655e-08
2.3700e+03,1.0640e-08
2.3725e+03,1.0625e-08
2.3750e+03,1.0610e-08
2.3775e+03,1.0595e-08
2.3800e+03,1.0580e-08
2.3825e+03,1.0640e-08
2.3850e+03,1.0700e-08
2.3875e+03,1.0760e-08
2.3900e+03,1.0820e-08
2.3925e+03,1.0880e-08
2.3950e+03,1.0940e-08
2.3975e+03,1.1000e-08
2.4000e+03,1.1061e-08
2.4025e+03,1.1067e-08
2.4050e+03,1.1074e-08
2.4075e+03,1.1081e-08
2.4100e+03,1.1088e-08
2.4125e+03,1.1094e-08
2.4150e+03,1.1101e-08
2.4175e+03,1.1108e-08
2.4200e+03,1.1115e-08
2.4225e+03,1.1115e-08
2.4250e+03,1.1115e-08
2.4275e+03,1.1115e-08
2.4300e+03,1.1115e-08
2.4325e+03,1.1115e-08
2.4350e+03,1.1115e-08
2.4375e+03,1.1115e-08
2.4400e+03,1.1115e-08
2.4425e+03,1.1070e-08
2.4450e+03,1.1026e-08
2.4475e+03,1.0982e-08
2.4500e+03,1.0937e-08
2.4525e+03,1.0893e-08
2.4550e+03,1.0849e-08
2.4575e+03,1.0805e-08
2.4600e+03,1.0760e-08
2.4625e+03,1.0744e-08
2.4650e+03,1.0728e-08
2.4675e+03,1.0713e-08
2.4700e+03,1.0697e-08
2.4725e+03,1.0681e-08
2.4750e+03,1.0665e-08
2.4775e+03,1.0650e-08
2.4800e+03,1.0634e-08
2.4825e+03,1.0650e-08
2.4850e+03,1.0665e-08
2.4875e+03,1.0681e-08
2.4900e+03,1.0697e-08
2.4925e+03,1.0713e-08
2.4950e+03,1.0728e-08
2.4975e+03,1.0744e-08
2.5000e+03,1.0760e-08
2.5025e+03,1.0722e-08
2.5050e+03,1.0684e-08
2.5075e+03,1.0645e-08
2.5100e+03,1.0607e-08
2.5125e+03,1.0569e-08
2.5150e+03,1.0530e-08
2.5175e+03,1.0492e-08
2.5200e+03,1.0453e-08
2.5225e+03,1.0386e-08
2.5250e+03,1.0320e-08
2.5275e+03,1.0253e-08
2.5300e+03,1.0186e-08
2.5325e+03,1.0119e-08
2.5350e+03,1.0052e-08
2.5375e+03,9.9855e-09
2.5400e+03,9.9185e-09
2.5425e+03,9.9101e-09
2.5450e+03,9.9021e-09
2.5475e+03,9.8937e-09
2.5500e+03,9.8853e-09
2.5525e+03,9.8773e-09
2.5550e+03,9.8690e-09
2.5575e+03,9.8606e-09
2.5600e+03,9.8522e-09
2.5625e+03,9.8748e-09
2.5650e+03,9.8974e-09
2.5675e+03,9.9199e-09
2.5700e+03,9.9425e-09
2.5725e+03,9.9651e-09
2.5750e+03,9.9877e-09
2.5775e+03,1.0010e-08
2.5800e+03,1.0033e-08
2.5825e+03,1.0033e-08
2.5850e+03,1.0033e-08
2.5875e+03,1.0033e-08
2.5900e+03,1.0033e-08
2.5925e+03,1.0033e-08
2.5950e+03,1.0033e-08
2.5975e+03,1.0033e-08
2.6000e+03,1.0033e-08
2.6025e+03,9.9961e-09
2.6050e+03,9.9593e-09
2.6075e+03,9.9221e-09
2.6100e+03,9.8853e-09
2.6125e+03,9.8486e-09
2.6150e+03,9.8118e-09
2.6175e+03,9.7750e-09
2.6200e+03,9.7382e-09
2.6225e+03,9.7233e-09
2.6250e+03,9.7080e-09
2.6275e+03,9.6931e-09
2.6300e+03,9.6781e-09
2.6325e+03,9.6628e-09
2.6350e+03,9.6479e-09
2.6375e+03,9.6330e-09
2.6400e+03,9.6180e-09
2.6425e+03,9.6246e-09
2.6450e+03,9.6315e-09
2.6475e+03,9.6384e-09
2.6500e+03,9.6450e-09
2.6525e+03,9.6519e-09
2.6550e+03,9.6585e-09
2.6575e+03,9.6654e-09
2.6600e+03,9.6719e-09
2.6625e+03,9.6344e-09
2.6650e+03,9.5969e-09
2.6675e+03,9.5594e-09
2.6700e+03,9.5219e-09
2.6725e+03,9.4840e-09
2.6750e+03,9.4465e-09
2.6775e+03,9.4090e-09
2.6800e+03,9.3715e-09
2.6825e+03,9.3715e-09
2.6850e+03,9.3715e-09
2.6875e+03,9.3715e-09
2.6900e+03,9.3715e-09
2.6925e+03,9.3715e-09
2.6950e+03,9.3715e-09
2.6975e+03,9.3715e-09
2.7000e+03,9.3715e-09
2.7025e+03,9.3941e-09
2.7050e+03,9.4166e-09
2.7075e+03,9.4392e-09
2.7100e+03,9.4618e-09
2.7125e+03,9.4840e-09
2.7150e+03,9.5066e-09
2.7175e+03,9.5292e-09
2.7200e+03,9.5518e-09
2.7225e+03,9.5066e-09
2.7250e+03,9.4618e-09
2.7275e+03,9.4166e-09
2.7300e+03,9.3715e-09
2.7325e+03,9.3263e-09
2.7350e+03,9.2812e-09
2.7375e+03,9.2364e-09
2.7400e+03,9.1912e-09
2.7425e+03,9.1686e-09
2.7450e+03,9.1461e-09
2.7475e+03,9.1235e-09
2.7500e+03,9.1009e-09
2.7525e+03,9.0783e-09
2.7550e+03,9.0557e-09
2.7575e+03,9.0335e-09
2.7600e+03,9.0109e-09
2.7625e+03,8.9884e-09
2.7650e+03,8.9658e-09
2.7675e+03,8.9432e-09
2.7700e+03,8.9206e-09
2.7725e+03,8.8980e-09
2.7750e+03,8.8755e-09
2.7775e+03,8.8529e-09
2.7800e+03,8.8303e-09
2.7825e+03,8.7928e-09
2.7850e+03,8.7553e-09
2.7875e+03,8.7178e-09
2.7900e+03,8.6803e-09
2.7925e+03,8.6428e-09
2.7950e+03,8.6049e-09
2.7975e+03,8.5674e-09
2.8000e+03,8.5299e-09
2.8025e+03,8.5750e-09
2.8050e+03,8.6202e-09
2.8075e+03,8.6653e-09
2.8100e+03,8.7101e-09
2.8125e+03,8.7553e-09
2.8150e+03,8.8004e-09
2.8175e+03,8.8456e-09
2.8200e+03,8.8908e-09
2.8225e+03,8.8682e-09
2.8250e+03,8.8456e-09
2.8275e+03,8.8230e-09
2.8300e+03,8.8004e-09
2.8325e+03,8.7779e-09
2.8350e+03,8.7553e-09
2.8375e+03,8.7327e-09
2.8400e+03,8.7101e-09
2.8425e+03,8.6810e-09
2.8450e+03,8.6515e-09
2.8475e+03,8.6224e-09
2.8500e+03,8.5932e-09
2.8525e+03,8.5637e-09
2.8550e+03,8.5346e-09
2.8575e+03,8.5051e-09
2.8600e+03,8.4760e-09
2.8625e+03,8.4760e-09
2.8650e+03,8.4760e-09
2.8675e+03,8.4760e-09
2.8700e+03,8.4760e-09
2.8725e+03,8.4760e-09
2.8750e+03,8.4760e-09
2.8775e+03,8.4760e-09
2.8800e+03,8.4760e-09
2.8825e+03,8.4450e-09
2.8850e+03,8.4141e-09
2.8875e+03,8.3835e-09
2.8900e+03,8.3525e-09
2.8925e+03,8.3219e-09
2.8950e+03,8.2910e-09
2.8975e+03,8.2600e-09
2.9000e+03,8.2294e-09
2.9025e+03,8.2225e-09
2.9050e+03,8.2159e-09
2.9075e+03,8.2090e-09
2.9100e+03,8.2025e-09
2.9125e+03,8.1955e-09
2.9150e+03,8.1886e-09
2.9175e+03,8.1821e-09
2.9200e+03,8.1751e-09
2.9225e+03,8.1446e-09
2.9250e+03,8.1136e-09
2.9275e+03,8.0826e-09
2.9300e+03,8.0521e-09
2.9325e+03,8.0211e-09
2.9350e+03,7.9905e-09
2.9375e+03,7.9596e-09
2.9400e+03,7.9290e-09
2.9425e+03,7.9144e-09
2.9450e+03,7.9002e-09
2.9475e+03,7.8860e-09
2.9500e+03,7.8718e-09
2.9525e+03,7.8572e-09
2.9550e+03,7.8430e-09
2.9575e+03,7.8288e-09
2.9600e+03,7.8146e-09
2.9625e+03,7.8062e-09
2.9650e+03,7.7982e-09
2.9675e+03,7.7898e-09
2.9700e+03,7.7815e-09
2.9725e+03,7.7731e-09
2.9750e+03,7.7651e-09
2.9775e+03,7.7567e-09
2.9800e+03,7.7483e-09
2.9825e+03,7.7257e-09
2.9850e+03,7.7035e-09
2.9875e+03,7.6810e-09
2.9900e+03,7.6584e-09
2.9925e+03,7.6358e-09
2.9950e+03,7.6132e-09
2.9975e+03,7.5906e-09
3.0000e+03,7.5681e-09
3.0025e+03,7.5906e-09
3.0050e+03,7.6132e-09
3.0075e+03,7.6358e-09
3.0100e+03,7.6584e-09
3.0125e+03,7.6810e-09
3.0150e+03,7.7035e-09
3.0175e+03,7.7257e-09
3.0200e+03,7.7483e-09
3.0225e+03,7.7257e-09
3.0250e+03,7.7035e-09
3.0275e+03,7.6810e-09
3.0300e+03,7.6584e-09
3.0325e+03,7.6358e-09
3.0350e+03,7.6132e-09
3.0375e+03,7.5906e-09
3.0400e+03,7.5681e-09
3.0425e+03,7.5531e-09
3.0450e+03,7.5382e-09
3.0475e+03,7.5229e-09
3.0500e+03,7.5080e-09
3.0525e+03,7.4930e-09
3.0550e+03,7.4781e-09
3.0575e+03,7.4628e-09
3.0600e+03,7.4479e-09
3.0625e+03,7.4628e-09
3.0650e+03,7.4781e-09
3.0675e+03,7.4930e-09
3.0700e+03,7.5080e-09
3.0725e+03,7.5229e-09
3.0750e+03,7.5382e-09
3.0775e+03,7.5531e-09
3.0800e+03,7.5681e-09
3.0825e+03,7.5305e-09
3.0850e+03,7.4930e-09
3.0875e+03,7.4555e-09
3.0900e+03,7.4180e-09
3.0925e+03,7.3801e-09
3.0950e+03,7.3426e-09
3.0975e+03,7.3051e-09
3.1000e+03,7.2676e-09
3.1025e+03,7.2825e-09
3.1050e+03,7.2975e-09
3.1075e+03,7.3128e-09
3.1100e+03,7.3277e-09
3.1125e+03,7.3426e-09
3.1150e+03,7.3579e-09
3.1175e+03,7.3729e-09
3.1200e+03,7.3878e-09
3.1225e+03,7.3809e-09
3.1250e+03,7.3743e-09
3.1275e+03,7.3674e-09
3.1300e+03,7.3608e-09
3.1325e+03,7.3539e-09
3.1350e+03,7.3474e-09
3.1375e+03,7.3404e-09
3.1400e+03,7.3335e-09
3.1425e+03,7.3255e-09
3.1450e+03,7.3171e-09
3.1475e+03,7.3088e-09
3.1500e+03,7.3007e-09
3.1525e+03,7.2924e-09
3.1550e+03,7.2840e-09
3.1575e+03,7.2760e-09
3.1600e+03,7.2676e-09
3.1625e+03,7.2534e-09
3.1650e+03,7.2388e-09
3.1675e+03,7.2246e-09
3.1700e+03,7.2104e-09
3.1725e+03,7.1962e-09
3.1750e+03,7.1820e-09
3.1775e+03,7.1675e-09
3.1800e+03,7.1533e-09
3.1825e+03,7.1234e-09
3.1850e+03,7.0932e-09
3.1875e+03,7.0633e-09
3.1900e+03,7.0331e-09
3.1925e+03,7.0032e-09
3.1950e+03,6.9730e-09
3.1975e+03,6.9431e-09
3.2000e+03,6.9129e-09
3.2025e+03,6.9129e-09
3.2050e+03,6.9129e-09
3.2075e+03,6.9129e-09
3.2100e+03,6.9129e-09
3.2125e+03,6.9129e-09
3.2150e+03,6.9129e-09
3.2175e+03,6.9129e-09
3.2200e+03,6.9129e-09
3.2225e+03,6.9205e-09
3.2250e+03,6.9278e-09
3.2275e+03,6.9355e-09
3.2300e+03,6.9431e-09
3.2325e+03,6.9504e-09
3.2350e+03,6.9581e-09
3.2375e+03,6.9653e-09
3.2400e+03,6.9730e-09
3.2600e+03,7.0527e-09
3.2700e+03,6.8113e-09
3.2800e+03,6.7060e-09
3.2900e+03,6.5738e-09
3.3000e+03,6.6008e-09
3.3100e+03,6.4915e-09
3.3200e+03,6.5247e-09
3.3300e+03,6.5207e-09
3.3400e+03,6.4828e-09
3.3500e+03,6.4325e-09
3.3600e+03,6.3499e-09
3.3700e+03,6.3699e-09
3.3800e+03,6.3874e-09
3.3900e+03,6.3440e-09
3.4000e+03,6.3171e-09
3.4100e+03,6.2344e-09
3.4200e+03,6.1383e-09
3.4300e+03,6.0593e-09
3.4400e+03,6.0727e-09
3.4500e+03,6.0126e-09
3.4600e+03,6.0163e-09
3.4700e+03,5.9744e-09
3.4800e+03,5.9292e-09
3.4900e+03,5.8910e-09
3.5000e+03,5.8939e-09
3.5100e+03,5.8382e-09
3.5200e+03,5.7850e-09
3.5300e+03,5.8003e-09
3.5400e+03,5.8291e-09
3.5500e+03,5.7548e-09
3.5600e+03,5.7304e-09
3.5700e+03,5.6973e-09
3.5800e+03,5.6597e-09
3.5900e+03,5.5596e-09
3.6000e+03,5.5163e-09
3.6100e+03,5.5050e-09
3.6200e+03,5.4879e-09
3.6300e+03,5.4777e-09
3.6400e+03,5.4467e-09
3.6500e+03,5.4449e-09
3.6600e+03,5.4525e-09
3.6700e+03,5.3677e-09
3.6800e+03,5.2621e-09
3.6900e+03,5.2970e-09
3.7000e+03,5.3025e-09
3.7100e+03,5.4868e-09
3.7200e+03,5.7278e-09
3.7300e+03,5.9744e-09
3.7400e+03,6.2694e-09
3.7500e+03,6.6820e-09
3.7600e+03,6.9879e-09
3.7700e+03,7.0702e-09
3.7800e+03,7.9643e-09
3.7900e+03,7.9224e-09
3.8000e+03,7.4133e-09
3.8100e+03,8.8001e-09
3.8200e+03,9.1643e-09
3.8300e+03,7.6238e-09
3.8400e+03,7.4293e-09
3.8500e+03,9.0292e-09
3.8600e+03,9.8227e-09
3.8700e+03,9.5394e-09
3.8800e+03,8.0939e-09
3.8900e+03,6.8965e-09
3.9000e+03,8.1263e-09
3.9100e+03,9.3169e-09
3.9200e+03,9.4888e-09
3.9300e+03,9.5113e-09
3.9400e+03,9.5547e-09
3.9500e+03,9.3522e-09
3.9600e+03,7.8401e-09
3.9700e+03,6.7796e-09
3.9800e+03,8.0779e-09
3.9900e+03,9.4192e-09
4.0000e+03,9.6581e-09
4.0100e+03,9.5419e-09
4.0200e+03,9.3802e-09
4.0300e+03,9.2935e-09
4.0400e+03,9.4811e-09
4.0500e+03,9.4279e-09
4.0600e+03,9.3150e-09
4.0700e+03,9.0656e-09
4.0800e+03,8.8642e-09
4.0900e+03,7.7075e-09
4.1000e+03,6.4529e-09
4.1100e+03,7.1820e-09
4.1200e+03,8.5262e-09
4.1300e+03,8.7848e-09
4.1400e+03,8.8565e-09
4.1500e+03,8.8139e-09
4.1600e+03,8.7090e-09
4.1700e+03,8.6988e-09
4.1800e+03,8.6825e-09
4.1900e+03,8.6526e-09
4.2000e+03,8.6052e-09
4.2100e+03,8.5892e-09
4.2200e+03,8.4876e-09
4.2300e+03,8.3379e-09
4.2400e+03,8.2986e-09
4.2500e+03,8.3019e-09
4.2600e+03,8.2327e-09
4.2700e+03,8.1642e-09
4.2800e+03,8.1030e-09
4.2900e+03,8.0295e-09
4.3000e+03,7.9035e-09
4.3100e+03,7.6912e-09
4.3200e+03,7.3408e-09
4.3300e+03,6.2905e-09
4.3400e+03,5.5356e-09
4.3500e+03,6.4344e-09
4.3600e+03,7.3841e-09
4.3700e+03,7.5673e-09
4.3800e+03,7.4187e-09
4.3900e+03,7.2949e-09
4.4000e+03,7.2844e-09
4.4100e+03,7.3015e-09
4.4200e+03,7.1962e-09
4.4300e+03,7.1471e-09
4.4400e+03,7.0651e-09
4.4500e+03,7.0666e-09
4.4600e+03,6.9744e-09
4.4700e+03,6.7421e-09
4.4800e+03,6.5975e-09
4.4900e+03,6.7195e-09
4.5000e+03,6.7599e-09
4.5100e+03,6.6977e-09
4.5200e+03,6.5724e-09
4.5300e+03,6.6277e-09
4.5400e+03,6.5516e-09
4.5500e+03,6.4172e-09
4.5600e+03,6.4154e-09
4.5700e+03,6.4861e-09
4.5800e+03,6.4376e-09
4.5900e+03,6.3994e-09
4.6000e+03,6.3918e-09
4.6100e+03,6.3637e-09
4.6200e+03,6.4234e-09
4.6300e+03,6.2992e-09
4.6400e+03,6.2672e-09
4.6500e+03,6.2151e-09
4.6600e+03,6.1532e-09
4.6700e+03,6.1019e-09
4.6800e+03,6.0855e-09
4.6900e+03,6.0895e-09
4.7000e+03,5.9944e-09
4.7100e+03,5.9351e-09
4.7200e+03,5.8804e-09
4.7300e+03,5.9136e-09
4.7400e+03,5.8986e-09
4.7500e+03,5.8881e-09
4.7600e+03,5.7868e-09
4.7700e+03,5.7628e-09
4.7800e+03,5.7715e-09
4.7900e+03,5.6907e-09
4.8000e+03,5.6244e-09
4.8100e+03,5.5869e-09
4.8200e+03,5.5126e-09
4.8300e+03,5.4147e-09
4.8400e+03,5.2111e-09
4.8500e+03,4.4452e-09
4.8600e+03,3.8873e-09
4.8700e+03,4.3210e-09
4.8800e+03,5.0210e-09
4.8900e+03,5.2282e-09
4.9000e+03,5.2337e-09
4.9100e+03,5.1768e-09
4.9200e+03,5.1153e-09
4.9300e+03,5.1350e-09
4.9400e+03,5.1987e-09
4.9500e+03,5.1197e-09
4.9600e+03,5.0818e-09
4.9700e+03,5.0527e-09
4.9800e+03,4.9969e-09
4.9900e+03,4.9769e-09
5.0000e+03,4.9791e-09
5.0100e+03,4.9114e-09
5.0200e+03,4.8917e-09
5.0300e+03,4.8549e-09
5.0400e+03,4.7970e-09
5.0500e+03,4.7995e-09
5.0600e+03,4.7635e-09
5.0700e+03,4.7154e-09
5.0800e+03,4.7096e-09
5.0900e+03,4.6025e-09
5.1000e+03,4.6222e-09
5.1100e+03,4.5748e-09
5.1200e+03,4.5610e-09
5.1300e+03,4.5643e-09
5.1400e+03,4.5257e-09
5.1500e+03,4.5290e-09
5.1600e+03,4.4743e-09
5.1700e+03,4.4248e-09
5.1800e+03,4.3913e-09
5.1900e+03,4.3338e-09
5.2000e+03,4.3094e-09
5.2100e+03,4.3086e-09
5.2200e+03,4.2522e-09
5.2300e+03,4.2078e-09
5.2400e+03,4.1724e-09
5.2500e+03,4.1644e-09
5.2600e+03,4.1721e-09
5.2700e+03,4.1171e-09
5.2800e+03,4.1094e-09
5.2900e+03,4.0821e-09
5.3000e+03,4.0628e-09
5.3100e+03,4.0126e-09
5.3200e+03,3.9860e-09
5.3300e+03,3.9597e-09
5.3400e+03,3.9448e-09
5.3500e+03,3.9186e-09
5.3600e+03,3.9193e-09
5.3700e+03,3.8330e-09
5.3800e+03,3.8224e-09
5.3900e+03,3.8082e-09
5.4000e+03,3.7868e-09
5.4100e+03,3.7729e-09
5.4200e+03,3.6990e-09
5.4300e+03,3.6822e-09
5.4400e+03,3.6673e-09
5.4500e+03,3.6120e-09
5.4600e+03,3.6280e-09
5.4700e+03,3.5795e-09
5.4800e+03,3.5493e-09
5.4900e+03,3.5625e-09
5.5000e+03,3.5283e-09
5.5100e+03,3.5237e-09
5.5200e+03,3.4942e-09
5.5300e+03,3.4769e-09
5.5400e+03,3.4630e-09
5.5500e+03,3.4558e-09
5.5600e+03,3.4208e-09
5.5700e+03,3.4293e-09
5.5800e+03,3.3827e-09
5.5900e+03,3.3898e-09
5.6000e+03,3.3360e-09
5.6100e+03,3.3155e-09
5.6200e+03,3.2585e-09
5.6300e+03,3.2872e-09
5.6400e+03,3.2708e-09
5.6500e+03,3.2544e-09
5.6600e+03,3.2378e-09
5.6700e+03,3.2213e-09
5.6800e+03,3.2053e-09
5.6900e+03,3.1893e-09
5.7000e+03,3.1734e-09
5.7100e+03,3.1576e-09
5.7200e+03,3.1419e-09
5.7300e+03,3.1264e-09
5.7400e+03,3.1108e-09
5.7600e+03,3.0217e-09
5.7800e+03,3.0728e-09
5.8000e+03,3.0400e-09
5.8200e+03,3.0153e-09
5.8400e+03,2.9736e-09
5.8600e+03,2.9381e-09
5.8800e+03,2.9024e-09
5.9000e+03,2.8746e-09
5.9200e+03,2.8664e-09
5.9400e+03,2.8370e-09
5.9600e+03,2.7812e-09
5.9800e+03,2.7617e-09
6.0000e+03,2.7430e-09
6.0200e+03,2.7110e-09
6.0400e+03,2.6826e-09
6.0600e+03,2.6614e-09
6.0800e+03,2.6504e-09
6.1000e+03,2.6290e-09
6.1200e+03,2.6036e-09
6.1400e+03,2.5558e-09
6.1600e+03,2.5283e-09
6.1800e+03,2.4952e-09
6.2000e+03,2.4771e-09
6.2200e+03,2.4541e-09
6.2400e+03,2.4326e-09
6.2600e+03,2.4046e-09
6.2800e+03,2.3617e-09
6.3000e+03,2.3368e-09
6.3200e+03,2.3346e-09
6.3400e+03,2.3023e-09
6.3600e+03,2.2706e-09
6.3800e+03,2.2502e-09
6.4000e+03,2.2279e-09
6.4200e+03,2.2001e-09
6.4400e+03,2.1646e-09
6.4600e+03,2.1385e-09
6.4800e+03,2.1160e-09
6.5000e+03,2.1499e-09
6.5200e+03,2.1185e-09
6.5400e+03,1.9357e-09
6.5600e+03,1.8422e-09
6.5800e+03,2.0119e-09
6.6000e+03,2.0730e-09
6.6200e+03,2.1032e-09
6.6400e+03,2.0369e-09
6.6600e+03,2.0176e-09
6.6800e+03,1.9833e-09
6.7000e+03,1.9422e-09
6.7200e+03,1.9236e-09
6.7400e+03,1.8964e-09
6.7600e+03,1.8452e-09
6.7800e+03,1.8199e-09
6.8000e+03,1.8155e-09
6.8200e+03,1.7979e-09
6.8400e+03,1.8083e-09
6.8600e+03,1.7719e-09
6.8800e+03,1.7323e-09
6.9000e+03,1.7354e-09
6.9200e+03,1.7751e-09
6.9400e+03,1.7138e-09
6.9600e+03,1.7247e-09
6.9800e+03,1.6983e-09
7.0000e+03,1.6592e-09
7.0200e+03,1.6704e-09
7.0400e+03,1.6444e-09
7.0600e+03,1.6261e-09
7.0800e+03,1.6326e-09
7.1000e+03,1.5930e-09
7.1200e+03,1.5765e-09
7.1400e+03,1.5254e-09
7.1600e+03,1.5245e-09
7.1800e+03,1.5283e-09
7.2000e+03,1.5123e-09
7.2200e+03,1.5135e-09
7.2400e+03,1.4802e-09
7.2600e+03,1.4636e-09
7.2800e+03,1.4671e-09
7.3000e+03,1.4797e-09
7.3200e+03,1.4572e-09
7.3400e+03,1.4410e-09
7.3600e+03,1.4164e-09
7.3800e+03,1.4188e-09
7.4000e+03,1.4119e-09
7.4200e+03,1.3768e-09
7.4400e+03,1.3643e-09
7.4600e+03,1.3404e-09
7.4800e+03,1.3266e-09
7.5000e+03,1.3238e-09
7.5200e+03,1.3258e-09
7.5400e+03,1.3403e-09
7.5600e+03,1.3366e-09
7.5800e+03,1.2502e-09
7.6000e+03,1.0449e-09
7.6200e+03,1.2747e-09
7.6400e+03,1.2735e-09
7.6600e+03,1.2758e-09
7.6800e+03,1.1840e-09
7.7000e+03,1.2482e-09
7.7200e+03,1.2416e-09
7.7400e+03,1.2448e-09
7.7600e+03,1.2219e-09
7.7800e+03,1.2173e-09
7.8000e+03,1.2145e-09
7.8200e+03,1.1933e-09
7.8400e+03,1.1626e-09
7.8600e+03,1.1374e-09
7.8800e+03,1.1154e-09
7.9000e+03,1.1160e-09
7.9200e+03,1.1031e-09
7.9400e+03,1.1116e-09
7.9600e+03,1.1010e-09
7.9800e+03,1.0953e-09
8.0000e+03,1.0956e-09
8.0200e+03,1.0915e-09
8.0400e+03,1.0989e-09
8.0600e+03,1.0961e-09
8.0800e+03,1.0744e-09
8.1000e+03,1.0523e-09
8.1200e+03,1.0740e-09
8.1400e+03,1.0325e-09
8.1600e+03,1.0105e-09
8.1800e+03,1.0017e-09
8.2000e+03,1.0083e-09
8.2200e+03,9.6231e-10
8.2400e+03,9.4403e-10
8.2600e+03,9.8511e-10
8.2800e+03,9.5827e-10
8.3000e+03,9.8988e-10
8.3200e+03,9.6530e-10
8.3400e+03,9.5252e-10
8.3600e+03,9.5918e-10
8.3800e+03,9.6781e-10
8.4000e+03,9.7109e-10
8.4200e+03,9.4818e-10
8.4400e+03,9.2043e-10
8.4600e+03,9.2553e-10
8.4800e+03,9.1133e-10
8.5000e+03,9.3118e-10
8.5200e+03,9.0940e-10
8.5400e+03,9.0007e-10
8.5600e+03,9.2189e-10
8.5800e+03,8.6919e-10
8.6000e+03,8.5987e-10
8.6200e+03,8.8081e-10
8.6400e+03,8.7032e-10
8.6600e+03,8.5062e-10
8.6800e+03,9.1333e-10
8.7000e+03,9.4698e-10
8.7200e+03,8.9035e-10
8.7400e+03,8.2884e-10
8.7600e+03,8.7174e-10
8.7800e+03,9.0055e-10
8.8000e+03,9.3234e-10
8.8200e+03,8.9130e-10
8.8400e+03,7.8401e-10
8.8600e+03,7.6606e-10
8.8800e+03,8.2432e-10
8.9000e+03,8.6916e-10
8.9200e+03,8.6169e-10
8.9400e+03,8.5091e-10
8.9600e+03,8.3070e-10
8.9800e+03,7.6555e-10
9.0000e+03,7.0003e-10
9.0200e+03,7.3667e-10
9.0400e+03,8.3350e-10
9.0600e+03,8.1923e-10
9.0800e+03,8.0848e-10
9.1000e+03,8.2283e-10
9.1200e+03,8.1737e-10
9.1400e+03,8.0364e-10
9.1600e+03,7.7818e-10
9.1800e+03,7.9497e-10
9.2000e+03,7.1780e-10
9.2200e+03,6.7497e-10
9.2400e+03,6.9373e-10
9.2600e+03,7.2275e-10
9.2800e+03,7.7112e-10
9.3000e+03,7.3077e-10
9.3200e+03,6.9657e-10
9.3400e+03,7.3889e-10
9.3600e+03,7.1959e-10
9.3800e+03,7.6030e-10
9.4000e+03,7.7447e-10
9.4200e+03,6.6503e-10
9.4400e+03,6.7909e-10
9.4600e+03,7.0808e-10
9.4800e+03,7.1478e-10
9.5000e+03,6.5990e-10
9.5200e+03,6.4187e-10
9.5400e+03,6.1416e-10
9.5600e+03,6.4784e-10
9.5800e+03,6.9497e-10
9.6000e+03,6.8262e-10
9.6200e+03,6.6165e-10
9.6400e+03,6.6667e-10
9.6600e+03,6.7883e-10
9.6800e+03,6.6219e-10
9.7000e+03,6.5148e-10
9.7200e+03,6.6565e-10
9.7400e+03,6.5498e-10
9.7600e+03,6.3287e-10
9.7800e+03,6.2563e-10
9.8000e+03,6.2024e-10
9.8200e+03,6.2676e-10
9.8400e+03,6.2960e-10
9.8600e+03,6.4005e-10
9.8800e+03,6.2282e-10
9.9000e+03,6.0141e-10
9.9200e+03,5.8815e-10
9.9400e+03,5.8138e-10
9.9600e+03,5.8739e-10
9.9800e+03,5.8036e-10
1.0000e+04,5.4678e-10
1.0020e+04,5.0111e-10
1.0040e+04,4.6637e-10
1.0060e+04,5.0854e-10
1.0080e+04,5.1659e-10
1.0100e+04,5.4391e-10
1.0120e+04,5.4387e-10
1.0140e+04,5.3484e-10
1.0160e+04,5.2169e-10
1.0180e+04,5.1018e-10
1.0200e+04,5.4543e-10
1.0220e+04,5.1736e-10
1.0240e+04,5.2282e-10
1.0260e+04,5.1827e-10
1.0280e+04,4.8443e-10
1.0300e+04,4.9744e-10
1.0320e+04,4.9019e-10
1.0340e+04,4.7923e-10
1.0360e+04,4.7282e-10
1.0380e+04,4.8414e-10
1.0400e+04,4.4321e-10
1.0420e+04,4.4190e-10
1.0440e+04,4.6448e-10
1.0460e+04,4.4193e-10
1.0480e+04,4.6313e-10
1.0500e+04,4.6987e-10
1.0520e+04,4.2864e-10
1.0540e+04,4.4335e-10
1.0560e+04,4.3487e-10
1.0580e+04,4.1968e-10
1.0600e+04,4.2857e-10
1.0800e+04,3.9849e-10
1.1000e+04,3.7176e-10
1.1200e+04,3.4787e-10
1.1400e+04,3.2640e-10
1.1600e+04,3.0696e-10
1.1800e+04,2.8927e-10
1.2000e+04,2.7306e-10
1.2200e+04,2.5810e-10
1.2400e+04,2.4422e-10
1.2600e+04,2.3096e-10
1.2800e+04,2.1886e-10
1.3000e+04,2.0753e-10
1.3200e+04,1.9691e-10
1.3400e+04,1.8696e-10
1.3600e+04,1.7763e-10
1.3800e+04,1.6886e-10
1.4000e+04,1.6062e-10
1.4200e+04,1.5288e-10
1.4400e+04,1.4559e-10
1.4600e+04,1.3873e-10
1.4800e+04,1.3226e-10
1.5000e+04,1.2617e-10
1.5200e+04,1.2042e-10
1.5400e+04,1.1499e-10
1.5600e+04,1.0987e-10
1.5800e+04,1.0501e-10
1.6000e+04,1.0043e-10
1.6200e+04,9.6089e-11
1.6400e+04,9.1985e-11
1.6600e+04,8.8096e-11
1.6800e+04,8.4403e-11
1.7000e+04,8.0907e-11
1.7200e+04,7.7582e-11
1.7400e+04,7.4431e-11
1.7600e+04,7.1434e-11
1.7800e+04,6.8586e-11
1.8000e+04,6.5880e-11
1.8200e+04,6.3306e-11
1.8400e+04,6.0851e-11
1.8600e+04,5.8517e-11
1.8800e+04,5.6295e-11
1.9000e+04,5.4176e-11
1.9200e+04,5.2151e-11
1.9400e+04,5.0228e-11
1.9600e+04,4.8385e-11
1.9800e+04,4.6630e-11
2.0000e+04,4.4951e-11
2.0200e+04,4.3345e-11
2.0400e+04,4.1812e-11
2.0600e+04,4.0348e-11
2.0800e+04,3.8946e-11
2.1000e+04,3.7602e-11
2.1200e+04,3.6315e-11
2.1400e+04,3.5086e-11
2.1600e+04,3.3906e-11
2.1800e+04,3.2776e-11
2.2000e+04,3.1691e-11
2.2200e+04,3.0652e-11
2.2400e+04,2.9654e-11
2.2600e+04,2.8698e-11
2.2800e+04,2.7778e-11
2.3000e+04,2.6894e-11
2.3200e+04,2.6047e-11
2.3400e+04,2.5233e-11
2.3600e+04,2.4450e-11
2.3800e+04,2.3695e-11
2.4000e+04,2.2972e-11
2.4200e+04,2.2275e-11
2.4400e+04,2.1603e-11
2.4600e+04,2.0957e-11
2.4800e+04,2.0334e-11
2.5000e+04,1.9736e-11
2.5200e+04,1.9159e-11
2.5400e+04,1.8602e-11
2.5600e+04,1.8066e-11
