# wavelength, f_lambda
2.2900e+02,0.0000e+00
2.3400e+02,0.0000e+00
2.4300e+02,0.0000e+00
2.5200e+02,0.0000e+00
2.5600e+02,0.0000e+00
2.6000e+02,0.0000e+00
2.6600e+02,0.0000e+00
2.7500e+02,0.0000e+00
2.8300e+02,0.0000e+00
2.9300e+02,0.0000e+00
3.0100e+02,0.0000e+00
3.0900e+02,0.0000e+00
3.2500e+02,0.0000e+00
3.4200e+02,0.0000e+00
3.5100e+02,0.0000e+00
3.5600e+02,0.0000e+00
3.6500e+02,0.0000e+00
3.7500e+02,0.0000e+00
3.8400e+02,0.0000e+00
4.0000e+02,0.0000e+00
4.1500e+02,0.0000e+00
4.2500e+02,0.0000e+00
4.4500e+02,0.0000e+00
4.7200e+02,0.0000e+00
4.9400e+02,0.0000e+00
5.0600e+02,4.9927e-24
5.1600e+02,1.0577e-23
5.4000e+02,5.6034e-23
5.6400e+02,2.6171e-22
5.8700e+02,1.0428e-21
6.1200e+02,4.2836e-21
6.4000e+02,1.8712e-20
6.7100e+02,8.5283e-20
7.0500e+02,3.9248e-19
7.3600e+02,1.4084e-18
7.7000e+02,5.1008e-18
8.1000e+02,2.0184e-17
8.5000e+02,6.9938e-17
8.9000e+02,2.1544e-16
9.2000e+02,2.8703e-14
9.4000e+02,1.2230e-13
9.6200e+02,2.0640e-13
9.8700e+02,3.7042e-13
1.0120e+03,5.3785e-13
1.0370e+03,7.3367e-13
1.0620e+03,1.1094e-12
1.0870e+03,1.5239e-12
1.1120e+03,4.2320e-11
1.1200e+03,4.6673e-11
1.1400e+03,4.2858e-11
1.1600e+03,4.0387e-11
1.1800e+03,2.3345e-11
1.2000e+03,1.1582e-11
1.2200e+03,1.0975e-11
1.2400e+03,1.9164e-10
1.2600e+03,8.4756e-10
1.2800e+03,3.9426e-09
1.3000e+03,6.1596e-09
1.3200e+03,9.3964e-09
1.3400e+03,1.1118e-08
1.3600e+03,1.1309e-08
1.3800e+03,1.2392e-08
1.4000e+03,1.3054e-08
1.4200e+03,1.4588e-08
1.4400e+03,1.4992e-08
1.4600e+03,1.6715e-08
1.4800e+03,1.5910e-08
1.5000e+03,1.8533e-08
1.5200e+03,1.8651e-08
1.5400e+03,1.8982e-08
1.5600e+03,1.8439e-08
1.5800e+03,1.8059e-08
1.6000e+03,1.7350e-08
1.6200e+03,1.6101e-08
1.6400e+03,1.5580e-08
1.6600e+03,1.4496e-08
1.6800e+03,1.5724e-08
1.7000e+03,1.5462e-08
1.7200e+03,1.5249e-08
1.7400e+03,1.5414e-08
1.7600e+03,1.5532e-08
1.7800e+03,1.5698e-08
1.8000e+03,1.5863e-08
1.8200e+03,1.5367e-08
1.8400e+03,1.5084e-08
1.8600e+03,1.5249e-08
1.8800e+03,1.5037e-08
1.9000e+03,1.4496e-08
1.9200e+03,1.4166e-08
1.9400e+03,1.3927e-08
1.9600e+03,1.3596e-08
1.9800e+03,1.3009e-08
2.0000e+03,1.2440e-08
2.0025e+03,1.2390e-08
2.0050e+03,1.2340e-08
2.0075e+03,1.2290e-08
2.0100e+03,1.2240e-08
2.0125e+03,1.2190e-08
2.0150e+03,1.2140e-08
2.0175e+03,1.2091e-08
2.0200e+03,1.2041e-08
2.0225e+03,1.2020e-08
2.0250e+03,1.1999e-08
2.0275e+03,1.1979e-08
2.0300e+03,1.1958e-08
2.0325e+03,1.1937e-08
2.0350e+03,1.1917e-08
2.0375e+03,1.1896e-08
2.0400e+03,1.1875e-08
2.0425e+03,1.1843e-08
2.0450e+03,1.1810e-08
2.0475e+03,1.1777e-08
2.0500e+03,1.1744e-08
2.0525e+03,1.1712e-08
2.0550e+03,1.1679e-08
2.0575e+03,1.1646e-08
2.0600e+03,1.1613e-08
2.0625e+03,1.1596e-08
2.0650e+03,1.1578e-08
2.0675e+03,1.1561e-08
2.0700e+03,1.1544e-08
2.0725e+03,1.1526e-08
2.0750e+03,1.1509e-08
2.0775e+03,1.1491e-08
2.0800e+03,1.1474e-08
2.0825e+03,1.1459e-08
2.0850e+03,1.1445e-08
2.0875e+03,1.1430e-08
2.0900e+03,1.1415e-08
2.0925e+03,1.1400e-08
2.0950e+03,1.1386e-08
2.0975e+03,1.1371e-08
2.1000e+03,1.1356e-08
2.1025e+03,1.1291e-08
2.1050e+03,1.1225e-08
2.1075e+03,1.1160e-08
2.1100e+03,1.1095e-08
2.1125e+03,1.1030e-08
2.1150e+03,1.0965e-08
2.1175e+03,1.0899e-08
2.1200e+03,1.0834e-08
2.1225e+03,1.0790e-08
2.1250e+03,1.0746e-08
2.1275e+03,1.0702e-08
2.1300e+03,1.0658e-08
2.1325e+03,1.0614e-08
2.1350e+03,1.0570e-08
2.1375e+03,1.0527e-08
2.1400e+03,1.0483e-08
2.1425e+03,1.0503e-08
2.1450e+03,1.0524e-08
2.1475e+03,1.0544e-08
2.1500e+03,1.0565e-08
2.1525e+03,1.0586e-08
2.1550e+03,1.0606e-08
2.1575e+03,1.0627e-08
2.1600e+03,1.0648e-08
2.1625e+03,1.0597e-08
2.1650e+03,1.0547e-08
2.1675e+03,1.0496e-08
2.1700e+03,1.0446e-08
2.1725e+03,1.0396e-08
2.1750e+03,1.0345e-08
2.1775e+03,1.0294e-08
2.1800e+03,1.0244e-08
2.1825e+03,1.0221e-08
2.1850e+03,1.0198e-08
2.1875e+03,1.0174e-08
2.1900e+03,1.0151e-08
2.1925e+03,1.0127e-08
2.1950e+03,1.0104e-08
2.1975e+03,1.0081e-08
2.2000e+03,1.0057e-08
2.2025e+03,1.0019e-08
2.2050e+03,9.9802e-09
2.2075e+03,9.9417e-09
2.2100e+03,9.9027e-09
2.2125e+03,9.8641e-09
2.2150e+03,9.8256e-09
2.2175e+03,9.7870e-09
2.2200e+03,9.7484e-09
2.2225e+03,9.7484e-09
2.2250e+03,9.7484e-09
2.2275e+03,9.7484e-09
2.2300e+03,9.7484e-09
2.2325e+03,9.7484e-09
2.2350e+03,9.7484e-09
2.2375e+03,9.7484e-09
2.2400e+03,9.7484e-09
2.2425e+03,9.6836e-09
2.2450e+03,9.6188e-09
2.2475e+03,9.5544e-09
2.2500e+03,9.4896e-09
2.2525e+03,9.4252e-09
2.2550e+03,9.3604e-09
2.2575e+03,9.2956e-09
2.2600e+03,9.2312e-09
2.2625e+03,9.2694e-09
2.2650e+03,9.3080e-09
2.2675e+03,9.3462e-09
2.2700e+03,9.3848e-09
2.2725e+03,9.4230e-09
2.2750e+03,9.4612e-09
2.2775e+03,9.4998e-09
2.2800e+03,9.5380e-09
2.2825e+03,9.5173e-09
2.2850e+03,9.4969e-09
2.2875e+03,9.4761e-09
2.2900e+03,9.4554e-09
2.2925e+03,9.4346e-09
2.2950e+03,9.4143e-09
2.2975e+03,9.3935e-09
2.3000e+03,9.3728e-09
2.3025e+03,9.3578e-09
2.3050e+03,9.3429e-09
2.3075e+03,9.3276e-09
2.3100e+03,9.3127e-09
2.3125e+03,9.2974e-09
2.3150e+03,9.2825e-09
2.3175e+03,9.2676e-09
2.3200e+03,9.2523e-09
2.3225e+03,9.2083e-09
2.3250e+03,9.1638e-09
2.3275e+03,9.1194e-09
2.3300e+03,9.0754e-09
2.3325e+03,9.0310e-09
2.3350e+03,8.9870e-09
2.3375e+03,8.9426e-09
2.3400e+03,8.8981e-09
2.3425e+03,8.8956e-09
2.3450e+03,8.8930e-09
2.3475e+03,8.8901e-09
2.3500e+03,8.8876e-09
2.3525e+03,8.8850e-09
2.3550e+03,8.8825e-09
2.3575e+03,8.8796e-09
2.3600e+03,8.8770e-09
2.3625e+03,8.8264e-09
2.3650e+03,8.7762e-09
2.3675e+03,8.7256e-09
2.3700e+03,8.6750e-09
2.3725e+03,8.6248e-09
2.3750e+03,8.5742e-09
2.3775e+03,8.5240e-09
2.3800e+03,8.4734e-09
2.3825e+03,8.4646e-09
2.3850e+03,8.4563e-09
2.3875e+03,8.4475e-09
2.3900e+03,8.4392e-09
2.3925e+03,8.4304e-09
2.3950e+03,8.4221e-09
2.3975e+03,8.4133e-09
2.4000e+03,8.4050e-09
2.4025e+03,8.4432e-09
2.4050e+03,8.4814e-09
2.4075e+03,8.5200e-09
2.4100e+03,8.5582e-09
2.4125e+03,8.5968e-09
2.4150e+03,8.6350e-09
2.4175e+03,8.6736e-09
2.4200e+03,8.7118e-09
2.4225e+03,8.7263e-09
2.4250e+03,8.7413e-09
2.4275e+03,8.7562e-09
2.4300e+03,8.7708e-09
2.4325e+03,8.7857e-09
2.4350e+03,8.8002e-09
2.4375e+03,8.8152e-09
2.4400e+03,8.8297e-09
2.4425e+03,8.8093e-09
2.4450e+03,8.7886e-09
2.4475e+03,8.7678e-09
2.4500e+03,8.7471e-09
2.4525e+03,8.7263e-09
2.4550e+03,8.7060e-09
2.4575e+03,8.6852e-09
2.4600e+03,8.6645e-09
2.4625e+03,8.6528e-09
2.4650e+03,8.6408e-09
2.4675e+03,8.6292e-09
2.4700e+03,8.6172e-09
2.4725e+03,8.6055e-09
2.4750e+03,8.5939e-09
2.4775e+03,8.5818e-09
2.4800e+03,8.5702e-09
2.4825e+03,8.5935e-09
2.4850e+03,8.6168e-09
2.4875e+03,8.6401e-09
2.4900e+03,8.6634e-09
2.4925e+03,8.6867e-09
2.4950e+03,8.7100e-09
2.4975e+03,8.7333e-09
2.5000e+03,8.7566e-09
2.5025e+03,8.7304e-09
2.5050e+03,8.7041e-09
2.5075e+03,8.6779e-09
2.5100e+03,8.6514e-09
2.5125e+03,8.6252e-09
2.5150e+03,8.5990e-09
2.5175e+03,8.5727e-09
2.5200e+03,8.5465e-09
2.5225e+03,8.4847e-09
2.5250e+03,8.4224e-09
2.5275e+03,8.3606e-09
2.5300e+03,8.2987e-09
2.5325e+03,8.2368e-09
2.5350e+03,8.1746e-09
2.5375e+03,8.1127e-09
2.5400e+03,8.0508e-09
2.5425e+03,8.0770e-09
2.5450e+03,8.1032e-09
2.5475e+03,8.1294e-09
2.5500e+03,8.1556e-09
2.5525e+03,8.1822e-09
2.5550e+03,8.2084e-09
2.5575e+03,8.2346e-09
2.5600e+03,8.2608e-09
2.5625e+03,8.3023e-09
2.5650e+03,8.3434e-09
2.5675e+03,8.3849e-09
2.5700e+03,8.4261e-09
2.5725e+03,8.4676e-09
2.5750e+03,8.5087e-09
2.5775e+03,8.5502e-09
2.5800e+03,8.5913e-09
2.5825e+03,8.5829e-09
2.5850e+03,8.5742e-09
2.5875e+03,8.5658e-09
2.5900e+03,8.5571e-09
2.5925e+03,8.5487e-09
2.5950e+03,8.5400e-09
2.5975e+03,8.5316e-09
2.6000e+03,8.5229e-09
2.6025e+03,8.5287e-09
2.6050e+03,8.5349e-09
2.6075e+03,8.5407e-09
2.6100e+03,8.5465e-09
2.6125e+03,8.5524e-09
2.6150e+03,8.5582e-09
2.6175e+03,8.5644e-09
2.6200e+03,8.5702e-09
2.6225e+03,8.5757e-09
2.6250e+03,8.5815e-09
2.6275e+03,8.5869e-09
2.6300e+03,8.5924e-09
2.6325e+03,8.5982e-09
2.6350e+03,8.6037e-09
2.6375e+03,8.6095e-09
2.6400e+03,8.6150e-09
2.6425e+03,8.6150e-09
2.6450e+03,8.6150e-09
2.6475e+03,8.6150e-09
2.6500e+03,8.6150e-09
2.6525e+03,8.6150e-09
2.6550e+03,8.6150e-09
2.6575e+03,8.6150e-09
2.6600e+03,8.6150e-09
2.6625e+03,8.5942e-09
2.6650e+03,8.5735e-09
2.6675e+03,8.5531e-09
2.6700e+03,8.5323e-09
2.6725e+03,8.5116e-09
2.6750e+03,8.4909e-09
2.6775e+03,8.4705e-09
2.6800e+03,8.4497e-09
2.6825e+03,8.4381e-09
2.6850e+03,8.4268e-09
2.6875e+03,8.4151e-09
2.6900e+03,8.4039e-09
2.6925e+03,8.3922e-09
2.6950e+03,8.3806e-09
2.6975e+03,8.3693e-09
2.7000e+03,8.3576e-09
2.7025e+03,8.3606e-09
2.7050e+03,8.3635e-09
2.7075e+03,8.3664e-09
2.7100e+03,8.3693e-09
2.7125e+03,8.3722e-09
2.7150e+03,8.3755e-09
2.7175e+03,8.3784e-09
2.7200e+03,8.3813e-09
2.7225e+03,8.3547e-09
2.7250e+03,8.3282e-09
2.7275e+03,8.3016e-09
2.7300e+03,8.2750e-09
2.7325e+03,8.2484e-09
2.7350e+03,8.2219e-09
2.7375e+03,8.1953e-09
2.7400e+03,8.1687e-09
2.7425e+03,8.1334e-09
2.7450e+03,8.0981e-09
2.7475e+03,8.0625e-09
2.7500e+03,8.0271e-09
2.7525e+03,7.9918e-09
2.7550e+03,7.9562e-09
2.7575e+03,7.9209e-09
2.7600e+03,7.8856e-09
2.7625e+03,7.8968e-09
2.7650e+03,7.9085e-09
2.7675e+03,7.9201e-09
2.7700e+03,7.9314e-09
2.7725e+03,7.9431e-09
2.7750e+03,7.9544e-09
2.7775e+03,7.9660e-09
2.7800e+03,7.9776e-09
2.7825e+03,7.8863e-09
2.7850e+03,7.7953e-09
2.7875e+03,7.7039e-09
2.7900e+03,7.6129e-09
2.7925e+03,7.5216e-09
2.7950e+03,7.4302e-09
2.7975e+03,7.3392e-09
2.8000e+03,7.2479e-09
2.8025e+03,7.3927e-09
2.8050e+03,7.5372e-09
2.8075e+03,7.6817e-09
2.8100e+03,7.8262e-09
2.8125e+03,7.9711e-09
2.8150e+03,8.1156e-09
2.8175e+03,8.2601e-09
2.8200e+03,8.4050e-09
2.8225e+03,8.3606e-09
2.8250e+03,8.3165e-09
2.8275e+03,8.2721e-09
2.8300e+03,8.2277e-09
2.8325e+03,8.1837e-09
2.8350e+03,8.1393e-09
2.8375e+03,8.0948e-09
2.8400e+03,8.0508e-09
2.8425e+03,8.0271e-09
2.8450e+03,8.0035e-09
2.8475e+03,7.9798e-09
2.8500e+03,7.9562e-09
2.8525e+03,7.9325e-09
2.8550e+03,7.9092e-09
2.8575e+03,7.8856e-09
2.8600e+03,7.8619e-09
2.8625e+03,7.8648e-09
2.8650e+03,7.8677e-09
2.8675e+03,7.8706e-09
2.8700e+03,7.8735e-09
2.8725e+03,7.8765e-09
2.8750e+03,7.8797e-09
2.8775e+03,7.8826e-09
2.8800e+03,7.8856e-09
2.8825e+03,7.9118e-09
2.8850e+03,7.9380e-09
2.8875e+03,7.9642e-09
2.8900e+03,7.9904e-09
2.8925e+03,8.0166e-09
2.8950e+03,8.0432e-09
2.8975e+03,8.0694e-09
2.9000e+03,8.0956e-09
2.9025e+03,8.0694e-09
2.9050e+03,8.0432e-09
2.9075e+03,8.0166e-09
2.9100e+03,7.9904e-09
2.9125e+03,7.9642e-09
2.9150e+03,7.9380e-09
2.9175e+03,7.9118e-09
2.9200e+03,7.8856e-09
2.9225e+03,7.8703e-09
2.9250e+03,7.8554e-09
2.9275e+03,7.8404e-09
2.9300e+03,7.8251e-09
2.9325e+03,7.8102e-09
2.9350e+03,7.7953e-09
2.9375e+03,7.7800e-09
2.9400e+03,7.7651e-09
2.9425e+03,7.7709e-09
2.9450e+03,7.7767e-09
2.9475e+03,7.7829e-09
2.9500e+03,7.7887e-09
2.9525e+03,7.7946e-09
2.9550e+03,7.8004e-09
2.9575e+03,7.8062e-09
2.9600e+03,7.8124e-09
2.9625e+03,7.8124e-09
2.9650e+03,7.8124e-09
2.9675e+03,7.8124e-09
2.9700e+03,7.8124e-09
2.9725e+03,7.8124e-09
2.9750e+03,7.8124e-09
2.9775e+03,7.8124e-09
2.9800e+03,7.8124e-09
2.9825e+03,7.8244e-09
2.9850e+03,7.8364e-09
2.9875e+03,7.8484e-09
2.9900e+03,7.8608e-09
2.9925e+03,7.8728e-09
2.9950e+03,7.8848e-09
2.9975e+03,7.8968e-09
3.0000e+03,7.9092e-09
3.0025e+03,7.9063e-09
3.0050e+03,7.9030e-09
3.0075e+03,7.9001e-09
3.0100e+03,7.8972e-09
3.0125e+03,7.8943e-09
3.0150e+03,7.8914e-09
3.0175e+03,7.8885e-09
3.0200e+03,7.8856e-09
3.0225e+03,7.8826e-09
3.0250e+03,7.8797e-09
3.0275e+03,7.8765e-09
3.0300e+03,7.8735e-09
3.0325e+03,7.8706e-09
3.0350e+03,7.8677e-09
3.0375e+03,7.8648e-09
3.0400e+03,7.8619e-09
3.0425e+03,7.8499e-09
3.0450e+03,7.8375e-09
3.0475e+03,7.8255e-09
3.0500e+03,7.8135e-09
3.0525e+03,7.8015e-09
3.0550e+03,7.7891e-09
3.0575e+03,7.7771e-09
3.0600e+03,7.7651e-09
3.0625e+03,7.7742e-09
3.0650e+03,7.7833e-09
3.0675e+03,7.7924e-09
3.0700e+03,7.8015e-09
3.0725e+03,7.8109e-09
3.0750e+03,7.8200e-09
3.0775e+03,7.8291e-09
3.0800e+03,7.8382e-09
3.0825e+03,7.8441e-09
3.0850e+03,7.8499e-09
3.0875e+03,7.8561e-09
3.0900e+03,7.8619e-09
3.0925e+03,7.8677e-09
3.0950e+03,7.8735e-09
3.0975e+03,7.8797e-09
3.1000e+03,7.8856e-09
3.1025e+03,7.8826e-09
3.1050e+03,7.8797e-09
3.1075e+03,7.8765e-09
3.1100e+03,7.8735e-09
3.1125e+03,7.8706e-09
3.1150e+03,7.8677e-09
3.1175e+03,7.8648e-09
3.1200e+03,7.8619e-09
3.1225e+03,7.8648e-09
3.1250e+03,7.8677e-09
3.1275e+03,7.8706e-09
3.1300e+03,7.8735e-09
3.1325e+03,7.8765e-09
3.1350e+03,7.8797e-09
3.1375e+03,7.8826e-09
3.1400e+03,7.8856e-09
3.1425e+03,7.8797e-09
3.1450e+03,7.8735e-09
3.1475e+03,7.8677e-09
3.1500e+03,7.8619e-09
3.1525e+03,7.8561e-09
3.1550e+03,7.8499e-09
3.1575e+03,7.8441e-09
3.1600e+03,7.8382e-09
3.1625e+03,7.8350e-09
3.1650e+03,7.8317e-09
3.1675e+03,7.8284e-09
3.1700e+03,7.8251e-09
3.1725e+03,7.8219e-09
3.1750e+03,7.8190e-09
3.1775e+03,7.8153e-09
3.1800e+03,7.8124e-09
3.1825e+03,7.8091e-09
3.1850e+03,7.8062e-09
3.1875e+03,7.8033e-09
3.1900e+03,7.8004e-09
3.1925e+03,7.7975e-09
3.1950e+03,7.7946e-09
3.1975e+03,7.7917e-09
3.2000e+03,7.7887e-09
3.2025e+03,7.7771e-09
3.2050e+03,7.7658e-09
3.2075e+03,7.7542e-09
3.2100e+03,7.7425e-09
3.2125e+03,7.7312e-09
3.2150e+03,7.7196e-09
3.2175e+03,7.7079e-09
3.2200e+03,7.6967e-09
3.2225e+03,7.6967e-09
3.2250e+03,7.6967e-09
3.2275e+03,7.6967e-09
3.2300e+03,7.6967e-09
3.2325e+03,7.6967e-09
3.2350e+03,7.6967e-09
3.2375e+03,7.6967e-09
3.2400e+03,7.6967e-09
3.2600e+03,8.2761e-09
3.2700e+03,7.5533e-09
3.2800e+03,7.3975e-09
3.2900e+03,7.4455e-09
3.3000e+03,7.5118e-09
3.3100e+03,7.3436e-09
3.3200e+03,7.4266e-09
3.3300e+03,7.5132e-09
3.3400e+03,7.4604e-09
3.3500e+03,7.4888e-09
3.3600e+03,7.5423e-09
3.3700e+03,7.2552e-09
3.3800e+03,7.2399e-09
3.3900e+03,7.1572e-09
3.4000e+03,7.3793e-09
3.4100e+03,7.4535e-09
3.4200e+03,7.4313e-09
3.4300e+03,7.2672e-09
3.4400e+03,7.3072e-09
3.4500e+03,7.3203e-09
3.4600e+03,7.3785e-09
3.4700e+03,7.2071e-09
3.4800e+03,7.2956e-09
3.4900e+03,7.1372e-09
3.5000e+03,7.2544e-09
3.5100e+03,7.1740e-09
3.5200e+03,7.1871e-09
3.5300e+03,7.0783e-09
3.5400e+03,7.0488e-09
3.5500e+03,6.9778e-09
3.5600e+03,7.0561e-09
3.5700e+03,6.9549e-09
3.5800e+03,6.8348e-09
3.5900e+03,6.7529e-09
3.6000e+03,6.6924e-09
3.6100e+03,6.7678e-09
3.6200e+03,6.6655e-09
3.6300e+03,6.6884e-09
3.6400e+03,6.7063e-09
3.6500e+03,6.6433e-09
3.6600e+03,6.7638e-09
3.6700e+03,6.7481e-09
3.6800e+03,6.9028e-09
3.6900e+03,7.0189e-09
3.7000e+03,7.3370e-09
3.7100e+03,7.4987e-09
3.7200e+03,7.7673e-09
3.7300e+03,7.8506e-09
3.7400e+03,7.9806e-09
3.7500e+03,8.0388e-09
3.7600e+03,8.0424e-09
3.7700e+03,8.1622e-09
3.7800e+03,8.3635e-09
3.7900e+03,8.3878e-09
3.8000e+03,8.2226e-09
3.8100e+03,8.3678e-09
3.8200e+03,8.5192e-09
3.8300e+03,8.2135e-09
3.8400e+03,8.1043e-09
3.8500e+03,8.2987e-09
3.8600e+03,8.3143e-09
3.8700e+03,8.1469e-09
3.8800e+03,8.0104e-09
3.8900e+03,7.7745e-09
3.9000e+03,7.9933e-09
3.9100e+03,8.0603e-09
3.9200e+03,7.9474e-09
3.9300e+03,7.7654e-09
3.9400e+03,7.8666e-09
3.9500e+03,8.0938e-09
3.9600e+03,7.7181e-09
3.9700e+03,7.3673e-09
3.9800e+03,7.8204e-09
3.9900e+03,8.1036e-09
4.0000e+03,7.9471e-09
4.0100e+03,7.8735e-09
4.0200e+03,7.7804e-09
4.0300e+03,7.6009e-09
4.0400e+03,7.7170e-09
4.0500e+03,7.7058e-09
4.0600e+03,7.6413e-09
4.0700e+03,7.4852e-09
4.0800e+03,7.3494e-09
4.0900e+03,7.3330e-09
4.1000e+03,7.0178e-09
4.1100e+03,7.2166e-09
4.1200e+03,7.2530e-09
4.1300e+03,7.2242e-09
4.1400e+03,7.3425e-09
4.1500e+03,7.3134e-09
4.1600e+03,7.2908e-09
4.1700e+03,7.1867e-09
4.1800e+03,7.2275e-09
4.1900e+03,7.1805e-09
4.2000e+03,7.2206e-09
4.2100e+03,7.2173e-09
4.2200e+03,7.1278e-09
4.2300e+03,7.0881e-09
4.2400e+03,7.1096e-09
4.2500e+03,7.2089e-09
4.2600e+03,7.0728e-09
4.2700e+03,7.0997e-09
4.2800e+03,7.0546e-09
4.2900e+03,6.9804e-09
4.3000e+03,6.9185e-09
4.3100e+03,6.8923e-09
4.3200e+03,6.8369e-09
4.3300e+03,6.6015e-09
4.3400e+03,6.4952e-09
4.3500e+03,6.5410e-09
4.3600e+03,6.7292e-09
4.3700e+03,6.6298e-09
4.3800e+03,6.3769e-09
4.3900e+03,6.2972e-09
4.4000e+03,6.3481e-09
4.4100e+03,6.2065e-09
4.4200e+03,6.0664e-09
4.4300e+03,6.0282e-09
4.4400e+03,6.0176e-09
4.4500e+03,6.0402e-09
4.4600e+03,6.0020e-09
4.4700e+03,5.8659e-09
4.4800e+03,5.8400e-09
4.4900e+03,5.8735e-09
4.5000e+03,5.9874e-09
4.5100e+03,5.8429e-09
4.5200e+03,5.8811e-09
4.5300e+03,5.8393e-09
4.5400e+03,5.8349e-09
4.5500e+03,5.7090e-09
4.5600e+03,5.7996e-09
4.5700e+03,5.7898e-09
4.5800e+03,5.7385e-09
4.5900e+03,5.7603e-09
4.6000e+03,5.6941e-09
4.6100e+03,5.7257e-09
4.6200e+03,5.6398e-09
4.6300e+03,5.5747e-09
4.6400e+03,5.6063e-09
4.6500e+03,5.4713e-09
4.6600e+03,5.4677e-09
4.6700e+03,5.4145e-09
4.6800e+03,5.5059e-09
4.6900e+03,5.4032e-09
4.7000e+03,5.3701e-09
4.7100e+03,5.2686e-09
4.7200e+03,5.3101e-09
4.7300e+03,5.2973e-09
4.7400e+03,5.2798e-09
4.7500e+03,5.2529e-09
4.7600e+03,5.2165e-09
4.7700e+03,5.2187e-09
4.7800e+03,5.1918e-09
4.7900e+03,5.1703e-09
4.8000e+03,5.1394e-09
4.8100e+03,5.0520e-09
4.8200e+03,5.0968e-09
4.8300e+03,5.0287e-09
4.8400e+03,5.0873e-09
4.8500e+03,4.9319e-09
4.8600e+03,4.8187e-09
4.8700e+03,4.8915e-09
4.8800e+03,4.9628e-09
4.8900e+03,4.9337e-09
4.9000e+03,4.8999e-09
4.9100e+03,4.8391e-09
4.9200e+03,4.7153e-09
4.9300e+03,4.7594e-09
4.9400e+03,4.7805e-09
4.9500e+03,4.7612e-09
4.9600e+03,4.7110e-09
4.9700e+03,4.6258e-09
4.9800e+03,4.6203e-09
4.9900e+03,4.5399e-09
5.0000e+03,4.4696e-09
5.0100e+03,4.4081e-09
5.0200e+03,4.3517e-09
5.0300e+03,4.3517e-09
5.0400e+03,4.3215e-09
5.0500e+03,4.3000e-09
5.0600e+03,4.2687e-09
5.0700e+03,4.2618e-09
5.0800e+03,4.2538e-09
5.0900e+03,4.1704e-09
5.1000e+03,4.1850e-09
5.1100e+03,4.1956e-09
5.1200e+03,4.2458e-09
5.1300e+03,4.2542e-09
5.1400e+03,4.2749e-09
5.1500e+03,4.2294e-09
5.1600e+03,4.2130e-09
5.1700e+03,4.1927e-09
5.1800e+03,4.2705e-09
5.1900e+03,4.2254e-09
5.2000e+03,4.1686e-09
5.2100e+03,4.1806e-09
5.2200e+03,4.1610e-09
5.2300e+03,4.1330e-09
5.2400e+03,4.1330e-09
5.2500e+03,4.1450e-09
5.2600e+03,4.0463e-09
5.2700e+03,4.0391e-09
5.2800e+03,4.0081e-09
5.2900e+03,4.0281e-09
5.3000e+03,3.9819e-09
5.3100e+03,3.8855e-09
5.3200e+03,3.8862e-09
5.3300e+03,3.8833e-09
5.3400e+03,3.8236e-09
5.3500e+03,3.8181e-09
5.3600e+03,3.8436e-09
5.3700e+03,3.7646e-09
5.3800e+03,3.7712e-09
5.3900e+03,3.7613e-09
5.4000e+03,3.7151e-09
5.4100e+03,3.7020e-09
5.4200e+03,3.7741e-09
5.4300e+03,3.7231e-09
5.4400e+03,3.7129e-09
5.4500e+03,3.6685e-09
5.4600e+03,3.6594e-09
5.4700e+03,3.6423e-09
5.4800e+03,3.6627e-09
5.4900e+03,3.6784e-09
5.5000e+03,3.6649e-09
5.5100e+03,3.6445e-09
5.5200e+03,3.6456e-09
5.5300e+03,3.6682e-09
5.5400e+03,3.6547e-09
5.5500e+03,3.6346e-09
5.5600e+03,3.6322e-09
5.5700e+03,3.6580e-09
5.5800e+03,3.6097e-09
5.5900e+03,3.6038e-09
5.6000e+03,3.5422e-09
5.6100e+03,3.5122e-09
5.6200e+03,3.4893e-09
5.6300e+03,3.4363e-09
5.6400e+03,3.4196e-09
5.6500e+03,3.4034e-09
5.6600e+03,3.3866e-09
5.6700e+03,3.3706e-09
5.6800e+03,3.3543e-09
5.6900e+03,3.3385e-09
5.7000e+03,3.3228e-09
5.7100e+03,3.3068e-09
5.7200e+03,3.2909e-09
5.7300e+03,3.2754e-09
5.7400e+03,3.2600e-09
5.7600e+03,3.1992e-09
5.7800e+03,3.1846e-09
5.8000e+03,3.1799e-09
5.8200e+03,3.1720e-09
5.8400e+03,3.1105e-09
5.8600e+03,3.0438e-09
5.8800e+03,3.0045e-09
5.9000e+03,3.0608e-09
5.9200e+03,3.0523e-09
5.9400e+03,2.9915e-09
5.9600e+03,2.9798e-09
5.9800e+03,2.9752e-09
6.0000e+03,2.9545e-09
6.0200e+03,2.8899e-09
6.0400e+03,2.8624e-09
6.0600e+03,2.8293e-09
6.0800e+03,2.8276e-09
6.1000e+03,2.8140e-09
6.1200e+03,2.7694e-09
6.1400e+03,2.7279e-09
6.1600e+03,2.6822e-09
6.1800e+03,2.6394e-09
6.2000e+03,2.6426e-09
6.2200e+03,2.6519e-09
6.2400e+03,2.6380e-09
6.2600e+03,2.5426e-09
6.2800e+03,2.5037e-09
6.3000e+03,2.5087e-09
6.3200e+03,2.4732e-09
6.3400e+03,2.4331e-09
6.3600e+03,2.4062e-09
6.3800e+03,2.4158e-09
6.4000e+03,2.3957e-09
6.4200e+03,2.3803e-09
6.4400e+03,2.3397e-09
6.4600e+03,2.3092e-09
6.4800e+03,2.3051e-09
6.5000e+03,2.3228e-09
6.5200e+03,2.3495e-09
6.5400e+03,2.4146e-09
6.5600e+03,2.4106e-09
6.5800e+03,2.3598e-09
6.6000e+03,2.2984e-09
6.6200e+03,2.2803e-09
6.6400e+03,2.2167e-09
6.6600e+03,2.1640e-09
6.6800e+03,2.1466e-09
6.7000e+03,2.1818e-09
6.7200e+03,2.1490e-09
6.7400e+03,2.1098e-09
6.7600e+03,2.0844e-09
6.7800e+03,2.0569e-09
6.8000e+03,2.0602e-09
6.8200e+03,2.0023e-09
6.8400e+03,2.0079e-09
6.8600e+03,1.9593e-09
6.8800e+03,1.9241e-09
6.9000e+03,1.9400e-09
6.9200e+03,1.9453e-09
6.9400e+03,1.9534e-09
6.9600e+03,1.9243e-09
6.9800e+03,1.8759e-09
7.0000e+03,1.8526e-09
7.0200e+03,1.8450e-09
7.0400e+03,1.8096e-09
7.0600e+03,1.8007e-09
7.0800e+03,1.7977e-09
7.1000e+03,1.7765e-09
7.1200e+03,1.7640e-09
7.1400e+03,1.7322e-09
7.1600e+03,1.7535e-09
7.1800e+03,1.7399e-09
7.2000e+03,1.7176e-09
7.2200e+03,1.7100e-09
7.2400e+03,1.6762e-09
7.2600e+03,1.6497e-09
7.2800e+03,1.6590e-09
7.3000e+03,1.6949e-09
7.3200e+03,1.6801e-09
7.3400e+03,1.6331e-09
7.3600e+03,1.6210e-09
7.3800e+03,1.5955e-09
7.4000e+03,1.5869e-09
7.4200e+03,1.5660e-09
7.4400e+03,1.5588e-09
7.4600e+03,1.5442e-09
7.4800e+03,1.5467e-09
7.5000e+03,1.5134e-09
7.5200e+03,1.5444e-09
7.5400e+03,1.5254e-09
7.5600e+03,1.5247e-09
7.5800e+03,1.3918e-09
7.6000e+03,1.1889e-09
7.6200e+03,1.4657e-09
7.6400e+03,1.4494e-09
7.6600e+03,1.4516e-09
7.6800e+03,1.3484e-09
7.7000e+03,1.3841e-09
7.7200e+03,1.3909e-09
7.7400e+03,1.3724e-09
7.7600e+03,1.3409e-09
7.7800e+03,1.3529e-09
7.8000e+03,1.3913e-09
7.8200e+03,1.3833e-09
7.8400e+03,1.3627e-09
7.8600e+03,1.3383e-09
7.8800e+03,1.3216e-09
7.9000e+03,1.3148e-09
7.9200e+03,1.2818e-09
7.9400e+03,1.3061e-09
7.9600e+03,1.2781e-09
7.9800e+03,1.2867e-09
8.0000e+03,1.2630e-09
8.0200e+03,1.2679e-09
8.0400e+03,1.2927e-09
8.0600e+03,1.2766e-09
8.0800e+03,1.2669e-09
8.1000e+03,1.2338e-09
8.1200e+03,1.2430e-09
8.1400e+03,1.2389e-09
8.1600e+03,1.2133e-09
8.1800e+03,1.1876e-09
8.2000e+03,1.1984e-09
8.2200e+03,1.1458e-09
8.2400e+03,1.2079e-09
8.2600e+03,1.1221e-09
8.2800e+03,1.1768e-09
8.3000e+03,1.1437e-09
8.3200e+03,1.1571e-09
8.3400e+03,1.1068e-09
8.3600e+03,1.1113e-09
8.3800e+03,1.1089e-09
8.4000e+03,1.1423e-09
8.4200e+03,1.1372e-09
8.4400e+03,1.1051e-09
8.4600e+03,1.1110e-09
8.4800e+03,1.1082e-09
8.5000e+03,1.1418e-09
8.5200e+03,1.1185e-09
8.5400e+03,1.1137e-09
8.5600e+03,1.1179e-09
8.5800e+03,1.0748e-09
8.6000e+03,1.0485e-09
8.6200e+03,1.1101e-09
8.6400e+03,1.0381e-09
8.6600e+03,1.0364e-09
8.6800e+03,1.0865e-09
8.7000e+03,1.0679e-09
8.7200e+03,1.0341e-09
8.7400e+03,1.0315e-09
8.7600e+03,1.0509e-09
8.7800e+03,1.0615e-09
8.8000e+03,1.0637e-09
8.8200e+03,1.0266e-09
8.8400e+03,9.7236e-10
8.8600e+03,9.6090e-10
8.8800e+03,9.9388e-10
8.9000e+03,9.7145e-10
8.9200e+03,9.9872e-10
8.9400e+03,9.6294e-10
8.9600e+03,9.6898e-10
8.9800e+03,9.3753e-10
9.0000e+03,9.0612e-10
9.0200e+03,9.5533e-10
9.0400e+03,9.7571e-10
9.0600e+03,9.3797e-10
9.0800e+03,9.4565e-10
9.1000e+03,9.6552e-10
9.1200e+03,9.5380e-10
9.1400e+03,9.6916e-10
9.1600e+03,9.3102e-10
9.1800e+03,9.4230e-10
9.2000e+03,8.8912e-10
9.2200e+03,8.8603e-10
9.2400e+03,8.9502e-10
9.2600e+03,8.5404e-10
9.2800e+03,8.8312e-10
9.3000e+03,8.2157e-10
9.3200e+03,8.8297e-10
9.3400e+03,9.1693e-10
9.3600e+03,8.6248e-10
9.3800e+03,9.1882e-10
9.4000e+03,9.1988e-10
9.4200e+03,7.9635e-10
9.4400e+03,7.9307e-10
9.4600e+03,8.4836e-10
9.4800e+03,8.5491e-10
9.5000e+03,8.1047e-10
9.5200e+03,8.1731e-10
9.5400e+03,8.4992e-10
9.5600e+03,7.9842e-10
9.5800e+03,8.5560e-10
9.6000e+03,8.2131e-10
9.6200e+03,8.3078e-10
9.6400e+03,8.1429e-10
9.6600e+03,8.2448e-10
9.6800e+03,7.8714e-10
9.7000e+03,7.4765e-10
9.7200e+03,7.3531e-10
9.7400e+03,7.9649e-10
9.7600e+03,7.7152e-10
9.7800e+03,7.6002e-10
9.8000e+03,7.5682e-10
9.8200e+03,7.3844e-10
9.8400e+03,7.3454e-10
9.8600e+03,7.6723e-10
9.8800e+03,7.4441e-10
9.9000e+03,7.2475e-10
9.9200e+03,7.3330e-10
9.9400e+03,6.8941e-10
9.9600e+03,7.0448e-10
9.9800e+03,6.9421e-10
1.0000e+04,7.0117e-10
1.0020e+04,6.3867e-10
1.0040e+04,6.2910e-10
1.0060e+04,6.4733e-10
1.0080e+04,6.5188e-10
1.0100e+04,6.5294e-10
1.0120e+04,6.3307e-10
1.0140e+04,6.3237e-10
1.0160e+04,6.5268e-10
1.0180e+04,6.5105e-10
1.0200e+04,6.4620e-10
1.0220e+04,6.2819e-10
1.0240e+04,6.2448e-10
1.0260e+04,6.1891e-10
1.0280e+04,5.9274e-10
1.0300e+04,6.1792e-10
1.0320e+04,6.1523e-10
1.0340e+04,6.1614e-10
1.0360e+04,6.2313e-10
1.0380e+04,6.1738e-10
1.0400e+04,5.9488e-10
1.0420e+04,6.0369e-10
1.0440e+04,5.8775e-10
1.0460e+04,6.1326e-10
1.0480e+04,5.6256e-10
1.0500e+04,5.6664e-10
1.0520e+04,5.9721e-10
1.0540e+04,5.7279e-10
1.0560e+04,6.0839e-10
1.0580e+04,5.8262e-10
1.0600e+04,5.6802e-10
1.0800e+04,5.4069e-10
1.1000e+04,5.1430e-10
1.1200e+04,4.8878e-10
1.1400e+04,4.6389e-10
1.1600e+04,4.3958e-10
1.1800e+04,4.1566e-10
1.2000e+04,3.9215e-10
1.2200e+04,3.6896e-10
1.2400e+04,3.4611e-10
1.2600e+04,3.2665e-10
1.2800e+04,2.9301e-10
1.3000e+04,2.9306e-10
1.3200e+04,2.7857e-10
1.3400e+04,2.6408e-10
1.3600e+04,2.5054e-10
1.3800e+04,2.3816e-10
1.4000e+04,2.2693e-10
1.4200e+04,2.1580e-10
1.4400e+04,2.0467e-10
1.4600e+04,1.9564e-10
1.4800e+04,1.8662e-10
1.5000e+04,1.7759e-10
1.5200e+04,1.6962e-10
1.5400e+04,1.6169e-10
1.5600e+04,1.5489e-10
1.5800e+04,1.4917e-10
1.6000e+04,1.4465e-10
1.6200e+04,1.3708e-10
1.6400e+04,1.3037e-10
1.6600e+04,1.2765e-10
1.6800e+04,1.1778e-10
1.7000e+04,1.1628e-10
1.7200e+04,1.1264e-10
1.7400e+04,1.0485e-10
1.7600e+04,1.0334e-10
1.7800e+04,1.0054e-10
1.8000e+04,9.6363e-11
1.8200e+04,8.8585e-11
1.8400e+04,8.8476e-11
1.8600e+04,8.5458e-11
1.8800e+04,7.8230e-11
1.9000e+04,7.9001e-11
1.9200e+04,7.6068e-11
1.9400e+04,7.1616e-11
1.9600e+04,7.0109e-11
1.9800e+04,6.8500e-11
2.0000e+04,6.5458e-11
2.0200e+04,6.3044e-11
2.0400e+04,6.0740e-11
2.0600e+04,5.8517e-11
2.0800e+04,5.6529e-11
2.1000e+04,5.4433e-11
2.1200e+04,5.2547e-11
2.1400e+04,5.0724e-11
2.1600e+04,4.7193e-11
2.1800e+04,4.6418e-11
2.2000e+04,4.5752e-11
2.2200e+04,4.4263e-11
2.2400e+04,4.2858e-11
2.2600e+04,4.1475e-11
2.2800e+04,4.0198e-11
2.3000e+04,3.9026e-11
2.3200e+04,3.7850e-11
2.3400e+04,3.6696e-11
2.3600e+04,3.5564e-11
2.3800e+04,3.4496e-11
2.4000e+04,3.3448e-11
2.4200e+04,3.2526e-11
2.4400e+04,3.1478e-11
2.4600e+04,3.0640e-11
2.4800e+04,2.9718e-11
2.5000e+04,2.8881e-11
2.5200e+04,2.7977e-11
2.5400e+04,2.7161e-11
2.5600e+04,2.6344e-11
