# CVS spectrum collected post-FFT during II&T by Caleb Baker.  This is
# Band 4 + LOWFS (510-840nm, or 675 center and 330 width in Varia command)
#
# flux units are arbitrary spectrometer units; we are relying on the self-
# normalization of eetc spectra for magnitude conversion.
#
# wavelength (A), flux
1.97718E+03,1.0000E-15
1.97922E+03,1.0000E-15
1.98125E+03,1.0000E-15
1.98329E+03,1.0000E-15
1.98532E+03,1.0000E-15
1.98735E+03,1.0000E-15
1.98939E+03,1.0000E-15
1.99142E+03,1.0000E-15
1.99346E+03,1.0000E-15
1.99549E+03,1.0000E-15
1.99753E+03,1.0000E-15
1.99956E+03,1.0000E-15
2.00160E+03,1.0000E-15
2.00364E+03,1.0000E-15
2.00567E+03,1.0000E-15
2.00771E+03,1.0000E-15
2.00974E+03,1.0000E-15
2.01178E+03,1.0000E-15
2.01382E+03,1.0000E-15
2.01585E+03,1.0000E-15
2.01789E+03,1.0000E-15
2.01993E+03,1.0000E-15
2.02196E+03,1.0000E-15
2.02400E+03,1.0000E-15
2.02604E+03,1.0000E-15
2.02808E+03,1.0000E-15
2.03011E+03,1.0000E-15
2.03215E+03,1.0000E-15
2.03419E+03,1.0000E-15
2.03623E+03,1.0000E-15
2.03827E+03,1.0000E-15
2.04031E+03,1.0000E-15
2.04234E+03,1.0000E-15
2.04438E+03,1.0000E-15
2.04642E+03,1.0000E-15
2.04846E+03,1.0000E-15
2.05050E+03,1.0000E-15
2.05254E+03,1.0000E-15
2.05458E+03,1.0000E-15
2.05662E+03,1.0000E-15
2.05866E+03,1.0000E-15
2.06070E+03,1.0000E-15
2.06274E+03,1.0000E-15
2.06478E+03,1.0000E-15
2.06682E+03,1.0000E-15
2.06886E+03,1.0000E-15
2.07090E+03,1.0000E-15
2.07294E+03,1.0000E-15
2.07499E+03,1.0000E-15
2.07703E+03,1.0000E-15
2.07907E+03,1.0000E-15
2.08111E+03,1.0000E-15
2.08315E+03,1.0000E-15
2.08519E+03,1.0000E-15
2.08724E+03,1.0000E-15
2.08928E+03,1.0000E-15
2.09132E+03,1.0000E-15
2.09336E+03,1.0000E-15
2.09541E+03,1.0000E-15
2.09745E+03,1.0000E-15
2.09949E+03,1.0000E-15
2.10154E+03,1.0000E-15
2.10358E+03,1.0000E-15
2.10562E+03,1.0000E-15
2.10767E+03,1.0000E-15
2.10971E+03,1.0000E-15
2.11175E+03,1.0000E-15
2.11380E+03,1.0000E-15
2.11584E+03,1.0000E-15
2.11789E+03,1.0000E-15
2.11993E+03,1.0000E-15
2.12198E+03,1.0000E-15
2.12402E+03,1.0000E-15
2.12607E+03,1.0000E-15
2.12811E+03,1.0000E-15
2.13016E+03,1.0000E-15
2.13220E+03,1.0000E-15
2.13425E+03,1.0000E-15
2.13630E+03,1.0000E-15
2.13834E+03,1.0000E-15
2.14039E+03,1.0000E-15
2.14243E+03,1.0000E-15
2.14448E+03,1.0000E-15
2.14653E+03,1.0000E-15
2.14857E+03,1.0000E-15
2.15062E+03,1.0000E-15
2.15267E+03,1.0000E-15
2.15472E+03,1.0000E-15
2.15676E+03,1.0000E-15
2.15881E+03,1.0000E-15
2.16086E+03,1.0000E-15
2.16291E+03,1.0000E-15
2.16496E+03,1.0000E-15
2.16700E+03,1.0000E-15
2.16905E+03,1.0000E-15
2.17110E+03,1.0000E-15
2.17315E+03,1.0000E-15
2.17520E+03,1.0000E-15
2.17725E+03,1.0000E-15
2.17930E+03,1.0000E-15
2.18135E+03,1.0000E-15
2.18340E+03,1.0000E-15
2.18545E+03,1.0000E-15
2.18750E+03,1.0000E-15
2.18955E+03,1.0000E-15
2.19160E+03,1.0000E-15
2.19365E+03,1.0000E-15
2.19570E+03,1.0000E-15
2.19775E+03,1.0000E-15
2.19980E+03,1.0000E-15
2.20185E+03,1.0000E-15
2.20390E+03,1.0000E-15
2.20595E+03,1.0000E-15
2.20800E+03,1.0000E-15
2.21005E+03,1.0000E-15
2.21211E+03,1.0000E-15
2.21416E+03,1.0000E-15
2.21621E+03,1.0000E-15
2.21826E+03,1.0000E-15
2.22031E+03,1.0000E-15
2.22237E+03,1.0000E-15
2.22442E+03,1.0000E-15
2.22647E+03,1.0000E-15
2.22852E+03,1.0000E-15
2.23058E+03,1.0000E-15
2.23263E+03,1.0000E-15
2.23468E+03,1.0000E-15
2.23674E+03,1.0000E-15
2.23879E+03,1.0000E-15
2.24085E+03,1.0000E-15
2.24290E+03,1.0000E-15
2.24495E+03,1.0000E-15
2.24701E+03,1.0000E-15
2.24906E+03,1.0000E-15
2.25112E+03,1.0000E-15
2.25317E+03,1.0000E-15
2.25523E+03,1.0000E-15
2.25728E+03,1.0000E-15
2.25934E+03,1.0000E-15
2.26139E+03,1.0000E-15
2.26345E+03,1.0000E-15
2.26550E+03,1.0000E-15
2.26756E+03,1.0000E-15
2.26962E+03,1.0000E-15
2.27167E+03,1.0000E-15
2.27373E+03,1.0000E-15
2.27579E+03,1.0000E-15
2.27784E+03,1.0000E-15
2.27990E+03,1.0000E-15
2.28196E+03,1.0000E-15
2.28401E+03,1.0000E-15
2.28607E+03,1.0000E-15
2.28813E+03,1.0000E-15
2.29019E+03,1.0000E-15
2.29224E+03,1.0000E-15
2.29430E+03,1.0000E-15
2.29636E+03,1.0000E-15
2.29842E+03,1.0000E-15
2.30048E+03,1.0000E-15
2.30253E+03,1.0000E-15
2.30459E+03,1.0000E-15
2.30665E+03,1.0000E-15
2.30871E+03,1.0000E-15
2.31077E+03,1.0000E-15
2.31283E+03,1.0000E-15
2.31489E+03,1.0000E-15
2.31695E+03,1.0000E-15
2.31901E+03,1.0000E-15
2.32107E+03,1.0000E-15
2.32313E+03,1.0000E-15
2.32519E+03,1.0000E-15
2.32725E+03,1.0000E-15
2.32931E+03,1.0000E-15
2.33137E+03,1.0000E-15
2.33343E+03,1.0000E-15
2.33549E+03,1.0000E-15
2.33755E+03,1.0000E-15
2.33961E+03,1.0000E-15
2.34168E+03,1.0000E-15
2.34374E+03,1.0000E-15
2.34580E+03,1.0000E-15
2.34786E+03,1.0000E-15
2.34992E+03,1.0000E-15
2.35198E+03,1.0000E-15
2.35405E+03,1.0000E-15
2.35611E+03,1.0000E-15
2.35817E+03,1.0000E-15
2.36024E+03,1.0000E-15
2.36230E+03,1.0000E-15
2.36436E+03,1.0000E-15
2.36642E+03,1.0000E-15
2.36849E+03,1.0000E-15
2.37055E+03,1.0000E-15
2.37262E+03,1.0000E-15
2.37468E+03,1.0000E-15
2.37674E+03,1.0000E-15
2.37881E+03,1.0000E-15
2.38087E+03,1.0000E-15
2.38294E+03,1.0000E-15
2.38500E+03,1.0000E-15
2.38707E+03,1.0000E-15
2.38913E+03,1.0000E-15
2.39120E+03,1.0000E-15
2.39326E+03,1.0000E-15
2.39533E+03,1.0000E-15
2.39739E+03,1.0000E-15
2.39946E+03,1.0000E-15
2.40152E+03,1.0000E-15
2.40359E+03,1.0000E-15
2.40566E+03,1.0000E-15
2.40772E+03,1.0000E-15
2.40979E+03,1.0000E-15
2.41186E+03,1.0000E-15
2.41392E+03,1.0000E-15
2.41599E+03,1.0000E-15
2.41806E+03,1.0000E-15
2.42012E+03,1.0000E-15
2.42219E+03,1.0000E-15
2.42426E+03,1.0000E-15
2.42633E+03,1.0000E-15
2.42839E+03,1.0000E-15
2.43046E+03,1.0000E-15
2.43253E+03,1.0000E-15
2.43460E+03,1.0000E-15
2.43667E+03,1.0000E-15
2.43874E+03,1.0000E-15
2.44081E+03,1.0000E-15
2.44287E+03,1.0000E-15
2.44494E+03,1.0000E-15
2.44701E+03,1.0000E-15
2.44908E+03,1.0000E-15
2.45115E+03,1.0000E-15
2.45322E+03,1.0000E-15
2.45529E+03,1.0000E-15
2.45736E+03,1.0000E-15
2.45943E+03,1.0000E-15
2.46150E+03,1.0000E-15
2.46357E+03,1.0000E-15
2.46564E+03,1.0000E-15
2.46771E+03,1.0000E-15
2.46978E+03,1.0000E-15
2.47186E+03,1.0000E-15
2.47393E+03,1.0000E-15
2.47600E+03,1.0000E-15
2.47807E+03,1.0000E-15
2.48014E+03,1.0000E-15
2.48221E+03,1.0000E-15
2.48429E+03,1.0000E-15
2.48636E+03,1.0000E-15
2.48843E+03,1.0000E-15
2.49050E+03,1.0000E-15
2.49257E+03,1.0000E-15
2.49465E+03,1.0000E-15
2.49672E+03,1.0000E-15
2.49879E+03,1.0000E-15
2.50087E+03,1.0000E-15
2.50294E+03,1.0000E-15
2.50501E+03,1.0000E-15
2.50709E+03,1.0000E-15
2.50916E+03,1.0000E-15
2.51123E+03,1.0000E-15
2.51331E+03,1.0000E-15
2.51538E+03,1.0000E-15
2.51746E+03,1.0000E-15
2.51953E+03,1.0000E-15
2.52161E+03,1.0000E-15
2.52368E+03,1.0000E-15
2.52576E+03,1.0000E-15
2.52783E+03,1.0000E-15
2.52991E+03,1.0000E-15
2.53198E+03,1.0000E-15
2.53406E+03,1.0000E-15
2.53613E+03,1.0000E-15
2.53821E+03,1.0000E-15
2.54029E+03,1.0000E-15
2.54236E+03,1.0000E-15
2.54444E+03,1.0000E-15
2.54652E+03,1.0000E-15
2.54859E+03,1.0000E-15
2.55067E+03,1.0000E-15
2.55275E+03,1.0000E-15
2.55482E+03,1.0000E-15
2.55690E+03,1.0000E-15
2.55898E+03,1.0000E-15
2.56106E+03,1.0000E-15
2.56313E+03,1.0000E-15
2.56521E+03,1.0000E-15
2.56729E+03,1.0000E-15
2.56937E+03,1.0000E-15
2.57145E+03,1.0000E-15
2.57352E+03,1.0000E-15
2.57560E+03,1.0000E-15
2.57768E+03,1.0000E-15
2.57976E+03,1.0000E-15
2.58184E+03,1.0000E-15
2.58392E+03,1.0000E-15
2.58600E+03,1.0000E-15
2.58808E+03,1.0000E-15
2.59016E+03,1.0000E-15
2.59224E+03,1.0000E-15
2.59432E+03,1.0000E-15
2.59640E+03,1.0000E-15
2.59848E+03,1.0000E-15
2.60056E+03,1.0000E-15
2.60264E+03,1.0000E-15
2.60472E+03,1.0000E-15
2.60680E+03,1.0000E-15
2.60888E+03,1.0000E-15
2.61096E+03,1.0000E-15
2.61304E+03,1.0000E-15
2.61513E+03,1.0000E-15
2.61721E+03,1.0000E-15
2.61929E+03,1.0000E-15
2.62137E+03,1.0000E-15
2.62345E+03,1.0000E-15
2.62554E+03,1.0000E-15
2.62762E+03,1.0000E-15
2.62970E+03,1.0000E-15
2.63178E+03,1.0000E-15
2.63387E+03,1.0000E-15
2.63595E+03,1.0000E-15
2.63803E+03,1.0000E-15
2.64012E+03,1.0000E-15
2.64220E+03,1.0000E-15
2.64428E+03,1.0000E-15
2.64637E+03,1.0000E-15
2.64845E+03,1.0000E-15
2.65053E+03,1.0000E-15
2.65262E+03,1.0000E-15
2.65470E+03,1.0000E-15
2.65679E+03,1.0000E-15
2.65887E+03,1.0000E-15
2.66096E+03,1.0000E-15
2.66304E+03,1.0000E-15
2.66513E+03,1.0000E-15
2.66721E+03,1.0000E-15
2.66930E+03,1.0000E-15
2.67138E+03,1.0000E-15
2.67347E+03,1.0000E-15
2.67556E+03,1.0000E-15
2.67764E+03,1.0000E-15
2.67973E+03,1.0000E-15
2.68181E+03,1.0000E-15
2.68390E+03,1.0000E-15
2.68599E+03,1.0000E-15
2.68807E+03,1.0000E-15
2.69016E+03,1.0000E-15
2.69225E+03,1.0000E-15
2.69433E+03,1.0000E-15
2.69642E+03,1.0000E-15
2.69851E+03,1.0000E-15
2.70060E+03,1.0000E-15
2.70268E+03,1.0000E-15
2.70477E+03,1.0000E-15
2.70686E+03,1.0000E-15
2.70895E+03,1.0000E-15
2.71104E+03,1.0000E-15
2.71313E+03,1.0000E-15
2.71521E+03,1.0000E-15
2.71730E+03,1.0000E-15
2.71939E+03,1.0000E-15
2.72148E+03,1.0000E-15
2.72357E+03,1.0000E-15
2.72566E+03,1.0000E-15
2.72775E+03,1.0000E-15
2.72984E+03,1.0000E-15
2.73193E+03,1.0000E-15
2.73402E+03,1.0000E-15
2.73611E+03,1.0000E-15
2.73820E+03,1.0000E-15
2.74029E+03,1.0000E-15
2.74238E+03,1.0000E-15
2.74447E+03,1.0000E-15
2.74656E+03,1.0000E-15
2.74865E+03,1.0000E-15
2.75075E+03,1.0000E-15
2.75284E+03,1.0000E-15
2.75493E+03,1.0000E-15
2.75702E+03,1.0000E-15
2.75911E+03,1.0000E-15
2.76120E+03,1.0000E-15
2.76330E+03,1.0000E-15
2.76539E+03,1.0000E-15
2.76748E+03,1.0000E-15
2.76957E+03,1.0000E-15
2.77167E+03,1.0000E-15
2.77376E+03,1.0000E-15
2.77585E+03,1.0000E-15
2.77794E+03,1.0000E-15
2.78004E+03,1.0000E-15
2.78213E+03,1.0000E-15
2.78423E+03,1.0000E-15
2.78632E+03,1.0000E-15
2.78841E+03,1.0000E-15
2.79051E+03,1.0000E-15
2.79260E+03,1.0000E-15
2.79470E+03,1.0000E-15
2.79679E+03,1.0000E-15
2.79888E+03,1.0000E-15
2.80098E+03,1.0000E-15
2.80307E+03,1.0000E-15
2.80517E+03,1.0000E-15
2.80726E+03,1.0000E-15
2.80936E+03,1.0000E-15
2.81146E+03,1.0000E-15
2.81355E+03,1.0000E-15
2.81565E+03,1.0000E-15
2.81774E+03,1.0000E-15
2.81984E+03,1.0000E-15
2.82194E+03,1.0000E-15
2.82403E+03,1.0000E-15
2.82613E+03,1.0000E-15
2.82823E+03,1.0000E-15
2.83032E+03,1.0000E-15
2.83242E+03,1.0000E-15
2.83452E+03,1.0000E-15
2.83661E+03,1.0000E-15
2.83871E+03,1.0000E-15
2.84081E+03,1.0000E-15
2.84291E+03,1.0000E-15
2.84500E+03,1.0000E-15
2.84710E+03,1.0000E-15
2.84920E+03,1.0000E-15
2.85130E+03,1.0000E-15
2.85340E+03,1.0000E-15
2.85550E+03,1.0000E-15
2.85759E+03,1.0000E-15
2.85969E+03,1.0000E-15
2.86179E+03,1.0000E-15
2.86389E+03,1.0000E-15
2.86599E+03,1.0000E-15
2.86809E+03,1.0000E-15
2.87019E+03,1.0000E-15
2.87229E+03,1.0000E-15
2.87439E+03,1.0000E-15
2.87649E+03,1.0000E-15
2.87859E+03,1.0000E-15
2.88069E+03,1.0000E-15
2.88279E+03,1.0000E-15
2.88489E+03,1.0000E-15
2.88699E+03,1.0000E-15
2.88909E+03,1.0000E-15
2.89119E+03,1.0000E-15
2.89330E+03,1.0000E-15
2.89540E+03,1.0000E-15
2.89750E+03,1.0000E-15
2.89960E+03,1.0000E-15
2.90170E+03,1.0000E-15
2.90380E+03,1.0000E-15
2.90591E+03,1.0000E-15
2.90801E+03,1.0000E-15
2.91011E+03,1.0000E-15
2.91221E+03,1.0000E-15
2.91432E+03,1.0000E-15
2.91642E+03,1.0000E-15
2.91852E+03,1.0000E-15
2.92063E+03,1.0000E-15
2.92273E+03,1.0000E-15
2.92483E+03,1.0000E-15
2.92694E+03,1.0000E-15
2.92904E+03,1.0000E-15
2.93114E+03,1.0000E-15
2.93325E+03,1.0000E-15
2.93535E+03,1.0000E-15
2.93746E+03,1.0000E-15
2.93956E+03,1.0000E-15
2.94167E+03,1.0000E-15
2.94377E+03,1.0000E-15
2.94588E+03,1.0000E-15
2.94798E+03,1.0000E-15
2.95009E+03,1.0000E-15
2.95219E+03,1.0000E-15
2.95430E+03,1.0000E-15
2.95640E+03,1.0000E-15
2.95851E+03,1.0000E-15
2.96061E+03,1.0000E-15
2.96272E+03,1.0000E-15
2.96483E+03,1.0000E-15
2.96693E+03,1.0000E-15
2.96904E+03,1.0000E-15
2.97115E+03,1.0000E-15
2.97325E+03,1.0000E-15
2.97536E+03,1.0000E-15
2.97747E+03,1.0000E-15
2.97957E+03,1.0000E-15
2.98168E+03,1.0000E-15
2.98379E+03,1.0000E-15
2.98590E+03,1.0000E-15
2.98801E+03,1.0000E-15
2.99011E+03,1.0000E-15
2.99222E+03,1.0000E-15
2.99433E+03,1.0000E-15
2.99644E+03,1.0000E-15
2.99855E+03,1.0000E-15
3.00066E+03,1.0000E-15
3.00276E+03,1.0000E-15
3.00487E+03,1.0000E-15
3.00698E+03,1.0000E-15
3.00909E+03,1.0000E-15
3.01120E+03,1.0000E-15
3.01331E+03,1.0000E-15
3.01542E+03,1.0000E-15
3.01753E+03,1.0000E-15
3.01964E+03,1.0000E-15
3.02175E+03,1.0000E-15
3.02386E+03,1.0000E-15
3.02597E+03,1.0000E-15
3.02808E+03,1.0000E-15
3.03019E+03,1.0000E-15
3.03230E+03,1.0000E-15
3.03441E+03,1.0000E-15
3.03653E+03,1.0000E-15
3.03864E+03,1.0000E-15
3.04075E+03,1.0000E-15
3.04286E+03,1.0000E-15
3.04497E+03,1.0000E-15
3.04708E+03,1.0000E-15
3.04920E+03,1.0000E-15
3.05131E+03,1.0000E-15
3.05342E+03,1.0000E-15
3.05553E+03,1.0000E-15
3.05765E+03,1.0000E-15
3.05976E+03,1.0000E-15
3.06187E+03,1.0000E-15
3.06398E+03,1.0000E-15
3.06610E+03,1.0000E-15
3.06821E+03,1.0000E-15
3.07032E+03,1.0000E-15
3.07244E+03,1.0000E-15
3.07455E+03,1.0000E-15
3.07667E+03,1.0000E-15
3.07878E+03,1.0000E-15
3.08089E+03,1.0000E-15
3.08301E+03,1.0000E-15
3.08512E+03,1.0000E-15
3.08724E+03,1.0000E-15
3.08935E+03,1.0000E-15
3.09147E+03,1.0000E-15
3.09358E+03,1.0000E-15
3.09570E+03,1.0000E-15
3.09781E+03,1.0000E-15
3.09993E+03,1.0000E-15
3.10204E+03,1.0000E-15
3.10416E+03,1.0000E-15
3.10628E+03,1.0000E-15
3.10839E+03,1.0000E-15
3.11051E+03,1.0000E-15
3.11263E+03,1.0000E-15
3.11474E+03,1.0000E-15
3.11686E+03,1.0000E-15
3.11898E+03,1.0000E-15
3.12109E+03,1.0000E-15
3.12321E+03,1.0000E-15
3.12533E+03,1.0000E-15
3.12744E+03,1.0000E-15
3.12956E+03,1.0000E-15
3.13168E+03,1.0000E-15
3.13380E+03,1.0000E-15
3.13592E+03,1.0000E-15
3.13803E+03,1.0000E-15
3.14015E+03,1.0000E-15
3.14227E+03,1.0000E-15
3.14439E+03,1.0000E-15
3.14651E+03,1.0000E-15
3.14863E+03,1.0000E-15
3.15075E+03,1.0000E-15
3.15286E+03,1.0000E-15
3.15498E+03,1.0000E-15
3.15710E+03,1.0000E-15
3.15922E+03,1.0000E-15
3.16134E+03,1.0000E-15
3.16346E+03,1.0000E-15
3.16558E+03,1.0000E-15
3.16770E+03,1.0000E-15
3.16982E+03,1.0000E-15
3.17194E+03,1.0000E-15
3.17406E+03,1.0000E-15
3.17618E+03,1.0000E-15
3.17831E+03,1.0000E-15
3.18043E+03,1.0000E-15
3.18255E+03,1.0000E-15
3.18467E+03,1.0000E-15
3.18679E+03,1.0000E-15
3.18891E+03,1.0000E-15
3.19103E+03,1.0000E-15
3.19316E+03,1.0000E-15
3.19528E+03,1.0000E-15
3.19740E+03,1.0000E-15
3.19952E+03,1.0000E-15
3.20164E+03,1.0000E-15
3.20377E+03,1.0000E-15
3.20589E+03,1.0000E-15
3.20801E+03,1.0000E-15
3.21014E+03,1.0000E-15
3.21226E+03,1.0000E-15
3.21438E+03,1.0000E-15
3.21651E+03,1.0000E-15
3.21863E+03,1.0000E-15
3.22075E+03,1.0000E-15
3.22288E+03,1.0000E-15
3.22500E+03,1.0000E-15
3.22712E+03,1.0000E-15
3.22925E+03,1.0000E-15
3.23137E+03,1.0000E-15
3.23350E+03,1.0000E-15
3.23562E+03,1.0000E-15
3.23775E+03,1.0000E-15
3.23987E+03,1.0000E-15
3.24200E+03,1.0000E-15
3.24412E+03,1.0000E-15
3.24625E+03,1.0000E-15
3.24837E+03,1.0000E-15
3.25050E+03,1.0000E-15
3.25263E+03,1.0000E-15
3.25475E+03,1.0000E-15
3.25688E+03,1.0000E-15
3.25900E+03,1.0000E-15
3.26113E+03,1.0000E-15
3.26326E+03,1.0000E-15
3.26538E+03,1.0000E-15
3.26751E+03,1.0000E-15
3.26964E+03,1.0000E-15
3.27176E+03,1.0000E-15
3.27389E+03,1.0000E-15
3.27602E+03,1.0000E-15
3.27815E+03,1.0000E-15
3.28027E+03,1.0000E-15
3.28240E+03,1.0000E-15
3.28453E+03,1.0000E-15
3.28666E+03,1.0000E-15
3.28879E+03,1.0000E-15
3.29092E+03,1.0000E-15
3.29304E+03,1.0000E-15
3.29517E+03,1.0000E-15
3.29730E+03,1.0000E-15
3.29943E+03,1.0000E-15
3.30156E+03,1.0000E-15
3.30369E+03,1.0000E-15
3.30582E+03,1.0000E-15
3.30795E+03,1.0000E-15
3.31008E+03,1.0000E-15
3.31221E+03,1.0000E-15
3.31434E+03,1.0000E-15
3.31647E+03,1.0000E-15
3.31860E+03,1.0000E-15
3.32073E+03,1.0000E-15
3.32286E+03,1.0000E-15
3.32499E+03,1.0000E-15
3.32712E+03,1.0000E-15
3.32925E+03,1.0000E-15
3.33138E+03,1.0000E-15
3.33351E+03,1.0000E-15
3.33565E+03,1.0000E-15
3.33778E+03,1.0000E-15
3.33991E+03,1.0000E-15
3.34204E+03,1.0000E-15
3.34417E+03,1.0000E-15
3.34630E+03,1.0000E-15
3.34844E+03,1.0000E-15
3.35057E+03,1.0000E-15
3.35270E+03,1.0000E-15
3.35483E+03,1.0000E-15
3.35697E+03,1.0000E-15
3.35910E+03,1.0000E-15
3.36123E+03,1.0000E-15
3.36337E+03,1.0000E-15
3.36550E+03,1.0000E-15
3.36763E+03,1.0000E-15
3.36977E+03,1.0000E-15
3.37190E+03,1.0000E-15
3.37403E+03,1.0000E-15
3.37617E+03,1.0000E-15
3.37830E+03,1.0000E-15
3.38044E+03,1.0000E-15
3.38257E+03,1.0000E-15
3.38471E+03,1.0000E-15
3.38684E+03,1.0000E-15
3.38898E+03,1.0000E-15
3.39111E+03,1.0000E-15
3.39325E+03,1.0000E-15
3.39538E+03,1.0000E-15
3.39752E+03,1.0000E-15
3.39965E+03,1.0000E-15
3.40179E+03,1.0000E-15
3.40392E+03,1.0000E-15
3.40606E+03,1.0000E-15
3.40820E+03,1.0000E-15
3.41033E+03,1.0000E-15
3.41247E+03,1.0000E-15
3.41461E+03,1.0000E-15
3.41674E+03,1.0000E-15
3.41888E+03,1.0000E-15
3.42102E+03,1.0000E-15
3.42315E+03,1.0000E-15
3.42529E+03,1.0000E-15
3.42743E+03,1.0000E-15
3.42957E+03,1.0000E-15
3.43170E+03,1.0000E-15
3.43384E+03,1.0000E-15
3.43598E+03,1.0000E-15
3.43812E+03,1.0000E-15
3.44026E+03,1.0000E-15
3.44239E+03,1.0000E-15
3.44453E+03,1.0000E-15
3.44667E+03,1.0000E-15
3.44881E+03,1.0000E-15
3.45095E+03,1.0000E-15
3.45309E+03,1.0000E-15
3.45523E+03,1.0000E-15
3.45737E+03,1.0000E-15
3.45951E+03,1.0000E-15
3.46165E+03,1.0000E-15
3.46379E+03,1.0000E-15
3.46593E+03,1.0000E-15
3.46807E+03,1.0000E-15
3.47021E+03,1.0000E-15
3.47235E+03,1.0000E-15
3.47449E+03,1.0000E-15
3.47663E+03,1.0000E-15
3.47877E+03,1.0000E-15
3.48091E+03,1.0000E-15
3.48305E+03,1.0000E-15
3.48519E+03,1.0000E-15
3.48733E+03,1.0000E-15
3.48948E+03,1.0000E-15
3.49162E+03,1.0000E-15
3.49376E+03,1.0000E-15
3.49590E+03,1.0000E-15
3.49804E+03,1.0000E-15
3.50019E+03,1.0000E-15
3.50233E+03,1.0000E-15
3.50447E+03,1.0000E-15
3.50661E+03,1.0000E-15
3.50876E+03,1.0000E-15
3.51090E+03,1.0000E-15
3.51304E+03,1.0000E-15
3.51518E+03,1.0000E-15
3.51733E+03,1.0000E-15
3.51947E+03,1.0000E-15
3.52161E+03,1.0000E-15
3.52376E+03,1.0000E-15
3.52590E+03,1.0000E-15
3.52805E+03,1.0000E-15
3.53019E+03,1.0000E-15
3.53233E+03,1.0000E-15
3.53448E+03,1.0000E-15
3.53662E+03,1.0000E-15
3.53877E+03,1.0000E-15
3.54091E+03,1.0000E-15
3.54306E+03,1.0000E-15
3.54520E+03,1.0000E-15
3.54735E+03,1.0000E-15
3.54949E+03,1.0000E-15
3.55164E+03,1.0000E-15
3.55379E+03,1.0000E-15
3.55593E+03,1.0000E-15
3.55808E+03,1.0000E-15
3.56022E+03,1.0000E-15
3.56237E+03,1.0000E-15
3.56452E+03,1.0000E-15
3.56666E+03,1.0000E-15
3.56881E+03,1.0000E-15
3.57096E+03,1.0000E-15
3.57310E+03,1.0000E-15
3.57525E+03,1.0000E-15
3.57740E+03,1.0000E-15
3.57954E+03,1.0000E-15
3.58169E+03,1.0000E-15
3.58384E+03,1.0000E-15
3.58599E+03,1.0000E-15
3.58814E+03,1.0000E-15
3.59028E+03,1.0000E-15
3.59243E+03,1.0000E-15
3.59458E+03,1.0000E-15
3.59673E+03,1.0000E-15
3.59888E+03,1.0000E-15
3.60103E+03,1.0000E-15
3.60317E+03,1.0000E-15
3.60532E+03,1.0000E-15
3.60747E+03,1.0000E-15
3.60962E+03,1.0000E-15
3.61177E+03,1.0000E-15
3.61392E+03,1.0000E-15
3.61607E+03,1.0000E-15
3.61822E+03,1.0000E-15
3.62037E+03,1.0000E-15
3.62252E+03,1.0000E-15
3.62467E+03,1.0000E-15
3.62682E+03,1.0000E-15
3.62897E+03,1.0000E-15
3.63112E+03,1.0000E-15
3.63327E+03,1.0000E-15
3.63542E+03,1.0000E-15
3.63758E+03,1.0000E-15
3.63973E+03,1.0000E-15
3.64188E+03,1.0000E-15
3.64403E+03,1.0000E-15
3.64618E+03,1.0000E-15
3.64833E+03,1.0000E-15
3.65048E+03,1.0000E-15
3.65264E+03,1.0000E-15
3.65479E+03,1.0000E-15
3.65694E+03,1.0000E-15
3.65909E+03,1.0000E-15
3.66125E+03,1.0000E-15
3.66340E+03,1.0000E-15
3.66555E+03,1.0000E-15
3.66770E+03,1.0000E-15
3.66986E+03,1.0000E-15
3.67201E+03,1.0000E-15
3.67416E+03,1.0000E-15
3.67632E+03,1.0000E-15
3.67847E+03,1.0000E-15
3.68063E+03,1.0000E-15
3.68278E+03,1.0000E-15
3.68493E+03,1.0000E-15
3.68709E+03,1.0000E-15
3.68924E+03,1.0000E-15
3.69140E+03,1.0000E-15
3.69355E+03,1.0000E-15
3.69571E+03,1.0000E-15
3.69786E+03,1.0000E-15
3.70002E+03,1.0000E-15
3.70217E+03,1.0000E-15
3.70433E+03,1.0000E-15
3.70648E+03,1.0000E-15
3.70864E+03,1.0000E-15
3.71079E+03,1.0000E-15
3.71295E+03,1.0000E-15
3.71511E+03,1.0000E-15
3.71726E+03,1.0000E-15
3.71942E+03,1.0000E-15
3.72157E+03,1.0000E-15
3.72373E+03,1.0000E-15
3.72589E+03,1.0000E-15
3.72804E+03,1.0000E-15
3.73020E+03,1.0000E-15
3.73236E+03,1.0000E-15
3.73452E+03,1.0000E-15
3.73667E+03,1.0000E-15
3.73883E+03,1.0000E-15
3.74099E+03,1.0000E-15
3.74315E+03,1.0000E-15
3.74530E+03,1.0000E-15
3.74746E+03,1.0000E-15
3.74962E+03,1.0000E-15
3.75178E+03,1.0000E-15
3.75394E+03,1.0000E-15
3.75610E+03,1.0000E-15
3.75825E+03,1.0000E-15
3.76041E+03,1.0000E-15
3.76257E+03,1.0000E-15
3.76473E+03,1.0000E-15
3.76689E+03,1.0000E-15
3.76905E+03,1.0000E-15
3.77121E+03,1.0000E-15
3.77337E+03,1.0000E-15
3.77553E+03,1.0000E-15
3.77769E+03,1.0000E-15
3.77985E+03,1.0000E-15
3.78201E+03,1.0000E-15
3.78417E+03,1.0000E-15
3.78633E+03,1.0000E-15
3.78849E+03,1.0000E-15
3.79065E+03,1.0000E-15
3.79281E+03,1.0000E-15
3.79497E+03,1.0000E-15
3.79714E+03,1.0000E-15
3.79930E+03,1.0000E-15
3.80146E+03,1.0000E-15
3.80362E+03,1.0000E-15
3.80578E+03,1.0000E-15
3.80794E+03,1.0000E-15
3.81011E+03,1.0000E-15
3.81227E+03,1.0000E-15
3.81443E+03,1.0000E-15
3.81659E+03,1.0000E-15
3.81875E+03,1.0000E-15
3.82092E+03,1.0000E-15
3.82308E+03,1.0000E-15
3.82524E+03,1.0000E-15
3.82741E+03,1.0000E-15
3.82957E+03,1.0000E-15
3.83173E+03,1.0000E-15
3.83390E+03,1.0000E-15
3.83606E+03,1.0000E-15
3.83822E+03,1.0000E-15
3.84039E+03,1.0000E-15
3.84255E+03,1.0000E-15
3.84472E+03,1.0000E-15
3.84688E+03,1.0000E-15
3.84904E+03,1.0000E-15
3.85121E+03,1.0000E-15
3.85337E+03,1.0000E-15
3.85554E+03,1.0000E-15
3.85770E+03,1.0000E-15
3.85987E+03,1.0000E-15
3.86203E+03,1.0000E-15
3.86420E+03,1.0000E-15
3.86637E+03,1.0000E-15
3.86853E+03,1.0000E-15
3.87070E+03,1.0000E-15
3.87286E+03,1.0000E-15
3.87503E+03,1.0000E-15
3.87720E+03,1.0000E-15
3.87936E+03,1.0000E-15
3.88153E+03,1.0000E-15
3.88369E+03,1.0000E-15
3.88586E+03,1.0000E-15
3.88803E+03,1.0000E-15
3.89020E+03,1.0000E-15
3.89236E+03,1.0000E-15
3.89453E+03,1.0000E-15
3.89670E+03,1.0000E-15
3.89886E+03,1.0000E-15
3.90103E+03,1.0000E-15
3.90320E+03,1.0000E-15
3.90537E+03,1.0000E-15
3.90754E+03,1.0000E-15
3.90970E+03,1.0000E-15
3.91187E+03,1.0000E-15
3.91404E+03,1.0000E-15
3.91621E+03,1.0000E-15
3.91838E+03,1.0000E-15
3.92055E+03,1.0000E-15
3.92272E+03,1.0000E-15
3.92489E+03,1.0000E-15
3.92706E+03,1.0000E-15
3.92922E+03,1.0000E-15
3.93139E+03,1.0000E-15
3.93356E+03,1.0000E-15
3.93573E+03,1.0000E-15
3.93790E+03,1.0000E-15
3.94007E+03,1.0000E-15
3.94224E+03,1.0000E-15
3.94441E+03,1.0000E-15
3.94658E+03,1.0000E-15
3.94876E+03,1.0000E-15
3.95093E+03,1.0000E-15
3.95310E+03,1.0000E-15
3.95527E+03,1.0000E-15
3.95744E+03,1.0000E-15
3.95961E+03,1.0000E-15
3.96178E+03,1.0000E-15
3.96395E+03,1.0000E-15
3.96613E+03,1.0000E-15
3.96830E+03,1.0000E-15
3.97047E+03,1.0000E-15
3.97264E+03,1.0000E-15
3.97481E+03,1.0000E-15
3.97699E+03,1.0000E-15
3.97916E+03,1.0000E-15
3.98133E+03,1.0000E-15
3.98350E+03,1.0000E-15
3.98568E+03,1.0000E-15
3.98785E+03,1.0000E-15
3.99002E+03,1.0000E-15
3.99220E+03,1.0000E-15
3.99437E+03,1.0000E-15
3.99654E+03,1.0000E-15
3.99872E+03,1.0000E-15
4.00089E+03,1.0000E-15
4.00306E+03,1.0000E-15
4.00524E+03,1.0000E-15
4.00741E+03,1.0000E-15
4.00959E+03,1.0000E-15
4.01176E+03,1.0000E-15
4.01394E+03,1.0000E-15
4.01611E+03,1.0000E-15
4.01829E+03,1.0000E-15
4.02046E+03,1.0000E-15
4.02264E+03,1.0000E-15
4.02481E+03,1.0000E-15
4.02699E+03,1.0000E-15
4.02916E+03,1.0000E-15
4.03134E+03,1.0000E-15
4.03351E+03,1.0000E-15
4.03569E+03,1.0000E-15
4.03787E+03,1.0000E-15
4.04004E+03,1.0000E-15
4.04222E+03,1.0000E-15
4.04440E+03,1.0000E-15
4.04657E+03,1.0000E-15
4.04875E+03,1.0000E-15
4.05093E+03,1.0000E-15
4.05310E+03,1.0000E-15
4.05528E+03,1.0000E-15
4.05746E+03,1.0000E-15
4.05964E+03,1.0000E-15
4.06181E+03,1.0000E-15
4.06399E+03,1.0000E-15
4.06617E+03,1.0000E-15
4.06835E+03,1.0000E-15
4.07052E+03,1.0000E-15
4.07270E+03,1.0000E-15
4.07488E+03,1.0000E-15
4.07706E+03,1.0000E-15
4.07924E+03,1.0000E-15
4.08142E+03,1.0000E-15
4.08360E+03,1.0000E-15
4.08577E+03,1.0000E-15
4.08795E+03,1.0000E-15
4.09013E+03,1.0000E-15
4.09231E+03,1.0000E-15
4.09449E+03,1.0000E-15
4.09667E+03,1.0000E-15
4.09885E+03,1.0000E-15
4.10103E+03,1.0000E-15
4.10321E+03,1.0000E-15
4.10539E+03,1.0000E-15
4.10757E+03,1.0000E-15
4.10975E+03,1.0000E-15
4.11193E+03,1.0000E-15
4.11411E+03,1.0000E-15
4.11630E+03,1.0000E-15
4.11848E+03,1.0000E-15
4.12066E+03,1.0000E-15
4.12284E+03,1.0000E-15
4.12502E+03,1.0000E-15
4.12720E+03,1.0000E-15
4.12938E+03,1.0000E-15
4.13157E+03,1.0000E-15
4.13375E+03,1.0000E-15
4.13593E+03,1.0000E-15
4.13811E+03,1.0000E-15
4.14029E+03,1.0000E-15
4.14248E+03,1.0000E-15
4.14466E+03,1.0000E-15
4.14684E+03,1.0000E-15
4.14902E+03,1.0000E-15
4.15121E+03,1.0000E-15
4.15339E+03,1.0000E-15
4.15557E+03,1.0000E-15
4.15776E+03,1.0000E-15
4.15994E+03,1.0000E-15
4.16212E+03,1.0000E-15
4.16431E+03,1.0000E-15
4.16649E+03,1.0000E-15
4.16868E+03,1.0000E-15
4.17086E+03,1.0000E-15
4.17304E+03,1.0000E-15
4.17523E+03,1.0000E-15
4.17741E+03,1.0000E-15
4.17960E+03,1.0000E-15
4.18178E+03,1.0000E-15
4.18397E+03,1.0000E-15
4.18615E+03,1.0000E-15
4.18834E+03,1.0000E-15
4.19052E+03,1.0000E-15
4.19271E+03,1.0000E-15
4.19489E+03,1.0000E-15
4.19708E+03,1.0000E-15
4.19927E+03,1.0000E-15
4.20145E+03,1.0000E-15
4.20364E+03,1.0000E-15
4.20582E+03,1.0000E-15
4.20801E+03,1.0000E-15
4.21020E+03,1.0000E-15
4.21238E+03,1.0000E-15
4.21457E+03,1.0000E-15
4.21676E+03,1.0000E-15
4.21895E+03,1.0000E-15
4.22113E+03,1.0000E-15
4.22332E+03,1.0000E-15
4.22551E+03,1.0000E-15
4.22769E+03,1.0000E-15
4.22988E+03,1.0000E-15
4.23207E+03,1.0000E-15
4.23426E+03,1.0000E-15
4.23645E+03,1.0000E-15
4.23863E+03,1.0000E-15
4.24082E+03,1.0000E-15
4.24301E+03,1.0000E-15
4.24520E+03,1.0000E-15
4.24739E+03,1.0000E-15
4.24958E+03,1.0000E-15
4.25177E+03,1.0000E-15
4.25396E+03,1.0000E-15
4.25615E+03,1.0000E-15
4.25833E+03,1.0000E-15
4.26052E+03,1.0000E-15
4.26271E+03,1.0000E-15
4.26490E+03,1.0000E-15
4.26709E+03,1.0000E-15
4.26928E+03,1.0000E-15
4.27147E+03,1.0000E-15
4.27366E+03,1.0000E-15
4.27585E+03,1.0000E-15
4.27805E+03,1.0000E-15
4.28024E+03,1.0000E-15
4.28243E+03,1.0000E-15
4.28462E+03,1.0000E-15
4.28681E+03,1.0000E-15
4.28900E+03,1.0000E-15
4.29119E+03,1.0000E-15
4.29338E+03,1.0000E-15
4.29557E+03,1.0000E-15
4.29777E+03,1.0000E-15
4.29996E+03,1.0000E-15
4.30215E+03,1.0000E-15
4.30434E+03,1.0000E-15
4.30653E+03,1.0000E-15
4.30873E+03,1.0000E-15
4.31092E+03,1.0000E-15
4.31311E+03,1.0000E-15
4.31530E+03,1.0000E-15
4.31750E+03,1.0000E-15
4.31969E+03,1.0000E-15
4.32188E+03,1.0000E-15
4.32408E+03,1.0000E-15
4.32627E+03,1.0000E-15
4.32846E+03,1.0000E-15
4.33066E+03,1.0000E-15
4.33285E+03,1.0000E-15
4.33505E+03,1.0000E-15
4.33724E+03,1.0000E-15
4.33943E+03,1.0000E-15
4.34163E+03,1.0000E-15
4.34382E+03,1.0000E-15
4.34602E+03,1.0000E-15
4.34821E+03,1.0000E-15
4.35041E+03,1.0000E-15
4.35260E+03,1.0000E-15
4.35480E+03,1.0000E-15
4.35699E+03,1.0000E-15
4.35919E+03,1.0000E-15
4.36138E+03,1.0000E-15
4.36358E+03,1.0000E-15
4.36577E+03,1.0000E-15
4.36797E+03,1.0000E-15
4.37017E+03,1.0000E-15
4.37236E+03,1.0000E-15
4.37456E+03,1.0000E-15
4.37676E+03,1.0000E-15
4.37895E+03,1.0000E-15
4.38115E+03,1.0000E-15
4.38335E+03,1.0000E-15
4.38554E+03,1.0000E-15
4.38774E+03,1.0000E-15
4.38994E+03,1.0000E-15
4.39213E+03,1.0000E-15
4.39433E+03,1.0000E-15
4.39653E+03,1.0000E-15
4.39873E+03,1.0000E-15
4.40092E+03,1.0000E-15
4.40312E+03,1.0000E-15
4.40532E+03,1.0000E-15
4.40752E+03,1.0000E-15
4.40972E+03,1.0000E-15
4.41192E+03,1.0000E-15
4.41411E+03,1.0000E-15
4.41631E+03,1.0000E-15
4.41851E+03,1.0000E-15
4.42071E+03,1.0000E-15
4.42291E+03,1.0000E-15
4.42511E+03,1.0000E-15
4.42731E+03,1.0000E-15
4.42951E+03,1.0000E-15
4.43171E+03,1.0000E-15
4.43391E+03,1.0000E-15
4.43611E+03,1.0000E-15
4.43831E+03,1.0000E-15
4.44051E+03,1.0000E-15
4.44271E+03,1.0000E-15
4.44491E+03,1.0000E-15
4.44711E+03,1.0000E-15
4.44931E+03,1.0000E-15
4.45151E+03,1.0000E-15
4.45371E+03,1.0000E-15
4.45591E+03,1.0000E-15
4.45811E+03,1.0000E-15
4.46031E+03,1.0000E-15
4.46252E+03,1.0000E-15
4.46472E+03,1.0000E-15
4.46692E+03,1.0000E-15
4.46912E+03,1.0000E-15
4.47132E+03,1.0000E-15
4.47352E+03,1.0000E-15
4.47573E+03,1.0000E-15
4.47793E+03,1.0000E-15
4.48013E+03,1.0000E-15
4.48233E+03,1.0000E-15
4.48454E+03,1.0000E-15
4.48674E+03,1.0000E-15
4.48894E+03,1.0000E-15
4.49115E+03,1.0000E-15
4.49335E+03,1.0000E-15
4.49555E+03,1.0000E-15
4.49776E+03,1.0000E-15
4.49996E+03,1.0000E-15
4.50216E+03,1.0000E-15
4.50437E+03,1.0000E-15
4.50657E+03,1.0000E-15
4.50878E+03,1.0000E-15
4.51098E+03,1.0000E-15
4.51318E+03,1.0000E-15
4.51539E+03,1.0000E-15
4.51759E+03,1.0000E-15
4.51980E+03,1.0000E-15
4.52200E+03,1.0000E-15
4.52421E+03,1.0000E-15
4.52641E+03,1.0000E-15
4.52862E+03,1.0000E-15
4.53082E+03,1.0000E-15
4.53303E+03,1.0000E-15
4.53523E+03,1.0000E-15
4.53744E+03,1.0000E-15
4.53965E+03,1.0000E-15
4.54185E+03,1.0000E-15
4.54406E+03,1.0000E-15
4.54626E+03,1.0000E-15
4.54847E+03,1.0000E-15
4.55068E+03,1.0000E-15
4.55288E+03,1.0000E-15
4.55509E+03,1.0000E-15
4.55730E+03,1.0000E-15
4.55950E+03,1.0000E-15
4.56171E+03,1.0000E-15
4.56392E+03,1.0000E-15
4.56613E+03,1.0000E-15
4.56833E+03,1.0000E-15
4.57054E+03,1.0000E-15
4.57275E+03,1.0000E-15
4.57496E+03,1.0000E-15
4.57716E+03,1.0000E-15
4.57937E+03,1.0000E-15
4.58158E+03,1.0000E-15
4.58379E+03,1.0000E-15
4.58600E+03,1.0000E-15
4.58821E+03,1.0000E-15
4.59042E+03,1.0000E-15
4.59262E+03,1.0000E-15
4.59483E+03,1.0000E-15
4.59704E+03,1.0000E-15
4.59925E+03,1.0000E-15
4.60146E+03,1.0000E-15
4.60367E+03,1.0000E-15
4.60588E+03,1.0000E-15
4.60809E+03,1.0000E-15
4.61030E+03,1.0000E-15
4.61251E+03,1.0000E-15
4.61472E+03,1.0000E-15
4.61693E+03,1.0000E-15
4.61914E+03,1.0000E-15
4.62135E+03,1.0000E-15
4.62356E+03,1.0000E-15
4.62577E+03,1.0000E-15
4.62798E+03,1.0000E-15
4.63020E+03,1.0000E-15
4.63241E+03,1.0000E-15
4.63462E+03,1.0000E-15
4.63683E+03,1.0000E-15
4.63904E+03,1.0000E-15
4.64125E+03,1.0000E-15
4.64346E+03,1.0000E-15
4.64568E+03,1.0000E-15
4.64789E+03,1.0000E-15
4.65010E+03,1.0000E-15
4.65231E+03,1.0000E-15
4.65453E+03,1.0000E-15
4.65674E+03,1.0000E-15
4.65895E+03,1.0000E-15
4.66116E+03,1.0000E-15
4.66338E+03,1.0000E-15
4.66559E+03,1.0000E-15
4.66780E+03,1.0000E-15
4.67002E+03,1.0000E-15
4.67223E+03,1.0000E-15
4.67444E+03,1.0000E-15
4.67666E+03,1.0000E-15
4.67887E+03,1.0000E-15
4.68108E+03,1.0000E-15
4.68330E+03,1.0000E-15
4.68551E+03,1.0000E-15
4.68773E+03,1.0000E-15
4.68994E+03,1.0000E-15
4.69216E+03,1.0000E-15
4.69437E+03,1.0000E-15
4.69659E+03,1.0000E-15
4.69880E+03,1.0000E-15
4.70102E+03,1.0000E-15
4.70323E+03,1.0000E-15
4.70545E+03,1.0000E-15
4.70766E+03,1.0000E-15
4.70988E+03,1.0000E-15
4.71209E+03,1.0000E-15
4.71431E+03,1.0000E-15
4.71652E+03,1.0000E-15
4.71874E+03,1.0000E-15
4.72096E+03,1.0000E-15
4.72317E+03,1.0000E-15
4.72539E+03,1.0000E-15
4.72761E+03,1.0000E-15
4.72982E+03,1.0000E-15
4.73204E+03,1.0000E-15
4.73426E+03,1.0000E-15
4.73647E+03,1.0000E-15
4.73869E+03,1.0000E-15
4.74091E+03,1.0000E-15
4.74313E+03,1.0000E-15
4.74534E+03,1.0000E-15
4.74756E+03,1.0000E-15
4.74978E+03,1.0000E-15
4.75200E+03,1.0000E-15
4.75422E+03,1.0000E-15
4.75643E+03,1.0000E-15
4.75865E+03,1.0000E-15
4.76087E+03,1.0000E-15
4.76309E+03,1.0000E-15
4.76531E+03,1.0000E-15
4.76753E+03,1.0000E-15
4.76975E+03,1.0000E-15
4.77196E+03,1.0000E-15
4.77418E+03,1.0000E-15
4.77640E+03,1.0000E-15
4.77862E+03,1.0000E-15
4.78084E+03,1.0000E-15
4.78306E+03,1.0000E-15
4.78528E+03,1.0000E-15
4.78750E+03,1.0000E-15
4.78972E+03,1.0000E-15
4.79194E+03,1.0000E-15
4.79416E+03,1.0000E-15
4.79638E+03,1.0000E-15
4.79860E+03,1.0000E-15
4.80082E+03,1.0000E-15
4.80304E+03,1.0000E-15
4.80527E+03,1.0000E-15
4.80749E+03,1.0000E-15
4.80971E+03,1.0000E-15
4.81193E+03,1.0000E-15
4.81415E+03,1.0000E-15
4.81637E+03,1.0000E-15
4.81859E+03,1.0000E-15
4.82082E+03,1.0000E-15
4.82304E+03,1.0000E-15
4.82526E+03,1.0000E-15
4.82748E+03,1.0000E-15
4.82970E+03,1.0000E-15
4.83193E+03,1.0000E-15
4.83415E+03,1.0000E-15
4.83637E+03,1.0000E-15
4.83859E+03,1.0000E-15
4.84082E+03,1.0000E-15
4.84304E+03,1.0000E-15
4.84526E+03,1.0000E-15
4.84749E+03,1.0000E-15
4.84971E+03,1.0000E-15
4.85193E+03,1.0000E-15
4.85416E+03,1.0000E-15
4.85638E+03,1.0000E-15
4.85860E+03,1.0000E-15
4.86083E+03,1.0000E-15
4.86305E+03,1.0000E-15
4.86528E+03,1.0000E-15
4.86750E+03,1.0000E-15
4.86973E+03,1.0000E-15
4.87195E+03,1.0000E-15
4.87418E+03,1.0000E-15
4.87640E+03,1.0000E-15
4.87863E+03,1.0000E-15
4.88085E+03,1.0000E-15
4.88308E+03,1.0000E-15
4.88530E+03,1.0000E-15
4.88753E+03,1.0000E-15
4.88975E+03,1.0000E-15
4.89198E+03,1.0000E-15
4.89420E+03,1.0000E-15
4.89643E+03,1.0000E-15
4.89866E+03,1.0000E-15
4.90088E+03,1.0000E-15
4.90311E+03,1.0000E-15
4.90533E+03,1.0000E-15
4.90756E+03,1.0000E-15
4.90979E+03,1.0000E-15
4.91201E+03,1.0000E-15
4.91424E+03,1.0000E-15
4.91647E+03,1.0000E-15
4.91870E+03,1.0000E-15
4.92092E+03,1.0000E-15
4.92315E+03,1.0000E-15
4.92538E+03,1.0000E-15
4.92761E+03,1.0000E-15
4.92983E+03,1.0000E-15
4.93206E+03,1.0000E-15
4.93429E+03,1.0000E-15
4.93652E+03,1.0000E-15
4.93875E+03,1.0000E-15
4.94098E+03,1.0000E-15
4.94320E+03,1.0000E-15
4.94543E+03,1.0000E-15
4.94766E+03,1.0000E-15
4.94989E+03,1.0000E-15
4.95212E+03,4.4510E-08
4.95435E+03,3.0257E-08
4.95658E+03,4.1171E-08
4.95881E+03,3.3650E-08
4.96104E+03,4.0111E-08
4.96327E+03,3.0208E-08
4.96550E+03,4.2983E-08
4.96773E+03,3.0561E-08
4.96996E+03,4.3755E-08
4.97219E+03,3.1646E-08
4.97442E+03,4.1465E-08
4.97665E+03,3.0042E-08
4.97888E+03,4.3701E-08
4.98111E+03,3.6804E-08
4.98334E+03,4.4300E-08
4.98557E+03,3.7762E-08
4.98780E+03,5.1094E-08
4.99003E+03,3.9099E-08
4.99226E+03,5.8157E-08
4.99449E+03,4.3617E-08
4.99673E+03,6.2083E-08
4.99896E+03,5.2750E-08
5.00119E+03,7.2476E-08
5.00342E+03,6.8199E-08
5.00565E+03,7.7441E-08
5.00788E+03,7.6858E-08
5.01012E+03,9.0232E-08
5.01235E+03,8.8895E-08
5.01458E+03,9.5963E-08
5.01681E+03,9.3436E-08
5.01905E+03,1.0217E-07
5.02128E+03,1.0132E-07
5.02351E+03,1.0816E-07
5.02575E+03,1.0003E-07
5.02798E+03,1.1168E-07
5.03021E+03,1.0731E-07
5.03245E+03,1.1673E-07
5.03468E+03,1.0657E-07
5.03691E+03,1.2452E-07
5.03915E+03,1.2035E-07
5.04138E+03,1.3208E-07
5.04361E+03,1.3373E-07
5.04585E+03,1.4835E-07
5.04808E+03,1.5440E-07
5.05032E+03,1.7225E-07
5.05255E+03,1.8486E-07
5.05479E+03,2.0708E-07
5.05702E+03,2.2392E-07
5.05926E+03,2.4858E-07
5.06149E+03,2.7052E-07
5.06373E+03,3.1227E-07
5.06596E+03,3.5710E-07
5.06820E+03,4.1095E-07
5.07043E+03,4.8067E-07
5.07267E+03,5.5487E-07
5.07490E+03,6.4773E-07
5.07714E+03,7.2818E-07
5.07938E+03,8.4365E-07
5.08161E+03,9.3183E-07
5.08385E+03,1.0620E-06
5.08608E+03,1.1263E-06
5.08832E+03,1.2587E-06
5.09056E+03,1.3277E-06
5.09279E+03,1.4330E-06
5.09503E+03,1.4831E-06
5.09727E+03,1.5841E-06
5.09951E+03,1.5956E-06
5.10174E+03,1.6868E-06
5.10398E+03,1.6883E-06
5.10622E+03,1.7683E-06
5.10845E+03,1.7490E-06
5.11069E+03,1.8257E-06
5.11293E+03,1.8038E-06
5.11517E+03,1.8883E-06
5.11741E+03,1.8498E-06
5.11964E+03,1.9506E-06
5.12188E+03,1.9086E-06
5.12412E+03,1.9625E-06
5.12636E+03,1.9106E-06
5.12860E+03,1.9795E-06
5.13084E+03,1.9310E-06
5.13307E+03,1.9466E-06
5.13531E+03,1.8796E-06
5.13755E+03,1.9003E-06
5.13979E+03,1.8208E-06
5.14203E+03,1.8252E-06
5.14427E+03,1.7317E-06
5.14651E+03,1.7052E-06
5.14875E+03,1.6160E-06
5.15099E+03,1.6025E-06
5.15323E+03,1.5038E-06
5.15547E+03,1.4811E-06
5.15771E+03,1.4031E-06
5.15995E+03,1.3880E-06
5.16219E+03,1.3207E-06
5.16443E+03,1.3309E-06
5.16667E+03,1.2715E-06
5.16891E+03,1.2900E-06
5.17115E+03,1.2546E-06
5.17339E+03,1.2898E-06
5.17564E+03,1.2770E-06
5.17788E+03,1.3253E-06
5.18012E+03,1.3353E-06
5.18236E+03,1.4289E-06
5.18460E+03,1.4289E-06
5.18684E+03,1.5214E-06
5.18909E+03,1.5477E-06
5.19133E+03,1.6413E-06
5.19357E+03,1.6630E-06
5.19581E+03,1.7501E-06
5.19805E+03,1.8191E-06
5.20030E+03,1.8034E-06
5.20254E+03,1.8466E-06
5.20478E+03,1.7979E-06
5.20702E+03,1.8338E-06
5.20927E+03,1.7617E-06
5.21151E+03,1.7637E-06
5.21375E+03,1.6815E-06
5.21600E+03,1.6702E-06
5.21824E+03,1.5823E-06
5.22048E+03,1.5400E-06
5.22273E+03,1.4748E-06
5.22497E+03,1.4313E-06
5.22721E+03,1.3649E-06
5.22946E+03,1.3277E-06
5.23170E+03,1.2587E-06
5.23395E+03,1.2526E-06
5.23619E+03,1.1943E-06
5.23844E+03,1.1947E-06
5.24068E+03,1.1466E-06
5.24293E+03,1.1488E-06
5.24517E+03,1.1393E-06
5.24742E+03,1.1559E-06
5.24966E+03,1.1554E-06
5.25191E+03,1.1868E-06
5.25415E+03,1.1947E-06
5.25640E+03,1.2490E-06
5.25864E+03,1.2669E-06
5.26089E+03,1.3421E-06
5.26313E+03,1.3737E-06
5.26538E+03,1.4679E-06
5.26763E+03,1.5101E-06
5.26987E+03,1.6185E-06
5.27212E+03,1.6712E-06
5.27436E+03,1.7899E-06
5.27661E+03,1.8300E-06
5.27886E+03,1.9717E-06
5.28110E+03,2.0249E-06
5.28335E+03,2.1406E-06
5.28560E+03,2.2070E-06
5.28784E+03,2.3190E-06
5.29009E+03,2.3701E-06
5.29234E+03,2.5004E-06
5.29459E+03,2.5146E-06
5.29683E+03,2.6533E-06
5.29908E+03,2.6206E-06
5.30133E+03,2.7269E-06
5.30358E+03,2.7070E-06
5.30583E+03,2.8281E-06
5.30807E+03,2.7858E-06
5.31032E+03,2.8724E-06
5.31257E+03,2.8525E-06
5.31482E+03,2.9271E-06
5.31707E+03,2.8712E-06
5.31932E+03,2.9470E-06
5.32156E+03,2.9039E-06
5.32381E+03,3.0032E-06
5.32606E+03,2.9211E-06
5.32831E+03,2.9975E-06
5.33056E+03,2.9414E-06
5.33281E+03,3.0416E-06
5.33506E+03,2.9897E-06
5.33731E+03,3.0671E-06
5.33956E+03,3.0042E-06
5.34181E+03,3.1305E-06
5.34406E+03,3.0926E-06
5.34631E+03,3.1486E-06
5.34856E+03,3.0928E-06
5.35081E+03,3.1786E-06
5.35306E+03,3.1551E-06
5.35531E+03,3.2190E-06
5.35756E+03,3.1677E-06
5.35981E+03,3.2249E-06
5.36206E+03,3.1859E-06
5.36432E+03,3.2689E-06
5.36657E+03,3.1874E-06
5.36882E+03,3.2665E-06
5.37107E+03,3.2087E-06
5.37332E+03,3.2567E-06
5.37557E+03,3.2118E-06
5.37782E+03,3.2671E-06
5.38008E+03,3.1831E-06
5.38233E+03,3.2615E-06
5.38458E+03,3.2059E-06
5.38683E+03,3.2657E-06
5.38909E+03,3.1895E-06
5.39134E+03,3.2736E-06
5.39359E+03,3.2089E-06
5.39584E+03,3.2617E-06
5.39810E+03,3.1790E-06
5.40035E+03,3.2257E-06
5.40260E+03,3.1993E-06
5.40485E+03,3.2286E-06
5.40711E+03,3.1861E-06
5.40936E+03,3.2533E-06
5.41161E+03,3.1679E-06
5.41387E+03,3.2314E-06
5.41612E+03,3.1725E-06
5.41838E+03,3.2172E-06
5.42063E+03,3.1382E-06
5.42288E+03,3.1958E-06
5.42514E+03,3.1258E-06
5.42739E+03,3.1759E-06
5.42965E+03,3.1121E-06
5.43190E+03,3.1359E-06
5.43416E+03,3.0732E-06
5.43641E+03,3.1149E-06
5.43867E+03,3.0544E-06
5.44092E+03,3.1114E-06
5.44318E+03,3.0395E-06
5.44543E+03,3.0902E-06
5.44769E+03,3.0237E-06
5.44994E+03,3.0896E-06
5.45220E+03,3.0437E-06
5.45445E+03,3.0817E-06
5.45671E+03,3.0384E-06
5.45897E+03,3.1164E-06
5.46122E+03,3.0735E-06
5.46348E+03,3.1522E-06
5.46573E+03,3.1164E-06
5.46799E+03,3.1912E-06
5.47025E+03,3.1630E-06
5.47250E+03,3.2340E-06
5.47476E+03,3.2104E-06
5.47702E+03,3.2784E-06
5.47928E+03,3.2724E-06
5.48153E+03,3.3490E-06
5.48379E+03,3.3033E-06
5.48605E+03,3.3829E-06
5.48830E+03,3.3533E-06
5.49056E+03,3.4239E-06
5.49282E+03,3.4083E-06
5.49508E+03,3.4758E-06
5.49734E+03,3.4512E-06
5.49959E+03,3.5130E-06
5.50185E+03,3.4856E-06
5.50411E+03,3.5476E-06
5.50637E+03,3.5278E-06
5.50863E+03,3.5906E-06
5.51089E+03,3.5745E-06
5.51315E+03,3.6454E-06
5.51540E+03,3.5772E-06
5.51766E+03,3.6623E-06
5.51992E+03,3.5988E-06
5.52218E+03,3.6801E-06
5.52444E+03,3.6170E-06
5.52670E+03,3.7012E-06
5.52896E+03,3.6303E-06
5.53122E+03,3.7004E-06
5.53348E+03,3.6538E-06
5.53574E+03,3.7086E-06
5.53800E+03,3.6377E-06
5.54026E+03,3.7007E-06
5.54252E+03,3.6319E-06
5.54478E+03,3.7044E-06
5.54704E+03,3.6185E-06
5.54930E+03,3.6452E-06
5.55156E+03,3.5850E-06
5.55382E+03,3.6318E-06
5.55608E+03,3.5636E-06
5.55834E+03,3.5808E-06
5.56061E+03,3.5050E-06
5.56287E+03,3.5232E-06
5.56513E+03,3.4288E-06
5.56739E+03,3.4644E-06
5.56965E+03,3.3977E-06
5.57191E+03,3.3955E-06
5.57418E+03,3.3243E-06
5.57644E+03,3.3625E-06
5.57870E+03,3.2805E-06
5.58096E+03,3.2933E-06
5.58322E+03,3.2261E-06
5.58549E+03,3.2666E-06
5.58775E+03,3.1993E-06
5.59001E+03,3.2338E-06
5.59227E+03,3.1808E-06
5.59454E+03,3.2251E-06
5.59680E+03,3.1667E-06
5.59906E+03,3.2270E-06
5.60133E+03,3.1826E-06
5.60359E+03,3.2281E-06
5.60585E+03,3.2039E-06
5.60812E+03,3.2462E-06
5.61038E+03,3.2072E-06
5.61264E+03,3.2806E-06
5.61491E+03,3.2398E-06
5.61717E+03,3.3021E-06
5.61944E+03,3.2611E-06
5.62170E+03,3.3230E-06
5.62397E+03,3.2870E-06
5.62623E+03,3.3170E-06
5.62849E+03,3.2967E-06
5.63076E+03,3.3587E-06
5.63302E+03,3.3119E-06
5.63529E+03,3.3472E-06
5.63755E+03,3.3269E-06
5.63982E+03,3.3670E-06
5.64208E+03,3.3098E-06
5.64435E+03,3.3807E-06
5.64662E+03,3.3365E-06
5.64888E+03,3.3618E-06
5.65115E+03,3.3191E-06
5.65341E+03,3.3698E-06
5.65568E+03,3.3404E-06
5.65795E+03,3.3752E-06
5.66021E+03,3.3357E-06
5.66248E+03,3.3574E-06
5.66474E+03,3.2904E-06
5.66701E+03,3.3255E-06
5.66928E+03,3.2818E-06
5.67154E+03,3.3191E-06
5.67381E+03,3.2865E-06
5.67608E+03,3.3027E-06
5.67835E+03,3.2338E-06
5.68061E+03,3.2705E-06
5.68288E+03,3.2292E-06
5.68515E+03,3.2545E-06
5.68742E+03,3.2017E-06
5.68968E+03,3.2233E-06
5.69195E+03,3.1828E-06
5.69422E+03,3.1954E-06
5.69649E+03,3.1387E-06
5.69876E+03,3.1513E-06
5.70102E+03,3.1053E-06
5.70329E+03,3.1055E-06
5.70556E+03,3.0228E-06
5.70783E+03,3.0360E-06
5.71010E+03,2.9957E-06
5.71237E+03,3.0002E-06
5.71464E+03,2.9229E-06
5.71690E+03,2.9384E-06
5.71917E+03,2.8857E-06
5.72144E+03,2.8975E-06
5.72371E+03,2.8540E-06
5.72598E+03,2.8545E-06
5.72825E+03,2.8031E-06
5.73052E+03,2.8187E-06
5.73279E+03,2.7570E-06
5.73506E+03,2.7910E-06
5.73733E+03,2.7544E-06
5.73960E+03,2.7546E-06
5.74187E+03,2.7279E-06
5.74414E+03,2.7535E-06
5.74641E+03,2.7109E-06
5.74868E+03,2.7507E-06
5.75095E+03,2.7125E-06
5.75323E+03,2.7330E-06
5.75550E+03,2.6941E-06
5.75777E+03,2.7204E-06
5.76004E+03,2.6887E-06
5.76231E+03,2.7141E-06
5.76458E+03,2.6746E-06
5.76685E+03,2.6949E-06
5.76912E+03,2.6655E-06
5.77140E+03,2.6767E-06
5.77367E+03,2.6304E-06
5.77594E+03,2.6222E-06
5.77821E+03,2.6238E-06
5.78048E+03,2.5872E-06
5.78276E+03,2.5907E-06
5.78503E+03,2.5484E-06
5.78730E+03,2.5404E-06
5.78957E+03,2.5130E-06
5.79185E+03,2.5054E-06
5.79412E+03,2.4675E-06
5.79639E+03,2.4602E-06
5.79867E+03,2.4124E-06
5.80094E+03,2.4182E-06
5.80321E+03,2.3816E-06
5.80549E+03,2.3808E-06
5.80776E+03,2.3474E-06
5.81003E+03,2.3545E-06
5.81231E+03,2.3089E-06
5.81458E+03,2.3264E-06
5.81686E+03,2.2840E-06
5.81913E+03,2.2697E-06
5.82140E+03,2.2504E-06
5.82368E+03,2.2513E-06
5.82595E+03,2.2168E-06
5.82823E+03,2.2285E-06
5.83050E+03,2.1902E-06
5.83278E+03,2.2000E-06
5.83505E+03,2.1760E-06
5.83733E+03,2.1764E-06
5.83960E+03,2.1520E-06
5.84188E+03,2.1620E-06
5.84415E+03,2.1273E-06
5.84643E+03,2.1354E-06
5.84870E+03,2.1081E-06
5.85098E+03,2.1126E-06
5.85326E+03,2.0951E-06
5.85553E+03,2.0926E-06
5.85781E+03,2.0813E-06
5.86008E+03,2.0837E-06
5.86236E+03,2.0687E-06
5.86464E+03,2.0727E-06
5.86691E+03,2.0453E-06
5.86919E+03,2.0639E-06
5.87147E+03,2.0494E-06
5.87374E+03,2.0670E-06
5.87602E+03,2.0450E-06
5.87830E+03,2.0774E-06
5.88057E+03,2.0602E-06
5.88285E+03,2.0781E-06
5.88513E+03,2.0630E-06
5.88741E+03,2.0905E-06
5.88968E+03,2.0741E-06
5.89196E+03,2.1190E-06
5.89424E+03,2.1168E-06
5.89652E+03,2.1672E-06
5.89880E+03,2.1620E-06
5.90107E+03,2.2055E-06
5.90335E+03,2.2225E-06
5.90563E+03,2.2618E-06
5.90791E+03,2.2777E-06
5.91019E+03,2.3089E-06
5.91247E+03,2.3266E-06
5.91474E+03,2.3783E-06
5.91702E+03,2.3888E-06
5.91930E+03,2.4452E-06
5.92158E+03,2.4381E-06
5.92386E+03,2.4903E-06
5.92614E+03,2.4820E-06
5.92842E+03,2.5274E-06
5.93070E+03,2.5382E-06
5.93298E+03,2.5821E-06
5.93526E+03,2.5882E-06
5.93754E+03,2.6188E-06
5.93982E+03,2.6240E-06
5.94210E+03,2.6594E-06
5.94438E+03,2.6634E-06
5.94666E+03,2.6894E-06
5.94894E+03,2.6852E-06
5.95122E+03,2.7264E-06
5.95350E+03,2.7203E-06
5.95578E+03,2.7295E-06
5.95806E+03,2.7195E-06
5.96034E+03,2.7392E-06
5.96263E+03,2.7266E-06
5.96491E+03,2.7542E-06
5.96719E+03,2.7404E-06
5.96947E+03,2.7648E-06
5.97175E+03,2.7432E-06
5.97403E+03,2.7752E-06
5.97632E+03,2.7452E-06
5.97860E+03,2.7804E-06
5.98088E+03,2.7532E-06
5.98316E+03,2.7750E-06
5.98544E+03,2.7637E-06
5.98773E+03,2.7879E-06
5.99001E+03,2.7694E-06
5.99229E+03,2.8067E-06
5.99457E+03,2.7922E-06
5.99686E+03,2.8114E-06
5.99914E+03,2.8045E-06
6.00142E+03,2.8249E-06
6.00371E+03,2.8010E-06
6.00599E+03,2.8417E-06
6.00827E+03,2.8065E-06
6.01056E+03,2.8217E-06
6.01284E+03,2.8109E-06
6.01512E+03,2.8195E-06
6.01741E+03,2.7985E-06
6.01969E+03,2.8105E-06
6.02198E+03,2.7818E-06
6.02426E+03,2.7957E-06
6.02654E+03,2.7654E-06
6.02883E+03,2.7487E-06
6.03111E+03,2.7290E-06
6.03340E+03,2.7291E-06
6.03568E+03,2.6994E-06
6.03797E+03,2.7004E-06
6.04025E+03,2.6681E-06
6.04254E+03,2.6704E-06
6.04482E+03,2.6383E-06
6.04711E+03,2.6355E-06
6.04939E+03,2.6061E-06
6.05168E+03,2.6020E-06
6.05396E+03,2.5663E-06
6.05625E+03,2.5633E-06
6.05853E+03,2.5373E-06
6.06082E+03,2.5425E-06
6.06311E+03,2.5114E-06
6.06539E+03,2.5160E-06
6.06768E+03,2.4873E-06
6.06996E+03,2.4761E-06
6.07225E+03,2.4547E-06
6.07454E+03,2.4692E-06
6.07682E+03,2.4383E-06
6.07911E+03,2.4470E-06
6.08140E+03,2.4188E-06
6.08369E+03,2.4252E-06
6.08597E+03,2.4035E-06
6.08826E+03,2.4137E-06
6.09055E+03,2.3986E-06
6.09283E+03,2.4103E-06
6.09512E+03,2.3865E-06
6.09741E+03,2.4034E-06
6.09970E+03,2.3823E-06
6.10198E+03,2.3906E-06
6.10427E+03,2.3759E-06
6.10656E+03,2.3870E-06
6.10885E+03,2.3865E-06
6.11114E+03,2.3846E-06
6.11343E+03,2.3720E-06
6.11571E+03,2.3905E-06
6.11800E+03,2.3989E-06
6.12029E+03,2.3931E-06
6.12258E+03,2.4044E-06
6.12487E+03,2.4119E-06
6.12716E+03,2.4106E-06
6.12945E+03,2.4330E-06
6.13174E+03,2.4239E-06
6.13403E+03,2.4415E-06
6.13632E+03,2.4230E-06
6.13861E+03,2.4525E-06
6.14089E+03,2.4473E-06
6.14318E+03,2.4510E-06
6.14547E+03,2.4530E-06
6.14776E+03,2.4701E-06
6.15005E+03,2.4571E-06
6.15234E+03,2.4830E-06
6.15464E+03,2.4695E-06
6.15693E+03,2.4866E-06
6.15922E+03,2.4858E-06
6.16151E+03,2.4976E-06
6.16380E+03,2.5082E-06
6.16609E+03,2.5344E-06
6.16838E+03,2.5138E-06
6.17067E+03,2.5282E-06
6.17296E+03,2.5315E-06
6.17525E+03,2.5581E-06
6.17755E+03,2.5499E-06
6.17984E+03,2.5658E-06
6.18213E+03,2.5683E-06
6.18442E+03,2.5905E-06
6.18671E+03,2.5842E-06
6.18900E+03,2.5894E-06
6.19130E+03,2.5918E-06
6.19359E+03,2.6095E-06
6.19588E+03,2.5923E-06
6.19817E+03,2.6155E-06
6.20047E+03,2.6136E-06
6.20276E+03,2.6265E-06
6.20505E+03,2.6110E-06
6.20734E+03,2.6370E-06
6.20964E+03,2.6114E-06
6.21193E+03,2.6453E-06
6.21422E+03,2.6162E-06
6.21652E+03,2.6244E-06
6.21881E+03,2.6096E-06
6.22110E+03,2.6204E-06
6.22340E+03,2.5894E-06
6.22569E+03,2.5897E-06
6.22798E+03,2.5672E-06
6.23028E+03,2.5652E-06
6.23257E+03,2.5460E-06
6.23487E+03,2.5422E-06
6.23716E+03,2.5198E-06
6.23945E+03,2.5208E-06
6.24175E+03,2.4872E-06
6.24404E+03,2.4915E-06
6.24634E+03,2.4649E-06
6.24863E+03,2.4686E-06
6.25093E+03,2.4452E-06
6.25322E+03,2.4562E-06
6.25552E+03,2.4293E-06
6.25781E+03,2.4307E-06
6.26011E+03,2.4121E-06
6.26240E+03,2.4099E-06
6.26470E+03,2.3680E-06
6.26699E+03,2.3819E-06
6.26929E+03,2.3650E-06
6.27159E+03,2.3616E-06
6.27388E+03,2.3583E-06
6.27618E+03,2.3902E-06
6.27847E+03,2.3859E-06
6.28077E+03,2.3914E-06
6.28307E+03,2.4039E-06
6.28536E+03,2.4214E-06
6.28766E+03,2.4236E-06
6.28996E+03,2.4509E-06
6.29225E+03,2.4453E-06
6.29455E+03,2.4888E-06
6.29685E+03,2.4941E-06
6.29914E+03,2.5150E-06
6.30144E+03,2.5166E-06
6.30374E+03,2.5281E-06
6.30604E+03,2.5435E-06
6.30833E+03,2.5531E-06
6.31063E+03,2.5646E-06
6.31293E+03,2.5751E-06
6.31523E+03,2.5900E-06
6.31753E+03,2.6224E-06
6.31982E+03,2.6308E-06
6.32212E+03,2.6431E-06
6.32442E+03,2.6380E-06
6.32672E+03,2.6841E-06
6.32902E+03,2.6577E-06
6.33132E+03,2.6882E-06
6.33361E+03,2.6773E-06
6.33591E+03,2.6964E-06
6.33821E+03,2.6777E-06
6.34051E+03,2.7072E-06
6.34281E+03,2.6975E-06
6.34511E+03,2.7060E-06
6.34741E+03,2.6932E-06
6.34971E+03,2.7125E-06
6.35201E+03,2.6972E-06
6.35431E+03,2.7116E-06
6.35661E+03,2.7063E-06
6.35891E+03,2.7225E-06
6.36121E+03,2.7158E-06
6.36351E+03,2.7027E-06
6.36581E+03,2.7231E-06
6.36811E+03,2.7027E-06
6.37041E+03,2.7408E-06
6.37271E+03,2.7148E-06
6.37501E+03,2.7327E-06
6.37731E+03,2.7243E-06
6.37961E+03,2.7552E-06
6.38191E+03,2.7471E-06
6.38421E+03,2.7568E-06
6.38651E+03,2.7474E-06
6.38882E+03,2.7827E-06
6.39112E+03,2.7790E-06
6.39342E+03,2.7922E-06
6.39572E+03,2.7927E-06
6.39802E+03,2.7958E-06
6.40032E+03,2.7966E-06
6.40263E+03,2.8097E-06
6.40493E+03,2.7882E-06
6.40723E+03,2.8060E-06
6.40953E+03,2.7901E-06
6.41183E+03,2.8050E-06
6.41414E+03,2.7796E-06
6.41644E+03,2.7918E-06
6.41874E+03,2.7831E-06
6.42104E+03,2.7907E-06
6.42335E+03,2.7504E-06
6.42565E+03,2.7670E-06
6.42795E+03,2.7594E-06
6.43026E+03,2.7643E-06
6.43256E+03,2.7485E-06
6.43486E+03,2.7497E-06
6.43717E+03,2.7231E-06
6.43947E+03,2.7338E-06
6.44177E+03,2.7233E-06
6.44408E+03,2.7377E-06
6.44638E+03,2.7195E-06
6.44869E+03,2.7309E-06
6.45099E+03,2.7153E-06
6.45329E+03,2.7260E-06
6.45560E+03,2.7213E-06
6.45790E+03,2.7403E-06
6.46021E+03,2.7249E-06
6.46251E+03,2.7383E-06
6.46482E+03,2.7091E-06
6.46712E+03,2.7462E-06
6.46943E+03,2.7474E-06
6.47173E+03,2.7742E-06
6.47404E+03,2.7744E-06
6.47634E+03,2.7987E-06
6.47865E+03,2.7938E-06
6.48095E+03,2.8168E-06
6.48326E+03,2.8284E-06
6.48556E+03,2.8455E-06
6.48787E+03,2.8392E-06
6.49018E+03,2.8724E-06
6.49248E+03,2.8498E-06
6.49479E+03,2.8958E-06
6.49709E+03,2.8650E-06
6.49940E+03,2.9012E-06
6.50171E+03,2.8877E-06
6.50401E+03,2.9071E-06
6.50632E+03,2.8962E-06
6.50863E+03,2.9039E-06
6.51093E+03,2.8986E-06
6.51324E+03,2.9054E-06
6.51555E+03,2.8825E-06
6.51785E+03,2.8784E-06
6.52016E+03,2.8590E-06
6.52247E+03,2.8741E-06
6.52478E+03,2.8477E-06
6.52708E+03,2.8395E-06
6.52939E+03,2.8209E-06
6.53170E+03,2.8284E-06
6.53401E+03,2.7983E-06
6.53632E+03,2.8021E-06
6.53862E+03,2.7709E-06
6.54093E+03,2.7777E-06
6.54324E+03,2.7552E-06
6.54555E+03,2.7514E-06
6.54786E+03,2.7407E-06
6.55017E+03,2.7588E-06
6.55247E+03,2.7272E-06
6.55478E+03,2.7499E-06
6.55709E+03,2.7201E-06
6.55940E+03,2.7478E-06
6.56171E+03,2.7400E-06
6.56402E+03,2.7661E-06
6.56633E+03,2.7405E-06
6.56864E+03,2.7907E-06
6.57095E+03,2.7764E-06
6.57326E+03,2.7989E-06
6.57557E+03,2.8057E-06
6.57788E+03,2.8312E-06
6.58019E+03,2.8391E-06
6.58250E+03,2.8761E-06
6.58481E+03,2.8743E-06
6.58712E+03,2.9152E-06
6.58943E+03,2.9402E-06
6.59174E+03,2.9532E-06
6.59405E+03,2.9672E-06
6.59636E+03,3.0009E-06
6.59867E+03,2.9913E-06
6.60098E+03,3.0372E-06
6.60329E+03,3.0341E-06
6.60560E+03,3.0658E-06
6.60791E+03,3.0649E-06
6.61023E+03,3.1008E-06
6.61254E+03,3.0828E-06
6.61485E+03,3.1020E-06
6.61716E+03,3.1095E-06
6.61947E+03,3.1136E-06
6.62178E+03,3.1041E-06
6.62409E+03,3.1323E-06
6.62641E+03,3.0974E-06
6.62872E+03,3.1120E-06
6.63103E+03,3.1034E-06
6.63334E+03,3.1238E-06
6.63566E+03,3.0842E-06
6.63797E+03,3.1004E-06
6.64028E+03,3.0853E-06
6.64259E+03,3.0992E-06
6.64491E+03,3.0648E-06
6.64722E+03,3.0745E-06
6.64953E+03,3.0748E-06
6.65185E+03,3.0863E-06
6.65416E+03,3.0543E-06
6.65647E+03,3.0737E-06
6.65879E+03,3.0592E-06
6.66110E+03,3.0840E-06
6.66341E+03,3.0468E-06
6.66573E+03,3.0802E-06
6.66804E+03,3.0711E-06
6.67035E+03,3.0686E-06
6.67267E+03,3.0701E-06
6.67498E+03,3.1128E-06
6.67730E+03,3.0940E-06
6.67961E+03,3.1209E-06
6.68193E+03,3.1262E-06
6.68424E+03,3.1512E-06
6.68656E+03,3.1430E-06
6.68887E+03,3.1862E-06
6.69119E+03,3.1605E-06
6.69350E+03,3.1933E-06
6.69581E+03,3.1859E-06
6.69813E+03,3.2060E-06
6.70045E+03,3.1997E-06
6.70276E+03,3.2283E-06
6.70508E+03,3.2131E-06
6.70739E+03,3.2348E-06
6.70971E+03,3.2109E-06
6.71202E+03,3.2302E-06
6.71434E+03,3.2136E-06
6.71666E+03,3.2248E-06
6.71897E+03,3.2016E-06
6.72129E+03,3.2166E-06
6.72360E+03,3.1832E-06
6.72592E+03,3.1850E-06
6.72824E+03,3.1630E-06
6.73055E+03,3.1832E-06
6.73287E+03,3.1324E-06
6.73519E+03,3.1497E-06
6.73750E+03,3.1070E-06
6.73982E+03,3.1073E-06
6.74214E+03,3.0777E-06
6.74446E+03,3.0825E-06
6.74677E+03,3.0439E-06
6.74909E+03,3.0487E-06
6.75141E+03,3.0276E-06
6.75373E+03,3.0282E-06
6.75604E+03,3.0137E-06
6.75836E+03,3.0125E-06
6.76068E+03,2.9941E-06
6.76300E+03,3.0020E-06
6.76531E+03,2.9724E-06
6.76763E+03,2.9868E-06
6.76995E+03,2.9734E-06
6.77227E+03,2.9961E-06
6.77459E+03,2.9771E-06
6.77691E+03,2.9868E-06
6.77923E+03,2.9882E-06
6.78154E+03,3.0119E-06
6.78386E+03,2.9992E-06
6.78618E+03,3.0229E-06
6.78850E+03,3.0228E-06
6.79082E+03,3.0527E-06
6.79314E+03,3.0469E-06
6.79546E+03,3.0675E-06
6.79778E+03,3.0865E-06
6.80010E+03,3.0921E-06
6.80242E+03,3.0860E-06
6.80474E+03,3.0964E-06
6.80706E+03,3.1090E-06
6.80938E+03,3.1527E-06
6.81170E+03,3.1384E-06
6.81402E+03,3.1534E-06
6.81634E+03,3.1461E-06
6.81866E+03,3.1589E-06
6.82098E+03,3.1481E-06
6.82330E+03,3.1562E-06
6.82562E+03,3.1608E-06
6.82794E+03,3.1570E-06
6.83026E+03,3.1439E-06
6.83259E+03,3.1488E-06
6.83491E+03,3.1287E-06
6.83723E+03,3.1377E-06
6.83955E+03,3.1101E-06
6.84187E+03,3.1002E-06
6.84419E+03,3.0924E-06
6.84651E+03,3.0923E-06
6.84884E+03,3.0567E-06
6.85116E+03,3.0828E-06
6.85348E+03,3.0457E-06
6.85580E+03,3.0481E-06
6.85812E+03,3.0190E-06
6.86045E+03,3.0356E-06
6.86277E+03,2.9925E-06
6.86509E+03,3.0042E-06
6.86741E+03,2.9865E-06
6.86974E+03,2.9973E-06
6.87206E+03,2.9787E-06
6.87438E+03,2.9891E-06
6.87670E+03,2.9866E-06
6.87903E+03,3.0025E-06
6.88135E+03,2.9903E-06
6.88367E+03,3.0181E-06
6.88600E+03,3.0025E-06
6.88832E+03,3.0207E-06
6.89064E+03,3.0165E-06
6.89297E+03,3.0379E-06
6.89529E+03,3.0246E-06
6.89762E+03,3.0498E-06
6.89994E+03,3.0582E-06
6.90226E+03,3.0817E-06
6.90459E+03,3.0815E-06
6.90691E+03,3.1145E-06
6.90924E+03,3.1056E-06
6.91156E+03,3.1369E-06
6.91389E+03,3.1355E-06
6.91621E+03,3.1655E-06
6.91854E+03,3.1561E-06
6.92086E+03,3.1916E-06
6.92319E+03,3.1901E-06
6.92551E+03,3.1888E-06
6.92784E+03,3.1824E-06
6.93016E+03,3.2116E-06
6.93249E+03,3.2105E-06
6.93481E+03,3.2108E-06
6.93714E+03,3.2112E-06
6.93946E+03,3.2164E-06
6.94179E+03,3.2191E-06
6.94411E+03,3.2347E-06
6.94644E+03,3.1975E-06
6.94877E+03,3.1986E-06
6.95109E+03,3.1581E-06
6.95342E+03,3.1208E-06
6.95575E+03,3.1351E-06
6.95807E+03,3.1073E-06
6.96040E+03,3.1120E-06
6.96273E+03,3.0791E-06
6.96505E+03,3.0809E-06
6.96738E+03,3.0685E-06
6.96971E+03,3.0738E-06
6.97203E+03,3.0555E-06
6.97436E+03,3.0659E-06
6.97669E+03,3.0503E-06
6.97901E+03,3.0671E-06
6.98134E+03,3.0399E-06
6.98367E+03,3.0537E-06
6.98600E+03,3.0298E-06
6.98833E+03,3.0463E-06
6.99065E+03,3.0393E-06
6.99298E+03,3.0310E-06
6.99531E+03,3.0041E-06
6.99764E+03,3.0300E-06
6.99997E+03,3.0075E-06
7.00229E+03,3.0115E-06
7.00462E+03,3.0130E-06
7.00695E+03,3.0092E-06
7.00928E+03,2.9972E-06
7.01161E+03,3.0215E-06
7.01394E+03,3.0176E-06
7.01627E+03,3.0199E-06
7.01859E+03,3.0090E-06
7.02092E+03,3.0234E-06
7.02325E+03,3.0119E-06
7.02558E+03,3.0201E-06
7.02791E+03,3.0004E-06
7.03024E+03,3.0107E-06
7.03257E+03,2.9892E-06
7.03490E+03,3.0028E-06
7.03723E+03,2.9920E-06
7.03956E+03,2.9971E-06
7.04189E+03,2.9653E-06
7.04422E+03,2.9842E-06
7.04655E+03,2.9604E-06
7.04888E+03,2.9646E-06
7.05121E+03,2.9366E-06
7.05354E+03,2.9512E-06
7.05587E+03,2.9105E-06
7.05820E+03,2.9130E-06
7.06053E+03,2.8935E-06
7.06287E+03,2.8857E-06
7.06520E+03,2.8669E-06
7.06753E+03,2.8626E-06
7.06986E+03,2.8518E-06
7.07219E+03,2.8414E-06
7.07452E+03,2.8228E-06
7.07685E+03,2.8214E-06
7.07919E+03,2.7992E-06
7.08152E+03,2.7951E-06
7.08385E+03,2.7804E-06
7.08618E+03,2.7838E-06
7.08851E+03,2.7578E-06
7.09084E+03,2.7581E-06
7.09318E+03,2.7455E-06
7.09551E+03,2.7436E-06
7.09784E+03,2.7259E-06
7.10017E+03,2.7288E-06
7.10251E+03,2.7175E-06
7.10484E+03,2.7317E-06
7.10717E+03,2.7189E-06
7.10950E+03,2.7252E-06
7.11184E+03,2.7226E-06
7.11417E+03,2.7438E-06
7.11650E+03,2.7368E-06
7.11884E+03,2.7444E-06
7.12117E+03,2.7395E-06
7.12350E+03,2.7565E-06
7.12584E+03,2.7555E-06
7.12817E+03,2.7707E-06
7.13050E+03,2.7766E-06
7.13284E+03,2.7797E-06
7.13517E+03,2.7863E-06
7.13751E+03,2.8022E-06
7.13984E+03,2.7815E-06
7.14218E+03,2.8116E-06
7.14451E+03,2.8096E-06
7.14684E+03,2.8368E-06
7.14918E+03,2.8253E-06
7.15151E+03,2.8325E-06
7.15385E+03,2.8368E-06
7.15618E+03,2.8547E-06
7.15852E+03,2.8512E-06
7.16085E+03,2.8567E-06
7.16319E+03,2.8462E-06
7.16552E+03,2.8535E-06
7.16786E+03,2.8313E-06
7.17019E+03,2.8599E-06
7.17253E+03,2.8390E-06
7.17486E+03,2.8392E-06
7.17720E+03,2.8285E-06
7.17954E+03,2.8395E-06
7.18187E+03,2.8161E-06
7.18421E+03,2.8359E-06
7.18654E+03,2.7962E-06
7.18888E+03,2.8136E-06
7.19122E+03,2.7980E-06
7.19355E+03,2.7852E-06
7.19589E+03,2.7576E-06
7.19823E+03,2.7719E-06
7.20056E+03,2.7485E-06
7.20290E+03,2.7441E-06
7.20524E+03,2.7077E-06
7.20757E+03,2.7272E-06
7.20991E+03,2.7068E-06
7.21225E+03,2.7027E-06
7.21458E+03,2.6987E-06
7.21692E+03,2.6867E-06
7.21926E+03,2.6675E-06
7.22160E+03,2.6668E-06
7.22393E+03,2.6487E-06
7.22627E+03,2.6688E-06
7.22861E+03,2.6423E-06
7.23095E+03,2.6491E-06
7.23329E+03,2.6297E-06
7.23562E+03,2.6334E-06
7.23796E+03,2.6304E-06
7.24030E+03,2.6279E-06
7.24264E+03,2.6127E-06
7.24498E+03,2.6150E-06
7.24732E+03,2.6027E-06
7.24965E+03,2.6090E-06
7.25199E+03,2.5985E-06
7.25433E+03,2.6120E-06
7.25667E+03,2.6030E-06
7.25901E+03,2.6145E-06
7.26135E+03,2.5956E-06
7.26369E+03,2.5955E-06
7.26603E+03,2.5789E-06
7.26837E+03,2.5952E-06
7.27071E+03,2.5853E-06
7.27305E+03,2.5978E-06
7.27539E+03,2.5764E-06
7.27773E+03,2.5832E-06
7.28007E+03,2.5738E-06
7.28241E+03,2.5742E-06
7.28475E+03,2.5546E-06
7.28709E+03,2.5764E-06
7.28943E+03,2.5486E-06
7.29177E+03,2.5625E-06
7.29411E+03,2.5415E-06
7.29645E+03,2.5435E-06
7.29879E+03,2.5269E-06
7.30113E+03,2.5314E-06
7.30347E+03,2.5218E-06
7.30581E+03,2.5130E-06
7.30815E+03,2.5082E-06
7.31049E+03,2.5175E-06
7.31284E+03,2.4975E-06
7.31518E+03,2.4935E-06
7.31752E+03,2.4832E-06
7.31986E+03,2.4745E-06
7.32220E+03,2.4589E-06
7.32454E+03,2.4648E-06
7.32688E+03,2.4465E-06
7.32923E+03,2.4522E-06
7.33157E+03,2.4407E-06
7.33391E+03,2.4520E-06
7.33625E+03,2.4296E-06
7.33859E+03,2.4257E-06
7.34094E+03,2.4281E-06
7.34328E+03,2.4259E-06
7.34562E+03,2.4025E-06
7.34797E+03,2.4028E-06
7.35031E+03,2.3971E-06
7.35265E+03,2.4086E-06
7.35499E+03,2.3973E-06
7.35734E+03,2.4012E-06
7.35968E+03,2.3786E-06
7.36202E+03,2.3787E-06
7.36437E+03,2.3733E-06
7.36671E+03,2.3730E-06
7.36905E+03,2.3712E-06
7.37140E+03,2.3663E-06
7.37374E+03,2.3432E-06
7.37609E+03,2.3629E-06
7.37843E+03,2.3404E-06
7.38077E+03,2.3309E-06
7.38312E+03,2.3232E-06
7.38546E+03,2.3201E-06
7.38781E+03,2.3041E-06
7.39015E+03,2.3079E-06
7.39249E+03,2.2913E-06
7.39484E+03,2.3036E-06
7.39718E+03,2.2835E-06
7.39953E+03,2.2721E-06
7.40187E+03,2.2665E-06
7.40422E+03,2.2599E-06
7.40656E+03,2.2442E-06
7.40891E+03,2.2423E-06
7.41125E+03,2.2228E-06
7.41360E+03,2.2223E-06
7.41594E+03,2.1971E-06
7.41829E+03,2.1865E-06
7.42064E+03,2.1816E-06
7.42298E+03,2.1753E-06
7.42533E+03,2.1574E-06
7.42767E+03,2.1608E-06
7.43002E+03,2.1437E-06
7.43237E+03,2.1397E-06
7.43471E+03,2.1179E-06
7.43706E+03,2.1146E-06
7.43940E+03,2.1005E-06
7.44175E+03,2.0952E-06
7.44410E+03,2.0711E-06
7.44644E+03,2.0655E-06
7.44879E+03,2.0579E-06
7.45114E+03,2.0588E-06
7.45348E+03,2.0445E-06
7.45583E+03,2.0426E-06
7.45818E+03,2.0258E-06
7.46053E+03,2.0061E-06
7.46287E+03,2.0123E-06
7.46522E+03,1.9968E-06
7.46757E+03,1.9868E-06
7.46992E+03,1.9804E-06
7.47226E+03,1.9702E-06
7.47461E+03,1.9742E-06
7.47696E+03,1.9546E-06
7.47931E+03,1.9490E-06
7.48165E+03,1.9381E-06
7.48400E+03,1.9417E-06
7.48635E+03,1.9285E-06
7.48870E+03,1.9298E-06
7.49105E+03,1.8968E-06
7.49340E+03,1.9133E-06
7.49575E+03,1.8915E-06
7.49809E+03,1.8921E-06
7.50044E+03,1.8807E-06
7.50279E+03,1.8709E-06
7.50514E+03,1.8650E-06
7.50749E+03,1.8683E-06
7.50984E+03,1.8529E-06
7.51219E+03,1.8557E-06
7.51454E+03,1.8460E-06
7.51689E+03,1.8407E-06
7.51924E+03,1.8330E-06
7.52159E+03,1.8219E-06
7.52394E+03,1.8140E-06
7.52629E+03,1.8160E-06
7.52864E+03,1.8094E-06
7.53099E+03,1.8154E-06
7.53334E+03,1.8015E-06
7.53569E+03,1.7899E-06
7.53804E+03,1.7807E-06
7.54039E+03,1.7900E-06
7.54274E+03,1.7816E-06
7.54509E+03,1.7778E-06
7.54744E+03,1.7666E-06
7.54979E+03,1.7609E-06
7.55214E+03,1.7708E-06
7.55449E+03,1.7643E-06
7.55684E+03,1.7549E-06
7.55919E+03,1.7503E-06
7.56154E+03,1.7447E-06
7.56390E+03,1.7435E-06
7.56625E+03,1.7342E-06
7.56860E+03,1.7204E-06
7.57095E+03,1.7164E-06
7.57330E+03,1.7116E-06
7.57565E+03,1.7024E-06
7.57801E+03,1.6919E-06
7.58036E+03,1.6888E-06
7.58271E+03,1.6787E-06
7.58506E+03,1.6690E-06
7.58741E+03,1.6622E-06
7.58977E+03,1.6586E-06
7.59212E+03,1.6369E-06
7.59447E+03,1.6282E-06
7.59682E+03,1.6160E-06
7.59918E+03,1.6121E-06
7.60153E+03,1.5957E-06
7.60388E+03,1.5875E-06
7.60623E+03,1.5781E-06
7.60859E+03,1.5665E-06
7.61094E+03,1.5501E-06
7.61329E+03,1.5473E-06
7.61565E+03,1.5227E-06
7.61800E+03,1.5081E-06
7.62035E+03,1.4877E-06
7.62271E+03,1.4793E-06
7.62506E+03,1.4722E-06
7.62742E+03,1.4584E-06
7.62977E+03,1.4318E-06
7.63212E+03,1.4325E-06
7.63448E+03,1.4181E-06
7.63683E+03,1.4074E-06
7.63919E+03,1.3893E-06
7.64154E+03,1.3782E-06
7.64390E+03,1.3629E-06
7.64625E+03,1.3565E-06
7.64860E+03,1.3358E-06
7.65096E+03,1.3312E-06
7.65331E+03,1.3069E-06
7.65567E+03,1.3137E-06
7.65802E+03,1.2924E-06
7.66038E+03,1.2891E-06
7.66273E+03,1.2714E-06
7.66509E+03,1.2745E-06
7.66744E+03,1.2655E-06
7.66980E+03,1.2590E-06
7.67216E+03,1.2462E-06
7.67451E+03,1.2401E-06
7.67687E+03,1.2353E-06
7.67922E+03,1.2312E-06
7.68158E+03,1.2288E-06
7.68393E+03,1.2352E-06
7.68629E+03,1.2190E-06
7.68865E+03,1.2191E-06
7.69100E+03,1.2190E-06
7.69336E+03,1.2155E-06
7.69572E+03,1.2162E-06
7.69807E+03,1.2139E-06
7.70043E+03,1.2134E-06
7.70279E+03,1.2111E-06
7.70514E+03,1.2075E-06
7.70750E+03,1.2099E-06
7.70986E+03,1.2100E-06
7.71221E+03,1.2236E-06
7.71457E+03,1.2074E-06
7.71693E+03,1.2145E-06
7.71929E+03,1.2158E-06
7.72164E+03,1.2115E-06
7.72400E+03,1.2095E-06
7.72636E+03,1.2203E-06
7.72872E+03,1.2114E-06
7.73107E+03,1.2101E-06
7.73343E+03,1.1988E-06
7.73579E+03,1.1992E-06
7.73815E+03,1.1957E-06
7.74051E+03,1.1958E-06
7.74286E+03,1.1900E-06
7.74522E+03,1.1906E-06
7.74758E+03,1.1842E-06
7.74994E+03,1.1836E-06
7.75230E+03,1.1793E-06
7.75466E+03,1.1772E-06
7.75702E+03,1.1758E-06
7.75937E+03,1.1672E-06
7.76173E+03,1.1740E-06
7.76409E+03,1.1630E-06
7.76645E+03,1.1563E-06
7.76881E+03,1.1550E-06
7.77117E+03,1.1444E-06
7.77353E+03,1.1546E-06
7.77589E+03,1.1466E-06
7.77825E+03,1.1423E-06
7.78061E+03,1.1264E-06
7.78297E+03,1.1384E-06
7.78533E+03,1.1291E-06
7.78769E+03,1.1284E-06
7.79005E+03,1.1198E-06
7.79241E+03,1.1253E-06
7.79477E+03,1.1260E-06
7.79713E+03,1.1171E-06
7.79949E+03,1.1270E-06
7.80185E+03,1.1228E-06
7.80421E+03,1.1192E-06
7.80657E+03,1.1205E-06
7.80893E+03,1.1246E-06
7.81129E+03,1.1193E-06
7.81365E+03,1.1167E-06
7.81602E+03,1.1203E-06
7.81838E+03,1.1248E-06
7.82074E+03,1.1284E-06
7.82310E+03,1.1230E-06
7.82546E+03,1.1315E-06
7.82782E+03,1.1262E-06
7.83018E+03,1.1312E-06
7.83255E+03,1.1232E-06
7.83491E+03,1.1356E-06
7.83727E+03,1.1368E-06
7.83963E+03,1.1351E-06
7.84199E+03,1.1351E-06
7.84435E+03,1.1377E-06
7.84672E+03,1.1315E-06
7.84908E+03,1.1357E-06
7.85144E+03,1.1360E-06
7.85380E+03,1.1351E-06
7.85617E+03,1.1238E-06
7.85853E+03,1.1292E-06
7.86089E+03,1.1296E-06
7.86326E+03,1.1286E-06
7.86562E+03,1.1193E-06
7.86798E+03,1.1150E-06
7.87034E+03,1.1105E-06
7.87271E+03,1.1100E-06
7.87507E+03,1.1001E-06
7.87743E+03,1.0997E-06
7.87980E+03,1.0955E-06
7.88216E+03,1.0928E-06
7.88453E+03,1.0821E-06
7.88689E+03,1.0778E-06
7.88925E+03,1.0689E-06
7.89162E+03,1.0631E-06
7.89398E+03,1.0517E-06
7.89634E+03,1.0493E-06
7.89871E+03,1.0399E-06
7.90107E+03,1.0365E-06
7.90344E+03,1.0302E-06
7.90580E+03,1.0282E-06
7.90817E+03,1.0098E-06
7.91053E+03,1.0134E-06
7.91290E+03,1.0094E-06
7.91526E+03,1.0002E-06
7.91763E+03,1.0012E-06
7.91999E+03,1.0025E-06
7.92236E+03,9.8403E-07
7.92472E+03,9.9169E-07
7.92709E+03,9.7831E-07
7.92945E+03,9.8075E-07
7.93182E+03,9.8139E-07
7.93418E+03,9.6897E-07
7.93655E+03,9.7698E-07
7.93891E+03,9.7196E-07
7.94128E+03,9.6912E-07
7.94365E+03,9.7719E-07
7.94601E+03,9.7437E-07
7.94838E+03,9.7716E-07
7.95074E+03,9.7289E-07
7.95311E+03,9.8558E-07
7.95548E+03,9.8382E-07
7.95784E+03,9.7933E-07
7.96021E+03,9.8991E-07
7.96258E+03,9.9018E-07
7.96494E+03,9.9789E-07
7.96731E+03,1.0081E-06
7.96968E+03,1.0088E-06
7.97204E+03,1.0159E-06
7.97441E+03,1.0148E-06
7.97678E+03,1.0214E-06
7.97914E+03,1.0170E-06
7.98151E+03,1.0278E-06
7.98388E+03,1.0292E-06
7.98625E+03,1.0364E-06
7.98861E+03,1.0313E-06
7.99098E+03,1.0373E-06
7.99335E+03,1.0415E-06
7.99572E+03,1.0478E-06
7.99808E+03,1.0478E-06
8.00045E+03,1.0532E-06
8.00282E+03,1.0492E-06
8.00519E+03,1.0529E-06
8.00756E+03,1.0495E-06
8.00993E+03,1.0546E-06
8.01229E+03,1.0591E-06
8.01466E+03,1.0543E-06
8.01703E+03,1.0474E-06
8.01940E+03,1.0481E-06
8.02177E+03,1.0466E-06
8.02414E+03,1.0434E-06
8.02651E+03,1.0417E-06
8.02888E+03,1.0359E-06
8.03125E+03,1.0388E-06
8.03361E+03,1.0369E-06
8.03598E+03,1.0237E-06
8.03835E+03,1.0214E-06
8.04072E+03,1.0165E-06
8.04309E+03,1.0121E-06
8.04546E+03,1.0053E-06
8.04783E+03,1.0011E-06
8.05020E+03,9.9548E-07
8.05257E+03,1.0016E-06
8.05494E+03,9.8645E-07
8.05731E+03,9.8657E-07
8.05968E+03,9.8463E-07
8.06205E+03,9.7773E-07
8.06442E+03,9.6931E-07
8.06679E+03,9.8068E-07
8.06916E+03,9.6859E-07
8.07153E+03,9.7007E-07
8.07390E+03,9.6431E-07
8.07628E+03,9.6416E-07
8.07865E+03,9.5858E-07
8.08102E+03,9.6078E-07
8.08339E+03,9.5915E-07
8.08576E+03,9.6531E-07
8.08813E+03,9.6665E-07
8.09050E+03,9.5203E-07
8.09287E+03,9.6668E-07
8.09524E+03,9.6167E-07
8.09762E+03,9.5283E-07
8.09999E+03,9.6357E-07
8.10236E+03,9.6460E-07
8.10473E+03,9.6185E-07
8.10710E+03,9.5943E-07
8.10948E+03,9.5992E-07
8.11185E+03,9.6112E-07
8.11422E+03,9.6772E-07
8.11659E+03,9.6057E-07
8.11896E+03,9.6442E-07
8.12134E+03,9.6598E-07
8.12371E+03,9.6349E-07
8.12608E+03,9.6190E-07
8.12845E+03,9.6319E-07
8.13083E+03,9.6096E-07
8.13320E+03,9.6317E-07
8.13557E+03,9.6344E-07
8.13795E+03,9.6341E-07
8.14032E+03,9.5742E-07
8.14269E+03,9.5975E-07
8.14507E+03,9.6137E-07
8.14744E+03,9.6528E-07
8.14981E+03,9.6100E-07
8.15219E+03,9.6576E-07
8.15456E+03,9.6035E-07
8.15693E+03,9.5904E-07
8.15931E+03,9.6148E-07
8.16168E+03,9.5287E-07
8.16405E+03,9.5634E-07
8.16643E+03,9.5561E-07
8.16880E+03,9.5215E-07
8.17118E+03,9.4700E-07
8.17355E+03,9.5428E-07
8.17593E+03,9.4803E-07
8.17830E+03,9.5453E-07
8.18068E+03,9.4646E-07
8.18305E+03,9.4835E-07
8.18542E+03,9.4044E-07
8.18780E+03,9.4716E-07
8.19017E+03,9.3539E-07
8.19255E+03,9.3703E-07
8.19492E+03,9.3149E-07
8.19730E+03,9.3607E-07
8.19967E+03,9.2217E-07
8.20205E+03,9.2243E-07
8.20443E+03,9.1830E-07
8.20680E+03,9.2157E-07
8.20918E+03,9.0864E-07
8.21155E+03,9.1022E-07
8.21393E+03,9.0335E-07
8.21630E+03,9.0723E-07
8.21868E+03,8.9429E-07
8.22106E+03,8.9656E-07
8.22343E+03,8.9184E-07
8.22581E+03,8.8807E-07
8.22818E+03,8.8130E-07
8.23056E+03,8.7851E-07
8.23294E+03,8.7037E-07
8.23531E+03,8.7483E-07
8.23769E+03,8.6717E-07
8.24007E+03,8.6709E-07
8.24244E+03,8.5334E-07
8.24482E+03,8.6023E-07
8.24720E+03,8.5493E-07
8.24958E+03,8.5100E-07
8.25195E+03,8.3504E-07
8.25433E+03,8.4372E-07
8.25671E+03,8.3710E-07
8.25908E+03,8.2756E-07
8.26146E+03,8.2838E-07
8.26384E+03,8.2853E-07
8.26622E+03,8.2274E-07
8.26859E+03,8.2479E-07
8.27097E+03,8.1610E-07
8.27335E+03,8.2340E-07
8.27573E+03,8.2038E-07
8.27811E+03,8.2890E-07
8.28048E+03,8.1776E-07
8.28286E+03,8.1635E-07
8.28524E+03,8.2529E-07
8.28762E+03,8.2633E-07
8.29000E+03,8.1761E-07
8.29238E+03,8.2627E-07
8.29476E+03,8.2045E-07
8.29713E+03,8.2434E-07
8.29951E+03,8.2185E-07
8.30189E+03,8.2334E-07
8.30427E+03,8.2423E-07
8.30665E+03,8.2419E-07
8.30903E+03,8.2074E-07
8.31141E+03,8.3003E-07
8.31379E+03,8.2438E-07
8.31617E+03,8.3177E-07
8.31855E+03,8.2843E-07
8.32093E+03,8.3056E-07
8.32331E+03,8.2320E-07
8.32569E+03,8.2518E-07
8.32807E+03,8.2382E-07
8.33045E+03,8.2726E-07
8.33283E+03,8.1847E-07
8.33521E+03,8.1563E-07
8.33759E+03,8.1448E-07
8.33997E+03,8.1179E-07
8.34235E+03,8.0732E-07
8.34473E+03,8.0974E-07
8.34711E+03,7.9842E-07
8.34949E+03,8.0659E-07
8.35187E+03,7.8953E-07
8.35425E+03,7.8309E-07
8.35663E+03,7.7140E-07
8.35901E+03,7.6356E-07
8.36139E+03,7.5450E-07
8.36377E+03,7.4351E-07
8.36615E+03,7.2671E-07
8.36854E+03,7.1196E-07
8.37092E+03,6.9472E-07
8.37330E+03,6.7382E-07
8.37568E+03,6.4394E-07
8.37806E+03,6.2882E-07
8.38044E+03,5.9801E-07
8.38283E+03,5.7405E-07
8.38521E+03,5.3911E-07
8.38759E+03,5.0524E-07
8.38997E+03,4.7725E-07
8.39235E+03,4.4282E-07
8.39474E+03,4.1088E-07
8.39712E+03,3.7326E-07
8.39950E+03,3.4382E-07
8.40188E+03,3.0664E-07
8.40427E+03,2.8218E-07
8.40665E+03,2.4894E-07
8.40903E+03,2.2345E-07
8.41141E+03,1.9408E-07
8.41380E+03,1.7722E-07
8.41618E+03,1.4796E-07
8.41856E+03,1.3557E-07
8.42094E+03,1.1263E-07
8.42333E+03,1.0461E-07
8.42571E+03,8.4096E-08
8.42809E+03,8.0601E-08
8.43048E+03,5.9348E-08
8.43286E+03,5.8201E-08
8.43525E+03,4.3839E-08
8.43763E+03,4.6756E-08
8.44001E+03,3.5205E-08
8.44240E+03,3.8271E-08
8.44478E+03,2.3512E-08
8.44716E+03,3.1011E-08
8.44955E+03,2.0237E-08
8.45193E+03,2.6008E-08
8.45432E+03,1.6138E-08
8.45670E+03,2.4293E-08
8.45909E+03,1.2588E-08
8.46147E+03,2.2616E-08
8.46385E+03,8.3340E-09
8.46624E+03,2.0581E-08
8.46862E+03,1.1147E-08
8.47101E+03,1.9355E-08
8.47339E+03,1.0826E-08
8.47578E+03,2.0054E-08
8.47816E+03,1.0424E-08
8.48055E+03,1.9627E-08
8.48293E+03,9.2758E-09
8.48532E+03,1.7750E-08
8.48771E+03,9.0597E-09
8.49009E+03,2.0198E-08
8.49248E+03,8.0313E-09
8.49486E+03,1.5616E-08
8.49725E+03,7.0079E-09
8.49963E+03,1.5766E-08
8.50202E+03,8.3034E-09
8.50441E+03,1.9167E-08
8.50679E+03,5.6714E-09
8.50918E+03,1.6863E-08
8.51156E+03,9.3409E-09
8.51395E+03,1.6333E-08
8.51634E+03,3.8388E-09
8.51872E+03,1.6758E-08
8.52111E+03,8.5112E-09
8.52350E+03,1.9026E-08
8.52588E+03,8.8416E-09
8.52827E+03,1.5407E-08
8.53066E+03,5.8688E-09
8.53304E+03,1.5817E-08
8.53543E+03,6.0182E-09
8.53782E+03,1.6792E-08
8.54021E+03,5.4262E-09
8.54259E+03,1.6313E-08
8.54498E+03,7.3087E-09
8.54737E+03,1.6397E-08
8.54976E+03,6.3384E-09
8.55214E+03,1.0000E-15
8.55453E+03,1.0000E-15
8.55692E+03,1.0000E-15
8.55931E+03,1.0000E-15
8.56169E+03,1.0000E-15
8.56408E+03,1.0000E-15
8.56647E+03,1.0000E-15
8.56886E+03,1.0000E-15
8.57125E+03,1.0000E-15
8.57364E+03,1.0000E-15
8.57602E+03,1.0000E-15
8.57841E+03,1.0000E-15
8.58080E+03,1.0000E-15
8.58319E+03,1.0000E-15
8.58558E+03,1.0000E-15
8.58797E+03,1.0000E-15
8.59036E+03,1.0000E-15
8.59275E+03,1.0000E-15
8.59513E+03,1.0000E-15
8.59752E+03,1.0000E-15
8.59991E+03,1.0000E-15
8.60230E+03,1.0000E-15
8.60469E+03,1.0000E-15
8.60708E+03,1.0000E-15
8.60947E+03,1.0000E-15
8.61186E+03,1.0000E-15
8.61425E+03,1.0000E-15
8.61664E+03,1.0000E-15
8.61903E+03,1.0000E-15
8.62142E+03,1.0000E-15
8.62381E+03,1.0000E-15
8.62620E+03,1.0000E-15
8.62859E+03,1.0000E-15
8.63098E+03,1.0000E-15
8.63337E+03,1.0000E-15
8.63576E+03,1.0000E-15
8.63815E+03,1.0000E-15
8.64054E+03,1.0000E-15
8.64293E+03,1.0000E-15
8.64532E+03,1.0000E-15
8.64772E+03,1.0000E-15
8.65011E+03,1.0000E-15
8.65250E+03,1.0000E-15
8.65489E+03,1.0000E-15
8.65728E+03,1.0000E-15
8.65967E+03,1.0000E-15
8.66206E+03,1.0000E-15
8.66445E+03,1.0000E-15
8.66685E+03,1.0000E-15
8.66924E+03,1.0000E-15
8.67163E+03,1.0000E-15
8.67402E+03,1.0000E-15
8.67641E+03,1.0000E-15
8.67880E+03,1.0000E-15
8.68120E+03,1.0000E-15
8.68359E+03,1.0000E-15
8.68598E+03,1.0000E-15
8.68837E+03,1.0000E-15
8.69077E+03,1.0000E-15
8.69316E+03,1.0000E-15
8.69555E+03,1.0000E-15
8.69794E+03,1.0000E-15
8.70034E+03,1.0000E-15
8.70273E+03,1.0000E-15
8.70512E+03,1.0000E-15
8.70751E+03,1.0000E-15
8.70991E+03,1.0000E-15
8.71230E+03,1.0000E-15
8.71469E+03,1.0000E-15
8.71709E+03,1.0000E-15
8.71948E+03,1.0000E-15
8.72187E+03,1.0000E-15
8.72427E+03,1.0000E-15
8.72666E+03,1.0000E-15
8.72905E+03,1.0000E-15
8.73145E+03,1.0000E-15
8.73384E+03,1.0000E-15
8.73624E+03,1.0000E-15
8.73863E+03,1.0000E-15
8.74102E+03,1.0000E-15
8.74342E+03,1.0000E-15
8.74581E+03,1.0000E-15
8.74821E+03,1.0000E-15
8.75060E+03,1.0000E-15
8.75299E+03,1.0000E-15
8.75539E+03,1.0000E-15
8.75778E+03,1.0000E-15
8.76018E+03,1.0000E-15
8.76257E+03,1.0000E-15
8.76497E+03,1.0000E-15
8.76736E+03,1.0000E-15
8.76976E+03,1.0000E-15
8.77215E+03,1.0000E-15
8.77455E+03,1.0000E-15
8.77694E+03,1.0000E-15
8.77934E+03,1.0000E-15
8.78173E+03,1.0000E-15
8.78413E+03,1.0000E-15
8.78652E+03,1.0000E-15
8.78892E+03,1.0000E-15
8.79132E+03,1.0000E-15
8.79371E+03,1.0000E-15
8.79611E+03,1.0000E-15
8.79850E+03,1.0000E-15
8.80090E+03,1.0000E-15
8.80330E+03,1.0000E-15
8.80569E+03,1.0000E-15
8.80809E+03,1.0000E-15
8.81048E+03,1.0000E-15
8.81288E+03,1.0000E-15
8.81528E+03,1.0000E-15
8.81767E+03,1.0000E-15
8.82007E+03,1.0000E-15
8.82247E+03,1.0000E-15
8.82486E+03,1.0000E-15
8.82726E+03,1.0000E-15
8.82966E+03,1.0000E-15
8.83205E+03,1.0000E-15
8.83445E+03,1.0000E-15
8.83685E+03,1.0000E-15
8.83925E+03,1.0000E-15
8.84164E+03,1.0000E-15
8.84404E+03,1.0000E-15
8.84644E+03,1.0000E-15
8.84884E+03,1.0000E-15
8.85123E+03,1.0000E-15
8.85363E+03,1.0000E-15
8.85603E+03,1.0000E-15
8.85843E+03,1.0000E-15
8.86083E+03,1.0000E-15
8.86322E+03,1.0000E-15
8.86562E+03,1.0000E-15
8.86802E+03,1.0000E-15
8.87042E+03,1.0000E-15
8.87282E+03,1.0000E-15
8.87521E+03,1.0000E-15
8.87761E+03,1.0000E-15
8.88001E+03,1.0000E-15
8.88241E+03,1.0000E-15
8.88481E+03,1.0000E-15
8.88721E+03,1.0000E-15
8.88961E+03,1.0000E-15
8.89201E+03,1.0000E-15
8.89440E+03,1.0000E-15
8.89680E+03,1.0000E-15
8.89920E+03,1.0000E-15
8.90160E+03,1.0000E-15
8.90400E+03,1.0000E-15
8.90640E+03,1.0000E-15
8.90880E+03,1.0000E-15
8.91120E+03,1.0000E-15
8.91360E+03,1.0000E-15
8.91600E+03,1.0000E-15
8.91840E+03,1.0000E-15
8.92080E+03,1.0000E-15
8.92320E+03,1.0000E-15
8.92560E+03,1.0000E-15
8.92800E+03,1.0000E-15
8.93040E+03,1.0000E-15
8.93280E+03,1.0000E-15
8.93520E+03,1.0000E-15
8.93760E+03,1.0000E-15
8.94000E+03,1.0000E-15
8.94240E+03,1.0000E-15
8.94480E+03,1.0000E-15
8.94720E+03,1.0000E-15
8.94960E+03,1.0000E-15
8.95201E+03,1.0000E-15
8.95441E+03,1.0000E-15
8.95681E+03,1.0000E-15
8.95921E+03,1.0000E-15
8.96161E+03,1.0000E-15
8.96401E+03,1.0000E-15
8.96641E+03,1.0000E-15
8.96881E+03,1.0000E-15
8.97122E+03,1.0000E-15
8.97362E+03,1.0000E-15
8.97602E+03,1.0000E-15
8.97842E+03,1.0000E-15
8.98082E+03,1.0000E-15
8.98322E+03,1.0000E-15
8.98563E+03,1.0000E-15
8.98803E+03,1.0000E-15
8.99043E+03,1.0000E-15
8.99283E+03,1.0000E-15
8.99524E+03,1.0000E-15
8.99764E+03,1.0000E-15
9.00004E+03,1.0000E-15
9.00244E+03,1.0000E-15
9.00485E+03,1.0000E-15
9.00725E+03,1.0000E-15
9.00965E+03,1.0000E-15
9.01205E+03,1.0000E-15
9.01446E+03,1.0000E-15
9.01686E+03,1.0000E-15
9.01926E+03,1.0000E-15
9.02167E+03,1.0000E-15
9.02407E+03,1.0000E-15
9.02647E+03,1.0000E-15
9.02888E+03,1.0000E-15
9.03128E+03,1.0000E-15
9.03368E+03,1.0000E-15
9.03609E+03,1.0000E-15
9.03849E+03,1.0000E-15
9.04089E+03,1.0000E-15
9.04330E+03,1.0000E-15
9.04570E+03,1.0000E-15
9.04811E+03,1.0000E-15
9.05051E+03,1.0000E-15
9.05291E+03,1.0000E-15
9.05532E+03,1.0000E-15
9.05772E+03,1.0000E-15
9.06013E+03,1.0000E-15
9.06253E+03,1.0000E-15
9.06494E+03,1.0000E-15
9.06734E+03,1.0000E-15
9.06974E+03,1.0000E-15
9.07215E+03,1.0000E-15
9.07455E+03,1.0000E-15
9.07696E+03,1.0000E-15
9.07936E+03,1.0000E-15
9.08177E+03,1.0000E-15
9.08417E+03,1.0000E-15
9.08658E+03,1.0000E-15
9.08899E+03,1.0000E-15
9.09139E+03,1.0000E-15
9.09380E+03,1.0000E-15
9.09620E+03,1.0000E-15
9.09861E+03,1.0000E-15
9.10101E+03,1.0000E-15
9.10342E+03,1.0000E-15
9.10582E+03,1.0000E-15
9.10823E+03,1.0000E-15
9.11064E+03,1.0000E-15
9.11304E+03,1.0000E-15
9.11545E+03,1.0000E-15
9.11785E+03,1.0000E-15
9.12026E+03,1.0000E-15
9.12267E+03,1.0000E-15
9.12507E+03,1.0000E-15
9.12748E+03,1.0000E-15
9.12989E+03,1.0000E-15
9.13229E+03,1.0000E-15
9.13470E+03,1.0000E-15
9.13711E+03,1.0000E-15
9.13951E+03,1.0000E-15
9.14192E+03,1.0000E-15
9.14433E+03,1.0000E-15
9.14674E+03,1.0000E-15
9.14914E+03,1.0000E-15
9.15155E+03,1.0000E-15
9.15396E+03,1.0000E-15
9.15636E+03,1.0000E-15
9.15877E+03,1.0000E-15
9.16118E+03,1.0000E-15
9.16359E+03,1.0000E-15
9.16599E+03,1.0000E-15
9.16840E+03,1.0000E-15
9.17081E+03,1.0000E-15
9.17322E+03,1.0000E-15
9.17563E+03,1.0000E-15
9.17803E+03,1.0000E-15
9.18044E+03,1.0000E-15
9.18285E+03,1.0000E-15
9.18526E+03,1.0000E-15
9.18767E+03,1.0000E-15
9.19008E+03,1.0000E-15
9.19248E+03,1.0000E-15
9.19489E+03,1.0000E-15
9.19730E+03,1.0000E-15
9.19971E+03,1.0000E-15
9.20212E+03,1.0000E-15
9.20453E+03,1.0000E-15
9.20694E+03,1.0000E-15
9.20935E+03,1.0000E-15
9.21176E+03,1.0000E-15
9.21416E+03,1.0000E-15
9.21657E+03,1.0000E-15
9.21898E+03,1.0000E-15
9.22139E+03,1.0000E-15
9.22380E+03,1.0000E-15
9.22621E+03,1.0000E-15
9.22862E+03,1.0000E-15
9.23103E+03,1.0000E-15
9.23344E+03,1.0000E-15
9.23585E+03,1.0000E-15
9.23826E+03,1.0000E-15
9.24067E+03,1.0000E-15
9.24308E+03,1.0000E-15
9.24549E+03,1.0000E-15
9.24790E+03,1.0000E-15
9.25031E+03,1.0000E-15
9.25272E+03,1.0000E-15
9.25513E+03,1.0000E-15
9.25754E+03,1.0000E-15
9.25995E+03,1.0000E-15
9.26236E+03,1.0000E-15
9.26477E+03,1.0000E-15
9.26719E+03,1.0000E-15
9.26960E+03,1.0000E-15
9.27201E+03,1.0000E-15
9.27442E+03,1.0000E-15
9.27683E+03,1.0000E-15
9.27924E+03,1.0000E-15
9.28165E+03,1.0000E-15
9.28406E+03,1.0000E-15
9.28648E+03,1.0000E-15
9.28889E+03,1.0000E-15
9.29130E+03,1.0000E-15
9.29371E+03,1.0000E-15
9.29612E+03,1.0000E-15
9.29853E+03,1.0000E-15
9.30095E+03,1.0000E-15
9.30336E+03,1.0000E-15
9.30577E+03,1.0000E-15
9.30818E+03,1.0000E-15
9.31059E+03,1.0000E-15
9.31301E+03,1.0000E-15
9.31542E+03,1.0000E-15
9.31783E+03,1.0000E-15
9.32024E+03,1.0000E-15
9.32266E+03,1.0000E-15
9.32507E+03,1.0000E-15
9.32748E+03,1.0000E-15
9.32989E+03,1.0000E-15
9.33231E+03,1.0000E-15
9.33472E+03,1.0000E-15
9.33713E+03,1.0000E-15
9.33955E+03,1.0000E-15
9.34196E+03,1.0000E-15
9.34437E+03,1.0000E-15
9.34678E+03,1.0000E-15
9.34920E+03,1.0000E-15
9.35161E+03,1.0000E-15
9.35402E+03,1.0000E-15
9.35644E+03,1.0000E-15
9.35885E+03,1.0000E-15
9.36127E+03,1.0000E-15
9.36368E+03,1.0000E-15
9.36609E+03,1.0000E-15
9.36851E+03,1.0000E-15
9.37092E+03,1.0000E-15
9.37334E+03,1.0000E-15
9.37575E+03,1.0000E-15
9.37816E+03,1.0000E-15
9.38058E+03,1.0000E-15
9.38299E+03,1.0000E-15
9.38541E+03,1.0000E-15
9.38782E+03,1.0000E-15
9.39024E+03,1.0000E-15
9.39265E+03,1.0000E-15
9.39507E+03,1.0000E-15
9.39748E+03,1.0000E-15
9.39990E+03,1.0000E-15
9.40231E+03,1.0000E-15
9.40472E+03,1.0000E-15
9.40714E+03,1.0000E-15
9.40956E+03,1.0000E-15
9.41197E+03,1.0000E-15
9.41439E+03,1.0000E-15
9.41680E+03,1.0000E-15
9.41922E+03,1.0000E-15
9.42163E+03,1.0000E-15
9.42405E+03,1.0000E-15
9.42646E+03,1.0000E-15
9.42888E+03,1.0000E-15
9.43129E+03,1.0000E-15
9.43371E+03,1.0000E-15
9.43613E+03,1.0000E-15
9.43854E+03,1.0000E-15
9.44096E+03,1.0000E-15
9.44337E+03,1.0000E-15
9.44579E+03,1.0000E-15
9.44821E+03,1.0000E-15
9.45062E+03,1.0000E-15
9.45304E+03,1.0000E-15
9.45546E+03,1.0000E-15
9.45787E+03,1.0000E-15
9.46029E+03,1.0000E-15
9.46271E+03,1.0000E-15
9.46512E+03,1.0000E-15
9.46754E+03,1.0000E-15
9.46996E+03,1.0000E-15
9.47237E+03,1.0000E-15
9.47479E+03,1.0000E-15
9.47721E+03,1.0000E-15
9.47963E+03,1.0000E-15
9.48204E+03,1.0000E-15
9.48446E+03,1.0000E-15
9.48688E+03,1.0000E-15
9.48930E+03,1.0000E-15
9.49171E+03,1.0000E-15
9.49413E+03,1.0000E-15
9.49655E+03,1.0000E-15
9.49897E+03,1.0000E-15
9.50138E+03,1.0000E-15
9.50380E+03,1.0000E-15
9.50622E+03,1.0000E-15
9.50864E+03,1.0000E-15
9.51106E+03,1.0000E-15
9.51347E+03,1.0000E-15
9.51589E+03,1.0000E-15
9.51831E+03,1.0000E-15
9.52073E+03,1.0000E-15
9.52315E+03,1.0000E-15
9.52557E+03,1.0000E-15
9.52799E+03,1.0000E-15
9.53040E+03,1.0000E-15
9.53282E+03,1.0000E-15
9.53524E+03,1.0000E-15
9.53766E+03,1.0000E-15
9.54008E+03,1.0000E-15
9.54250E+03,1.0000E-15
9.54492E+03,1.0000E-15
9.54734E+03,1.0000E-15
9.54976E+03,1.0000E-15
9.55218E+03,1.0000E-15
9.55460E+03,1.0000E-15
9.55702E+03,1.0000E-15
9.55944E+03,1.0000E-15
9.56185E+03,1.0000E-15
9.56427E+03,1.0000E-15
9.56669E+03,1.0000E-15
9.56911E+03,1.0000E-15
9.57153E+03,1.0000E-15
9.57395E+03,1.0000E-15
9.57637E+03,1.0000E-15
9.57879E+03,1.0000E-15
9.58121E+03,1.0000E-15
9.58364E+03,1.0000E-15
9.58606E+03,1.0000E-15
9.58848E+03,1.0000E-15
9.59090E+03,1.0000E-15
9.59332E+03,1.0000E-15
9.59574E+03,1.0000E-15
9.59816E+03,1.0000E-15
9.60058E+03,1.0000E-15
9.60300E+03,1.0000E-15
9.60542E+03,1.0000E-15
9.60784E+03,1.0000E-15
9.61026E+03,1.0000E-15
9.61268E+03,1.0000E-15
9.61511E+03,1.0000E-15
9.61753E+03,1.0000E-15
9.61995E+03,1.0000E-15
9.62237E+03,1.0000E-15
9.62479E+03,1.0000E-15
9.62721E+03,1.0000E-15
9.62963E+03,1.0000E-15
9.63206E+03,1.0000E-15
9.63448E+03,1.0000E-15
9.63690E+03,1.0000E-15
9.63932E+03,1.0000E-15
9.64174E+03,1.0000E-15
9.64417E+03,1.0000E-15
9.64659E+03,1.0000E-15
9.64901E+03,1.0000E-15
9.65143E+03,1.0000E-15
9.65385E+03,1.0000E-15
9.65628E+03,1.0000E-15
9.65870E+03,1.0000E-15
9.66112E+03,1.0000E-15
9.66354E+03,1.0000E-15
9.66597E+03,1.0000E-15
9.66839E+03,1.0000E-15
9.67081E+03,1.0000E-15
9.67324E+03,1.0000E-15
9.67566E+03,1.0000E-15
9.67808E+03,1.0000E-15
9.68050E+03,1.0000E-15
9.68293E+03,1.0000E-15
9.68535E+03,1.0000E-15
9.68777E+03,1.0000E-15
9.69020E+03,1.0000E-15
9.69262E+03,1.0000E-15
9.69504E+03,1.0000E-15
9.69747E+03,1.0000E-15
9.69989E+03,1.0000E-15
9.70232E+03,1.0000E-15
9.70474E+03,1.0000E-15
9.70716E+03,1.0000E-15
9.70959E+03,1.0000E-15
9.71201E+03,1.0000E-15
9.71444E+03,1.0000E-15
9.71686E+03,1.0000E-15
9.71928E+03,1.0000E-15
9.72171E+03,1.0000E-15
9.72413E+03,1.0000E-15
9.72656E+03,1.0000E-15
9.72898E+03,1.0000E-15
9.73141E+03,1.0000E-15
9.73383E+03,1.0000E-15
9.73625E+03,1.0000E-15
9.73868E+03,1.0000E-15
9.74110E+03,1.0000E-15
9.74353E+03,1.0000E-15
9.74595E+03,1.0000E-15
9.74838E+03,1.0000E-15
9.75081E+03,1.0000E-15
9.75323E+03,1.0000E-15
9.75565E+03,1.0000E-15
9.75808E+03,1.0000E-15
9.76051E+03,1.0000E-15
9.76293E+03,1.0000E-15
9.76536E+03,1.0000E-15
9.76778E+03,1.0000E-15
9.77021E+03,1.0000E-15
9.77263E+03,1.0000E-15
9.77506E+03,1.0000E-15
9.77749E+03,1.0000E-15
9.77991E+03,1.0000E-15
9.78234E+03,1.0000E-15
9.78476E+03,1.0000E-15
9.78719E+03,1.0000E-15
9.78962E+03,1.0000E-15
9.79204E+03,1.0000E-15
9.79447E+03,1.0000E-15
9.79690E+03,1.0000E-15
9.79932E+03,1.0000E-15
9.80175E+03,1.0000E-15
9.80417E+03,1.0000E-15
9.80660E+03,1.0000E-15
9.80903E+03,1.0000E-15
9.81145E+03,1.0000E-15
9.81388E+03,1.0000E-15
9.81631E+03,1.0000E-15
9.81874E+03,1.0000E-15
9.82116E+03,1.0000E-15
9.82359E+03,1.0000E-15
9.82602E+03,1.0000E-15
9.82844E+03,1.0000E-15
9.83087E+03,1.0000E-15
9.83330E+03,1.0000E-15
9.83573E+03,1.0000E-15
9.83815E+03,1.0000E-15
9.84058E+03,1.0000E-15
9.84301E+03,1.0000E-15
9.84544E+03,1.0000E-15
9.84786E+03,1.0000E-15
9.85029E+03,1.0000E-15
9.85272E+03,1.0000E-15
9.85515E+03,1.0000E-15
9.85758E+03,1.0000E-15
9.86001E+03,1.0000E-15
9.86243E+03,1.0000E-15
9.86486E+03,1.0000E-15
9.86729E+03,1.0000E-15
9.86972E+03,1.0000E-15
9.87215E+03,1.0000E-15
9.87458E+03,1.0000E-15
9.87700E+03,1.0000E-15
9.87943E+03,1.0000E-15
9.88186E+03,1.0000E-15
9.88429E+03,1.0000E-15
9.88672E+03,1.0000E-15
9.88915E+03,1.0000E-15
9.89158E+03,1.0000E-15
9.89401E+03,1.0000E-15
9.89644E+03,1.0000E-15
9.89887E+03,1.0000E-15
9.90129E+03,1.0000E-15
9.90372E+03,1.0000E-15
9.90615E+03,1.0000E-15
9.90858E+03,1.0000E-15
9.91101E+03,1.0000E-15
9.91344E+03,1.0000E-15
9.91587E+03,1.0000E-15
9.91830E+03,1.0000E-15
9.92073E+03,1.0000E-15
9.92316E+03,1.0000E-15
9.92559E+03,1.0000E-15
9.92802E+03,1.0000E-15
9.93045E+03,1.0000E-15
9.93288E+03,1.0000E-15
9.93531E+03,1.0000E-15
9.93774E+03,1.0000E-15
9.94017E+03,1.0000E-15
9.94260E+03,1.0000E-15
9.94503E+03,1.0000E-15
9.94746E+03,1.0000E-15
9.94990E+03,1.0000E-15
9.95233E+03,1.0000E-15
9.95476E+03,1.0000E-15
9.95719E+03,1.0000E-15
9.95962E+03,1.0000E-15
9.96205E+03,1.0000E-15
9.96448E+03,1.0000E-15
9.96691E+03,1.0000E-15
9.96934E+03,1.0000E-15
9.97177E+03,1.0000E-15
9.97421E+03,1.0000E-15
9.97664E+03,1.0000E-15
9.97907E+03,1.0000E-15
9.98150E+03,1.0000E-15
9.98393E+03,1.0000E-15
9.98636E+03,1.0000E-15
9.98879E+03,1.0000E-15
9.99123E+03,1.0000E-15
9.99366E+03,1.0000E-15
9.99609E+03,1.0000E-15
9.99852E+03,1.0000E-15
1.00010E+04,1.0000E-15
1.00034E+04,1.0000E-15
1.00058E+04,1.0000E-15
1.00083E+04,1.0000E-15
1.00107E+04,1.0000E-15
1.00131E+04,1.0000E-15
1.00155E+04,1.0000E-15
1.00180E+04,1.0000E-15
1.00204E+04,1.0000E-15
1.00228E+04,1.0000E-15
1.00253E+04,1.0000E-15
1.00277E+04,1.0000E-15
1.00301E+04,1.0000E-15
1.00326E+04,1.0000E-15
1.00350E+04,1.0000E-15
1.00374E+04,1.0000E-15
1.00399E+04,1.0000E-15
1.00423E+04,1.0000E-15
1.00447E+04,1.0000E-15
1.00472E+04,1.0000E-15
1.00496E+04,1.0000E-15
1.00520E+04,1.0000E-15
1.00545E+04,1.0000E-15
1.00569E+04,1.0000E-15
1.00593E+04,1.0000E-15
1.00618E+04,1.0000E-15
1.00642E+04,1.0000E-15
1.00666E+04,1.0000E-15
1.00691E+04,1.0000E-15
1.00715E+04,1.0000E-15
1.00739E+04,1.0000E-15
1.00764E+04,1.0000E-15
1.00788E+04,1.0000E-15
1.00812E+04,1.0000E-15
1.00837E+04,1.0000E-15
1.00861E+04,1.0000E-15
1.00886E+04,1.0000E-15
1.00910E+04,1.0000E-15
1.00934E+04,1.0000E-15
1.00959E+04,1.0000E-15
1.00983E+04,1.0000E-15
1.01007E+04,1.0000E-15
1.01032E+04,1.0000E-15
1.01056E+04,1.0000E-15
1.01080E+04,1.0000E-15
1.01105E+04,1.0000E-15
1.01129E+04,1.0000E-15
1.01153E+04,1.0000E-15
1.01178E+04,1.0000E-15
1.01202E+04,1.0000E-15
1.01226E+04,1.0000E-15
1.01251E+04,1.0000E-15
1.01275E+04,1.0000E-15
1.01299E+04,1.0000E-15
1.01324E+04,1.0000E-15
1.01348E+04,1.0000E-15
1.01373E+04,1.0000E-15
1.01397E+04,1.0000E-15
1.01421E+04,1.0000E-15
1.01446E+04,1.0000E-15
1.01470E+04,1.0000E-15
1.01494E+04,1.0000E-15
1.01519E+04,1.0000E-15
1.01543E+04,1.0000E-15
1.01567E+04,1.0000E-15
1.01592E+04,1.0000E-15
1.01616E+04,1.0000E-15
1.01641E+04,1.0000E-15
1.01665E+04,1.0000E-15
1.01689E+04,1.0000E-15
1.01714E+04,1.0000E-15
1.01738E+04,1.0000E-15
1.01762E+04,1.0000E-15
1.01787E+04,1.0000E-15
1.01811E+04,1.0000E-15
1.01835E+04,1.0000E-15
1.01860E+04,1.0000E-15
1.01884E+04,1.0000E-15
1.01909E+04,1.0000E-15
1.01933E+04,1.0000E-15
1.01957E+04,1.0000E-15
1.01982E+04,1.0000E-15
1.02006E+04,1.0000E-15
1.02030E+04,1.0000E-15
1.02055E+04,1.0000E-15
1.02079E+04,1.0000E-15
1.02104E+04,1.0000E-15
1.02128E+04,1.0000E-15
1.02152E+04,1.0000E-15
1.02177E+04,1.0000E-15
1.02201E+04,1.0000E-15
1.02225E+04,1.0000E-15
1.02250E+04,1.0000E-15
1.02274E+04,1.0000E-15
1.02299E+04,1.0000E-15
1.02323E+04,1.0000E-15
1.02347E+04,1.0000E-15
