# wavelength, f_lambda
2.2900e+02,0.0000e+00
2.3400e+02,0.0000e+00
2.4300e+02,0.0000e+00
2.5200e+02,0.0000e+00
2.5600e+02,0.0000e+00
2.6000e+02,0.0000e+00
2.6600e+02,0.0000e+00
2.7500e+02,0.0000e+00
2.8300e+02,0.0000e+00
2.9300e+02,0.0000e+00
3.0100e+02,0.0000e+00
3.0900e+02,0.0000e+00
3.2500e+02,0.0000e+00
3.4200e+02,0.0000e+00
3.5100e+02,0.0000e+00
3.5600e+02,0.0000e+00
3.6500e+02,0.0000e+00
3.7500e+02,0.0000e+00
3.8400e+02,0.0000e+00
4.0000e+02,0.0000e+00
4.1500e+02,0.0000e+00
4.2500e+02,0.0000e+00
4.4500e+02,0.0000e+00
4.7200e+02,0.0000e+00
4.9400e+02,0.0000e+00
5.0600e+02,0.0000e+00
5.1600e+02,0.0000e+00
5.4000e+02,0.0000e+00
5.6400e+02,0.0000e+00
5.8700e+02,0.0000e+00
6.1200e+02,0.0000e+00
6.4000e+02,0.0000e+00
6.7100e+02,0.0000e+00
7.0500e+02,0.0000e+00
7.3600e+02,0.0000e+00
7.7000e+02,0.0000e+00
8.1000e+02,0.0000e+00
8.5000e+02,0.0000e+00
8.9000e+02,0.0000e+00
9.2000e+02,8.4462e-20
9.4000e+02,2.6040e-19
9.6200e+02,4.7348e-19
9.8700e+02,9.1031e-19
1.0120e+03,1.5809e-18
1.0370e+03,2.5639e-18
1.0620e+03,4.3587e-18
1.0870e+03,6.9903e-18
1.1120e+03,2.8219e-16
1.1200e+03,3.0896e-16
1.1400e+03,4.2916e-16
1.1600e+03,6.6595e-16
1.1800e+03,9.1944e-16
1.2000e+03,1.2453e-15
1.2200e+03,1.8380e-15
1.2400e+03,3.9169e-15
1.2600e+03,6.8085e-15
1.2800e+03,9.1947e-15
1.3000e+03,1.2289e-14
1.3200e+03,1.5884e-14
1.3400e+03,2.0069e-14
1.3600e+03,2.5359e-14
1.3800e+03,3.2226e-14
1.4000e+03,4.1353e-14
1.4200e+03,5.1843e-14
1.4400e+03,6.4696e-14
1.4600e+03,8.1782e-14
1.4800e+03,1.0040e-13
1.5000e+03,1.2618e-13
1.5200e+03,3.5582e-13
1.5400e+03,5.4414e-13
1.5600e+03,5.3837e-13
1.5800e+03,7.1346e-13
1.6000e+03,8.9274e-13
1.6200e+03,1.0404e-12
1.6400e+03,1.1464e-12
1.6600e+03,1.1919e-12
1.6800e+03,3.1515e-11
1.7000e+03,4.6881e-11
1.7200e+03,5.6546e-11
1.7400e+03,7.4285e-11
1.7600e+03,7.1181e-11
1.7800e+03,9.3061e-11
1.8000e+03,7.8849e-11
1.8200e+03,5.5057e-11
1.8400e+03,6.5292e-11
1.8600e+03,9.4058e-11
1.8800e+03,1.0529e-10
1.9000e+03,1.1723e-10
1.9200e+03,1.3317e-10
1.9400e+03,1.0899e-10
1.9600e+03,1.1556e-10
1.9800e+03,1.5455e-10
2.0000e+03,1.5103e-10
2.0025e+03,1.4845e-10
2.0050e+03,1.4588e-10
2.0075e+03,1.4330e-10
2.0100e+03,1.4072e-10
2.0125e+03,1.3815e-10
2.0150e+03,1.3557e-10
2.0175e+03,1.3299e-10
2.0200e+03,1.3042e-10
2.0225e+03,1.3184e-10
2.0250e+03,1.3326e-10
2.0275e+03,1.3468e-10
2.0300e+03,1.3610e-10
2.0325e+03,1.3752e-10
2.0350e+03,1.3894e-10
2.0375e+03,1.4036e-10
2.0400e+03,1.4178e-10
2.0425e+03,1.4002e-10
2.0450e+03,1.3826e-10
2.0475e+03,1.3651e-10
2.0500e+03,1.3475e-10
2.0525e+03,1.3299e-10
2.0550e+03,1.3124e-10
2.0575e+03,1.2948e-10
2.0600e+03,1.2772e-10
2.0625e+03,1.5610e-10
2.0650e+03,1.8447e-10
2.0675e+03,2.1284e-10
2.0700e+03,2.4121e-10
2.0725e+03,2.6958e-10
2.0750e+03,2.9795e-10
2.0775e+03,3.2633e-10
2.0800e+03,3.5470e-10
2.0825e+03,3.6353e-10
2.0850e+03,3.7238e-10
2.0875e+03,3.8121e-10
2.0900e+03,3.9005e-10
2.0925e+03,3.9885e-10
2.0950e+03,4.0768e-10
2.0975e+03,4.1652e-10
2.1000e+03,4.2536e-10
2.1025e+03,4.3284e-10
2.1050e+03,4.4037e-10
2.1075e+03,4.4785e-10
2.1100e+03,4.5537e-10
2.1125e+03,4.6286e-10
2.1150e+03,4.7038e-10
2.1175e+03,4.7787e-10
2.1200e+03,4.8535e-10
2.1225e+03,4.9156e-10
2.1250e+03,4.9777e-10
2.1275e+03,5.0394e-10
2.1300e+03,5.1014e-10
2.1325e+03,5.1632e-10
2.1350e+03,5.2252e-10
2.1375e+03,5.2873e-10
2.1400e+03,5.3490e-10
2.1425e+03,5.3972e-10
2.1450e+03,5.4450e-10
2.1475e+03,5.4929e-10
2.1500e+03,5.5411e-10
2.1525e+03,5.5889e-10
2.1550e+03,5.6367e-10
2.1575e+03,5.6846e-10
2.1600e+03,5.7328e-10
2.1625e+03,5.7196e-10
2.1650e+03,5.7069e-10
2.1675e+03,5.6941e-10
2.1700e+03,5.6809e-10
2.1725e+03,5.6682e-10
2.1750e+03,5.6554e-10
2.1775e+03,5.6422e-10
2.1800e+03,5.6294e-10
2.1825e+03,5.6170e-10
2.1850e+03,5.6043e-10
2.1875e+03,5.5918e-10
2.1900e+03,5.5791e-10
2.1925e+03,5.5666e-10
2.1950e+03,5.5539e-10
2.1975e+03,5.5414e-10
2.2000e+03,5.5287e-10
2.2025e+03,5.5210e-10
2.2050e+03,5.5130e-10
2.2075e+03,5.5049e-10
2.2100e+03,5.4969e-10
2.2125e+03,5.4889e-10
2.2150e+03,5.4812e-10
2.2175e+03,5.4732e-10
2.2200e+03,5.4651e-10
2.2225e+03,5.5097e-10
2.2250e+03,5.5542e-10
2.2275e+03,5.5988e-10
2.2300e+03,5.6433e-10
2.2325e+03,5.6882e-10
2.2350e+03,5.7328e-10
2.2375e+03,5.7773e-10
2.2400e+03,5.8219e-10
2.2425e+03,5.8153e-10
2.2450e+03,5.8091e-10
2.2475e+03,5.8029e-10
2.2500e+03,5.7963e-10
2.2525e+03,5.7901e-10
2.2550e+03,5.7835e-10
2.2575e+03,5.7773e-10
2.2600e+03,5.7708e-10
2.2625e+03,5.6992e-10
2.2650e+03,5.6273e-10
2.2675e+03,5.5553e-10
2.2700e+03,5.4834e-10
2.2725e+03,5.4118e-10
2.2750e+03,5.3399e-10
2.2775e+03,5.2680e-10
2.2800e+03,5.1964e-10
2.2825e+03,5.2519e-10
2.2850e+03,5.3078e-10
2.2875e+03,5.3636e-10
2.2900e+03,5.4191e-10
2.2925e+03,5.4750e-10
2.2950e+03,5.5309e-10
2.2975e+03,5.5864e-10
2.3000e+03,5.6422e-10
2.3025e+03,5.6441e-10
2.3050e+03,5.6459e-10
2.3075e+03,5.6473e-10
2.3100e+03,5.6492e-10
2.3125e+03,5.6510e-10
2.3150e+03,5.6528e-10
2.3175e+03,5.6546e-10
2.3200e+03,5.6561e-10
2.3225e+03,5.5495e-10
2.3250e+03,5.4429e-10
2.3275e+03,5.3362e-10
2.3300e+03,5.2292e-10
2.3325e+03,5.1226e-10
2.3350e+03,5.0160e-10
2.3375e+03,4.9094e-10
2.3400e+03,4.8028e-10
2.3425e+03,4.7166e-10
2.3450e+03,4.6308e-10
2.3475e+03,4.5446e-10
2.3500e+03,4.4588e-10
2.3525e+03,4.3726e-10
2.3550e+03,4.2868e-10
2.3575e+03,4.2006e-10
2.3600e+03,4.1148e-10
2.3625e+03,4.1006e-10
2.3650e+03,4.0860e-10
2.3675e+03,4.0717e-10
2.3700e+03,4.0575e-10
2.3725e+03,4.0433e-10
2.3750e+03,4.0286e-10
2.3775e+03,4.0144e-10
2.3800e+03,4.0002e-10
2.3825e+03,3.9699e-10
2.3850e+03,3.9396e-10
2.3875e+03,3.9092e-10
2.3900e+03,3.8789e-10
2.3925e+03,3.8486e-10
2.3950e+03,3.8187e-10
2.3975e+03,3.7884e-10
2.4000e+03,3.7581e-10
2.4025e+03,3.7789e-10
2.4050e+03,3.7993e-10
2.4075e+03,3.8202e-10
2.4100e+03,3.8410e-10
2.4125e+03,3.8614e-10
2.4150e+03,3.8822e-10
2.4175e+03,3.9030e-10
2.4200e+03,3.9239e-10
2.4225e+03,4.1893e-10
2.4250e+03,4.4551e-10
2.4275e+03,4.7210e-10
2.4300e+03,4.9868e-10
2.4325e+03,5.2526e-10
2.4350e+03,5.5184e-10
2.4375e+03,5.7839e-10
2.4400e+03,6.0497e-10
2.4425e+03,5.9544e-10
2.4450e+03,5.8591e-10
2.4475e+03,5.7638e-10
2.4500e+03,5.6682e-10
2.4525e+03,5.5728e-10
2.4550e+03,5.4775e-10
2.4575e+03,5.3822e-10
2.4600e+03,5.2869e-10
2.4625e+03,5.2325e-10
2.4650e+03,5.1785e-10
2.4675e+03,5.1245e-10
2.4700e+03,5.0700e-10
2.4725e+03,5.0160e-10
2.4750e+03,4.9620e-10
2.4775e+03,4.9079e-10
2.4800e+03,4.8535e-10
2.4825e+03,4.9028e-10
2.4850e+03,4.9525e-10
2.4875e+03,5.0018e-10
2.4900e+03,5.0511e-10
2.4925e+03,5.1004e-10
2.4950e+03,5.1500e-10
2.4975e+03,5.1993e-10
2.5000e+03,5.2486e-10
2.5025e+03,5.1909e-10
2.5050e+03,5.1336e-10
2.5075e+03,5.0763e-10
2.5100e+03,5.0186e-10
2.5125e+03,4.9612e-10
2.5150e+03,4.9035e-10
2.5175e+03,4.8462e-10
2.5200e+03,4.7885e-10
2.5225e+03,4.6501e-10
2.5250e+03,4.5121e-10
2.5275e+03,4.3733e-10
2.5300e+03,4.2350e-10
2.5325e+03,4.0969e-10
2.5350e+03,3.9585e-10
2.5375e+03,3.8202e-10
2.5400e+03,3.6818e-10
2.5425e+03,3.7530e-10
2.5450e+03,3.8245e-10
2.5475e+03,3.8961e-10
2.5500e+03,3.9677e-10
2.5525e+03,4.0392e-10
2.5550e+03,4.1104e-10
2.5575e+03,4.1820e-10
2.5600e+03,4.2536e-10
2.5625e+03,4.5019e-10
2.5650e+03,4.7505e-10
2.5675e+03,4.9988e-10
2.5700e+03,5.2471e-10
2.5725e+03,5.4958e-10
2.5750e+03,5.7441e-10
2.5775e+03,5.9924e-10
2.5800e+03,6.2411e-10
2.5825e+03,6.2728e-10
2.5850e+03,6.3046e-10
2.5875e+03,6.3364e-10
2.5900e+03,6.3685e-10
2.5925e+03,6.4003e-10
2.5950e+03,6.4320e-10
2.5975e+03,6.4638e-10
2.6000e+03,6.4956e-10
2.6025e+03,6.3732e-10
2.6050e+03,6.2506e-10
2.6075e+03,6.1279e-10
2.6100e+03,6.0052e-10
2.6125e+03,5.8825e-10
2.6150e+03,5.7602e-10
2.6175e+03,5.6375e-10
2.6200e+03,5.5148e-10
2.6225e+03,5.7631e-10
2.6250e+03,6.0118e-10
2.6275e+03,6.2601e-10
2.6300e+03,6.5084e-10
2.6325e+03,6.7570e-10
2.6350e+03,7.0053e-10
2.6375e+03,7.2536e-10
2.6400e+03,7.5023e-10
2.6425e+03,7.9050e-10
2.6450e+03,8.3078e-10
2.6475e+03,8.7109e-10
2.6500e+03,9.1137e-10
2.6525e+03,9.5164e-10
2.6550e+03,9.9195e-10
2.6575e+03,1.0322e-09
2.6600e+03,1.0725e-09
2.6625e+03,1.0717e-09
2.6650e+03,1.0709e-09
2.6675e+03,1.0701e-09
2.6700e+03,1.0693e-09
2.6725e+03,1.0685e-09
2.6750e+03,1.0677e-09
2.6775e+03,1.0670e-09
2.6800e+03,1.0662e-09
2.6825e+03,1.0660e-09
2.6850e+03,1.0658e-09
2.6875e+03,1.0657e-09
2.6900e+03,1.0655e-09
2.6925e+03,1.0653e-09
2.6950e+03,1.0652e-09
2.6975e+03,1.0650e-09
2.7000e+03,1.0649e-09
2.7025e+03,1.0558e-09
2.7050e+03,1.0467e-09
2.7075e+03,1.0376e-09
2.7100e+03,1.0286e-09
2.7125e+03,1.0195e-09
2.7150e+03,1.0104e-09
2.7175e+03,1.0013e-09
2.7200e+03,9.9225e-10
2.7225e+03,9.8892e-10
2.7250e+03,9.8556e-10
2.7275e+03,9.8220e-10
2.7300e+03,9.7888e-10
2.7325e+03,9.7552e-10
2.7350e+03,9.7220e-10
2.7375e+03,9.6884e-10
2.7400e+03,9.6552e-10
2.7425e+03,9.4671e-10
2.7450e+03,9.2794e-10
2.7475e+03,9.0918e-10
2.7500e+03,8.9041e-10
2.7525e+03,8.7164e-10
2.7550e+03,8.5287e-10
2.7575e+03,8.3410e-10
2.7600e+03,8.1530e-10
2.7625e+03,8.3790e-10
2.7650e+03,8.6050e-10
2.7675e+03,8.8310e-10
2.7700e+03,9.0571e-10
2.7725e+03,9.2831e-10
2.7750e+03,9.5088e-10
2.7775e+03,9.7348e-10
2.7800e+03,9.9608e-10
2.7825e+03,9.3638e-10
2.7850e+03,8.7664e-10
2.7875e+03,8.1694e-10
2.7900e+03,7.5720e-10
2.7925e+03,6.9750e-10
2.7950e+03,6.3780e-10
2.7975e+03,5.7806e-10
2.8000e+03,5.1836e-10
2.8025e+03,5.6200e-10
2.8050e+03,6.0567e-10
2.8075e+03,6.4930e-10
2.8100e+03,6.9294e-10
2.8125e+03,7.3661e-10
2.8150e+03,7.8024e-10
2.8175e+03,8.2388e-10
2.8200e+03,8.6755e-10
2.8225e+03,9.1261e-10
2.8250e+03,9.5767e-10
2.8275e+03,1.0027e-09
2.8300e+03,1.0478e-09
2.8325e+03,1.0929e-09
2.8350e+03,1.1379e-09
2.8375e+03,1.1830e-09
2.8400e+03,1.2281e-09
2.8425e+03,1.2215e-09
2.8450e+03,1.2150e-09
2.8475e+03,1.2085e-09
2.8500e+03,1.2019e-09
2.8525e+03,1.1954e-09
2.8550e+03,1.1889e-09
2.8575e+03,1.1823e-09
2.8600e+03,1.1758e-09
2.8625e+03,1.1881e-09
2.8650e+03,1.2003e-09
2.8675e+03,1.2126e-09
2.8700e+03,1.2249e-09
2.8725e+03,1.2371e-09
2.8750e+03,1.2494e-09
2.8775e+03,1.2617e-09
2.8800e+03,1.2739e-09
2.8825e+03,1.2978e-09
2.8850e+03,1.3217e-09
2.8875e+03,1.3456e-09
2.8900e+03,1.3695e-09
2.8925e+03,1.3934e-09
2.8950e+03,1.4172e-09
2.8975e+03,1.4411e-09
2.9000e+03,1.4650e-09
2.9025e+03,1.4746e-09
2.9050e+03,1.4841e-09
2.9075e+03,1.4937e-09
2.9100e+03,1.5032e-09
2.9125e+03,1.5128e-09
2.9150e+03,1.5223e-09
2.9175e+03,1.5319e-09
2.9200e+03,1.5415e-09
2.9225e+03,1.5351e-09
2.9250e+03,1.5287e-09
2.9275e+03,1.5223e-09
2.9300e+03,1.5160e-09
2.9325e+03,1.5096e-09
2.9350e+03,1.5032e-09
2.9375e+03,1.4968e-09
2.9400e+03,1.4905e-09
2.9425e+03,1.4951e-09
2.9450e+03,1.4997e-09
2.9475e+03,1.5043e-09
2.9500e+03,1.5090e-09
2.9525e+03,1.5136e-09
2.9550e+03,1.5182e-09
2.9575e+03,1.5228e-09
2.9600e+03,1.5274e-09
2.9625e+03,1.5308e-09
2.9650e+03,1.5341e-09
2.9675e+03,1.5374e-09
2.9700e+03,1.5408e-09
2.9725e+03,1.5442e-09
2.9750e+03,1.5475e-09
2.9775e+03,1.5508e-09
2.9800e+03,1.5542e-09
2.9825e+03,1.5604e-09
2.9850e+03,1.5666e-09
2.9875e+03,1.5728e-09
2.9900e+03,1.5790e-09
2.9925e+03,1.5852e-09
2.9950e+03,1.5914e-09
2.9975e+03,1.5977e-09
3.0000e+03,1.6039e-09
3.0025e+03,1.6055e-09
3.0050e+03,1.6070e-09
3.0075e+03,1.6086e-09
3.0100e+03,1.6102e-09
3.0125e+03,1.6118e-09
3.0150e+03,1.6134e-09
3.0175e+03,1.6150e-09
3.0200e+03,1.6166e-09
3.0225e+03,1.6343e-09
3.0250e+03,1.6520e-09
3.0275e+03,1.6696e-09
3.0300e+03,1.6873e-09
3.0325e+03,1.7050e-09
3.0350e+03,1.7226e-09
3.0375e+03,1.7403e-09
3.0400e+03,1.7580e-09
3.0425e+03,1.7610e-09
3.0450e+03,1.7641e-09
3.0475e+03,1.7671e-09
3.0500e+03,1.7701e-09
3.0525e+03,1.7731e-09
3.0550e+03,1.7762e-09
3.0575e+03,1.7792e-09
3.0600e+03,1.7822e-09
3.0625e+03,1.7871e-09
3.0650e+03,1.7921e-09
3.0675e+03,1.7970e-09
3.0700e+03,1.8020e-09
3.0725e+03,1.8069e-09
3.0750e+03,1.8118e-09
3.0775e+03,1.8168e-09
3.0800e+03,1.8217e-09
3.0825e+03,1.8217e-09
3.0850e+03,1.8217e-09
3.0875e+03,1.8217e-09
3.0900e+03,1.8217e-09
3.0925e+03,1.8217e-09
3.0950e+03,1.8217e-09
3.0975e+03,1.8217e-09
3.1000e+03,1.8217e-09
3.1025e+03,1.8312e-09
3.1050e+03,1.8408e-09
3.1075e+03,1.8504e-09
3.1100e+03,1.8599e-09
3.1125e+03,1.8695e-09
3.1150e+03,1.8790e-09
3.1175e+03,1.8886e-09
3.1200e+03,1.8981e-09
3.1225e+03,1.9012e-09
3.1250e+03,1.9042e-09
3.1275e+03,1.9072e-09
3.1300e+03,1.9103e-09
3.1325e+03,1.9133e-09
3.1350e+03,1.9163e-09
3.1375e+03,1.9193e-09
3.1400e+03,1.9223e-09
3.1425e+03,1.9193e-09
3.1450e+03,1.9163e-09
3.1475e+03,1.9133e-09
3.1500e+03,1.9103e-09
3.1525e+03,1.9072e-09
3.1550e+03,1.9042e-09
3.1575e+03,1.9012e-09
3.1600e+03,1.8981e-09
3.1625e+03,1.9029e-09
3.1650e+03,1.9077e-09
3.1675e+03,1.9125e-09
3.1700e+03,1.9172e-09
3.1725e+03,1.9220e-09
3.1750e+03,1.9268e-09
3.1775e+03,1.9316e-09
3.1800e+03,1.9364e-09
3.1825e+03,1.9443e-09
3.1850e+03,1.9523e-09
3.1875e+03,1.9602e-09
3.1900e+03,1.9682e-09
3.1925e+03,1.9762e-09
3.1950e+03,1.9841e-09
3.1975e+03,1.9921e-09
3.2000e+03,2.0000e-09
3.2025e+03,1.9921e-09
3.2050e+03,1.9841e-09
3.2075e+03,1.9762e-09
3.2100e+03,1.9682e-09
3.2125e+03,1.9602e-09
3.2150e+03,1.9523e-09
3.2175e+03,1.9443e-09
3.2200e+03,1.9364e-09
3.2225e+03,1.9364e-09
3.2250e+03,1.9364e-09
3.2275e+03,1.9364e-09
3.2300e+03,1.9364e-09
3.2325e+03,1.9364e-09
3.2350e+03,1.9364e-09
3.2375e+03,1.9364e-09
3.2400e+03,1.9364e-09
3.2600e+03,2.1801e-09
3.2700e+03,2.2409e-09
3.2800e+03,2.1437e-09
3.2900e+03,2.0961e-09
3.3000e+03,2.2780e-09
3.3100e+03,2.2473e-09
3.3200e+03,2.2417e-09
3.3300e+03,2.2708e-09
3.3400e+03,2.1893e-09
3.3500e+03,2.2203e-09
3.3600e+03,2.1818e-09
3.3700e+03,2.1466e-09
3.3800e+03,2.1609e-09
3.3900e+03,2.1806e-09
3.4000e+03,2.2475e-09
3.4100e+03,2.1862e-09
3.4200e+03,2.2523e-09
3.4300e+03,2.3913e-09
3.4400e+03,2.3116e-09
3.4500e+03,2.1810e-09
3.4600e+03,2.2565e-09
3.4700e+03,2.2189e-09
3.4800e+03,2.1970e-09
3.4900e+03,2.1989e-09
3.5000e+03,2.2401e-09
3.5100e+03,2.3201e-09
3.5200e+03,2.2732e-09
3.5300e+03,2.3035e-09
3.5400e+03,2.4325e-09
3.5500e+03,2.4884e-09
3.5600e+03,2.4398e-09
3.5700e+03,2.3306e-09
3.5800e+03,2.2208e-09
3.5900e+03,2.2757e-09
3.6000e+03,2.3563e-09
3.6100e+03,2.2110e-09
3.6200e+03,2.2674e-09
3.6300e+03,2.2784e-09
3.6400e+03,2.2832e-09
3.6500e+03,2.3416e-09
3.6600e+03,2.3633e-09
3.6700e+03,2.3806e-09
3.6800e+03,2.3692e-09
3.6900e+03,2.3556e-09
3.7000e+03,2.4102e-09
3.7100e+03,2.4874e-09
3.7200e+03,2.5660e-09
3.7300e+03,2.5207e-09
3.7400e+03,2.7199e-09
3.7500e+03,2.8514e-09
3.7600e+03,2.8953e-09
3.7700e+03,2.9131e-09
3.7800e+03,3.3502e-09
3.7900e+03,3.4296e-09
3.8000e+03,3.0437e-09
3.8100e+03,3.7241e-09
3.8200e+03,3.9008e-09
3.8300e+03,3.1167e-09
3.8400e+03,2.9211e-09
3.8500e+03,3.8990e-09
3.8600e+03,4.5734e-09
3.8700e+03,4.5566e-09
3.8800e+03,3.7303e-09
3.8900e+03,3.0379e-09
3.9000e+03,3.4677e-09
3.9100e+03,4.4588e-09
3.9200e+03,4.8112e-09
3.9300e+03,3.9352e-09
3.9400e+03,3.8545e-09
3.9500e+03,4.7038e-09
3.9600e+03,3.9414e-09
3.9700e+03,3.0866e-09
3.9800e+03,3.9436e-09
3.9900e+03,5.0726e-09
4.0000e+03,5.4823e-09
4.0100e+03,5.6623e-09
4.0200e+03,5.8080e-09
4.0300e+03,5.6765e-09
4.0400e+03,5.5710e-09
4.0500e+03,5.5864e-09
4.0600e+03,5.5878e-09
4.0700e+03,5.3410e-09
4.0800e+03,4.9897e-09
4.0900e+03,4.6286e-09
4.1000e+03,3.7070e-09
4.1100e+03,4.0144e-09
4.1200e+03,5.0284e-09
4.1300e+03,5.2840e-09
4.1400e+03,5.4283e-09
4.1500e+03,5.4772e-09
4.1600e+03,5.5137e-09
4.1700e+03,5.4261e-09
4.1800e+03,5.1705e-09
4.1900e+03,5.4359e-09
4.2000e+03,5.4746e-09
4.2100e+03,5.5049e-09
4.2200e+03,5.4834e-09
4.2300e+03,5.3965e-09
4.2400e+03,5.4830e-09
4.2500e+03,5.5217e-09
4.2600e+03,5.5586e-09
4.2700e+03,5.5086e-09
4.2800e+03,5.3636e-09
4.2900e+03,5.1730e-09
4.3000e+03,4.9481e-09
4.3100e+03,4.8754e-09
4.3200e+03,4.9076e-09
4.3300e+03,4.0608e-09
4.3400e+03,3.5006e-09
4.3500e+03,4.0462e-09
4.3600e+03,4.9923e-09
4.3700e+03,5.1617e-09
4.3800e+03,5.0982e-09
4.3900e+03,5.0543e-09
4.4000e+03,5.0631e-09
4.4100e+03,4.9999e-09
4.4200e+03,5.0956e-09
4.4300e+03,5.1157e-09
4.4400e+03,5.0204e-09
4.4500e+03,4.9455e-09
4.4600e+03,4.9167e-09
4.4700e+03,5.0317e-09
4.4800e+03,5.0540e-09
4.4900e+03,5.0277e-09
4.5000e+03,5.2110e-09
4.5100e+03,5.2289e-09
4.5200e+03,5.0069e-09
4.5300e+03,4.8601e-09
4.5400e+03,4.9620e-09
4.5500e+03,4.8827e-09
4.5600e+03,4.9386e-09
4.5700e+03,5.0686e-09
4.5800e+03,4.9488e-09
4.5900e+03,4.9163e-09
4.6000e+03,4.9919e-09
4.6100e+03,5.0627e-09
4.6200e+03,5.0284e-09
4.6300e+03,5.0543e-09
4.6400e+03,4.9715e-09
4.6500e+03,4.9777e-09
4.6600e+03,4.9441e-09
4.6700e+03,4.8878e-09
4.6800e+03,5.0470e-09
4.6900e+03,5.0302e-09
4.7000e+03,4.8623e-09
4.7100e+03,4.8681e-09
4.7200e+03,4.9368e-09
4.7300e+03,4.9408e-09
4.7400e+03,4.9784e-09
4.7500e+03,4.9430e-09
4.7600e+03,4.7754e-09
4.7700e+03,4.8385e-09
4.7800e+03,4.8714e-09
4.7900e+03,4.9181e-09
4.8000e+03,4.8645e-09
4.8100e+03,4.8488e-09
4.8200e+03,4.7341e-09
4.8300e+03,4.5621e-09
4.8400e+03,4.3138e-09
4.8500e+03,3.6617e-09
4.8600e+03,3.0807e-09
4.8700e+03,3.4975e-09
4.8800e+03,4.1773e-09
4.8900e+03,4.3471e-09
4.9000e+03,4.4968e-09
4.9100e+03,4.4672e-09
4.9200e+03,4.3671e-09
4.9300e+03,4.3529e-09
4.9400e+03,4.4241e-09
4.9500e+03,4.4522e-09
4.9600e+03,4.4840e-09
4.9700e+03,4.4424e-09
4.9800e+03,4.3573e-09
4.9900e+03,4.2459e-09
5.0000e+03,4.2967e-09
5.0100e+03,4.1305e-09
5.0200e+03,4.1605e-09
5.0300e+03,4.2777e-09
5.0400e+03,4.1838e-09
5.0500e+03,4.1543e-09
5.0600e+03,4.2083e-09
5.0700e+03,4.1123e-09
5.0800e+03,4.0783e-09
5.0900e+03,4.1115e-09
5.1000e+03,4.0768e-09
5.1100e+03,4.1174e-09
5.1200e+03,4.0641e-09
5.1300e+03,3.9078e-09
5.1400e+03,3.9797e-09
5.1500e+03,3.9929e-09
5.1600e+03,3.8724e-09
5.1700e+03,3.8453e-09
5.1800e+03,3.9165e-09
5.1900e+03,3.7785e-09
5.2000e+03,3.8198e-09
5.2100e+03,3.9202e-09
5.2200e+03,3.8976e-09
5.2300e+03,3.8074e-09
5.2400e+03,3.8654e-09
5.2500e+03,3.9538e-09
5.2600e+03,3.7906e-09
5.2700e+03,3.6448e-09
5.2800e+03,3.7931e-09
5.2900e+03,3.8738e-09
5.3000e+03,3.9231e-09
5.3100e+03,3.8464e-09
5.3200e+03,3.7278e-09
5.3300e+03,3.7124e-09
5.3400e+03,3.7928e-09
5.3500e+03,3.8388e-09
5.3600e+03,3.7460e-09
5.3700e+03,3.7676e-09
5.3800e+03,3.8873e-09
5.3900e+03,3.7818e-09
5.4000e+03,3.7223e-09
5.4100e+03,3.6675e-09
5.4200e+03,3.7851e-09
5.4300e+03,3.8158e-09
5.4400e+03,3.8169e-09
5.4500e+03,3.8099e-09
5.4600e+03,3.8698e-09
5.4700e+03,3.7457e-09
5.4800e+03,3.7248e-09
5.4900e+03,3.8348e-09
5.5000e+03,3.7628e-09
5.5100e+03,3.7493e-09
5.5200e+03,3.7752e-09
5.5300e+03,3.7223e-09
5.5400e+03,3.7157e-09
5.5500e+03,3.7311e-09
5.5600e+03,3.7318e-09
5.5700e+03,3.6934e-09
5.5800e+03,3.6382e-09
5.5900e+03,3.5761e-09
5.6000e+03,3.5106e-09
5.6100e+03,3.5959e-09
5.6200e+03,3.6247e-09
5.6300e+03,3.5807e-09
5.6400e+03,3.5853e-09
5.6500e+03,3.5520e-09
5.6600e+03,3.5668e-09
5.6700e+03,3.5100e-09
5.6800e+03,3.5587e-09
5.6900e+03,3.5598e-09
5.7000e+03,3.5068e-09
5.7100e+03,3.4710e-09
5.7200e+03,3.5091e-09
5.7300e+03,3.6006e-09
5.7400e+03,3.5715e-09
5.7600e+03,3.5203e-09
5.7800e+03,3.4661e-09
5.8000e+03,3.4130e-09
5.8200e+03,3.3605e-09
5.8400e+03,3.3086e-09
5.8600e+03,3.2573e-09
5.8800e+03,3.2067e-09
5.9000e+03,3.1564e-09
5.9200e+03,3.1073e-09
5.9400e+03,3.0584e-09
5.9600e+03,3.0101e-09
5.9800e+03,2.9609e-09
6.0000e+03,3.0250e-09
6.0200e+03,2.9940e-09
6.0400e+03,3.0042e-09
6.0600e+03,2.9815e-09
6.0800e+03,3.0377e-09
6.1000e+03,3.0325e-09
6.1200e+03,2.9806e-09
6.1400e+03,2.9037e-09
6.1600e+03,2.8491e-09
6.1800e+03,2.9058e-09
6.2000e+03,2.8725e-09
6.2200e+03,2.8253e-09
6.2400e+03,2.7877e-09
6.2600e+03,2.7885e-09
6.2800e+03,2.7970e-09
6.3000e+03,2.7878e-09
6.3200e+03,2.7344e-09
6.3400e+03,2.7131e-09
6.3600e+03,2.6920e-09
6.3800e+03,2.6899e-09
6.4000e+03,2.6608e-09
6.4200e+03,2.6134e-09
6.4400e+03,2.6139e-09
6.4600e+03,2.6022e-09
6.4800e+03,2.5676e-09
6.5000e+03,2.5211e-09
6.5200e+03,2.5080e-09
6.5400e+03,2.3510e-09
6.5600e+03,2.0809e-09
6.5800e+03,2.1958e-09
6.6000e+03,2.4511e-09
6.6200e+03,2.4576e-09
6.6400e+03,2.4617e-09
6.6600e+03,2.4480e-09
6.6800e+03,2.4323e-09
6.7000e+03,2.4147e-09
6.7200e+03,2.4355e-09
6.7400e+03,2.3979e-09
6.7600e+03,2.3669e-09
6.7800e+03,2.3997e-09
6.8000e+03,2.3686e-09
6.8200e+03,2.4096e-09
6.8400e+03,2.4259e-09
6.8600e+03,2.3038e-09
6.8800e+03,2.2406e-09
6.9000e+03,2.2604e-09
6.9200e+03,2.2739e-09
6.9400e+03,2.2974e-09
6.9600e+03,2.2749e-09
6.9800e+03,2.2390e-09
7.0000e+03,2.1620e-09
7.0200e+03,2.1982e-09
7.0400e+03,2.1678e-09
7.0600e+03,2.1734e-09
7.0800e+03,2.1607e-09
7.1000e+03,2.1261e-09
7.1200e+03,2.1319e-09
7.1400e+03,2.1379e-09
7.1600e+03,2.1819e-09
7.1800e+03,2.1634e-09
7.2000e+03,2.0988e-09
7.2200e+03,2.0594e-09
7.2400e+03,2.0313e-09
7.2600e+03,2.0332e-09
7.2800e+03,2.0304e-09
7.3000e+03,2.0056e-09
7.3200e+03,1.9808e-09
7.3400e+03,1.9957e-09
7.3600e+03,1.9814e-09
7.3800e+03,1.9608e-09
7.4000e+03,1.9414e-09
7.4200e+03,1.9131e-09
7.4400e+03,1.9235e-09
7.4600e+03,1.9193e-09
7.4800e+03,1.8740e-09
7.5000e+03,1.8578e-09
7.5200e+03,1.8254e-09
7.5400e+03,1.8128e-09
7.5600e+03,1.7690e-09
7.5800e+03,1.7809e-09
7.6000e+03,1.5770e-09
7.6200e+03,1.5728e-09
7.6400e+03,1.6748e-09
7.6600e+03,1.7748e-09
7.6800e+03,1.6628e-09
7.7000e+03,1.7140e-09
7.7200e+03,1.7832e-09
7.7400e+03,1.7438e-09
7.7600e+03,1.7173e-09
7.7800e+03,1.7012e-09
7.8000e+03,1.7246e-09
7.8200e+03,1.7237e-09
7.8400e+03,1.6842e-09
7.8600e+03,1.6918e-09
7.8800e+03,1.7131e-09
7.9000e+03,1.6712e-09
7.9200e+03,1.6472e-09
7.9400e+03,1.6384e-09
7.9600e+03,1.6756e-09
7.9800e+03,1.6448e-09
8.0000e+03,1.6353e-09
8.0200e+03,1.6033e-09
8.0400e+03,1.6217e-09
8.0600e+03,1.6295e-09
8.0800e+03,1.5766e-09
8.1000e+03,1.6011e-09
8.1200e+03,1.6232e-09
8.1400e+03,1.6038e-09
8.1600e+03,1.5509e-09
8.1800e+03,1.5381e-09
8.2000e+03,1.5357e-09
8.2200e+03,1.5792e-09
8.2400e+03,1.6031e-09
8.2600e+03,1.5743e-09
8.2800e+03,1.5757e-09
8.3000e+03,1.5153e-09
8.3200e+03,1.5218e-09
8.3400e+03,1.4894e-09
8.3600e+03,1.4502e-09
8.3800e+03,1.6193e-09
8.4000e+03,1.4188e-09
8.4200e+03,1.4823e-09
8.4400e+03,1.4901e-09
8.4600e+03,1.4622e-09
8.4800e+03,1.4498e-09
8.5000e+03,1.4406e-09
8.5200e+03,1.4412e-09
8.5400e+03,1.3457e-09
8.5600e+03,1.3066e-09
8.5800e+03,1.4143e-09
8.6000e+03,1.3475e-09
8.6200e+03,1.4284e-09
8.6400e+03,1.3798e-09
8.6600e+03,1.2507e-09
8.6800e+03,1.3581e-09
8.7000e+03,1.4309e-09
8.7200e+03,1.3051e-09
8.7400e+03,1.2082e-09
8.7600e+03,1.3057e-09
8.7800e+03,1.3924e-09
8.8000e+03,1.3416e-09
8.8200e+03,1.3759e-09
8.8400e+03,1.2749e-09
8.8600e+03,1.1902e-09
8.8800e+03,1.2663e-09
8.9000e+03,1.3015e-09
8.9200e+03,1.2853e-09
8.9400e+03,1.2789e-09
8.9600e+03,1.3672e-09
8.9800e+03,1.2784e-09
9.0000e+03,1.1634e-09
9.0200e+03,1.2038e-09
9.0400e+03,1.3076e-09
9.0600e+03,1.2832e-09
9.0800e+03,1.2346e-09
9.1000e+03,1.2514e-09
9.1200e+03,1.2778e-09
9.1400e+03,1.3324e-09
9.1600e+03,1.2585e-09
9.1800e+03,1.2654e-09
9.2000e+03,1.2153e-09
9.2200e+03,1.0448e-09
9.2400e+03,1.0306e-09
9.2600e+03,1.1344e-09
9.2800e+03,1.1941e-09
9.3000e+03,1.0635e-09
9.3200e+03,1.1716e-09
9.3400e+03,1.2696e-09
9.3600e+03,1.1303e-09
9.3800e+03,1.1404e-09
9.4000e+03,1.2497e-09
9.4200e+03,1.1031e-09
9.4400e+03,1.1868e-09
9.4600e+03,1.1541e-09
9.4800e+03,1.0825e-09
9.5000e+03,1.1412e-09
9.5200e+03,1.1564e-09
9.5400e+03,9.8199e-10
9.5600e+03,9.9038e-10
9.5800e+03,1.1121e-09
9.6000e+03,1.0628e-09
9.6200e+03,1.0562e-09
9.6400e+03,1.0101e-09
9.6600e+03,1.0475e-09
9.6800e+03,1.0927e-09
9.7000e+03,1.0959e-09
9.7200e+03,1.0725e-09
9.7400e+03,1.0978e-09
9.7600e+03,1.0774e-09
9.7800e+03,1.1045e-09
9.8000e+03,1.0324e-09
9.8200e+03,1.1439e-09
9.8400e+03,1.0397e-09
9.8600e+03,1.0890e-09
9.8800e+03,1.0222e-09
9.9000e+03,1.0551e-09
9.9200e+03,9.8235e-10
9.9400e+03,1.0605e-09
9.9600e+03,1.0046e-09
9.9800e+03,1.0139e-09
1.0000e+04,1.0298e-09
1.0020e+04,1.0208e-09
1.0040e+04,9.3452e-10
1.0060e+04,9.4642e-10
1.0080e+04,9.4441e-10
1.0100e+04,9.6336e-10
1.0120e+04,9.5219e-10
1.0140e+04,1.0164e-09
1.0160e+04,1.0235e-09
1.0180e+04,9.2732e-10
1.0200e+04,9.3868e-10
1.0220e+04,9.4467e-10
1.0240e+04,9.2360e-10
1.0260e+04,9.3784e-10
1.0280e+04,9.8571e-10
1.0300e+04,8.9468e-10
1.0320e+04,9.4368e-10
1.0340e+04,9.2104e-10
1.0360e+04,8.6857e-10
1.0380e+04,8.5707e-10
1.0400e+04,9.1093e-10
1.0420e+04,9.3280e-10
1.0440e+04,9.0549e-10
1.0460e+04,8.8365e-10
1.0480e+04,8.6229e-10
1.0500e+04,8.5093e-10
1.0520e+04,8.8639e-10
1.0540e+04,8.1230e-10
1.0560e+04,8.5510e-10
1.0580e+04,8.2128e-10
1.0600e+04,8.3680e-10
1.0800e+04,7.9583e-10
1.1000e+04,7.6147e-10
1.1200e+04,7.3179e-10
1.1400e+04,7.0517e-10
1.1600e+04,6.8027e-10
1.1800e+04,6.5584e-10
1.2000e+04,6.3086e-10
1.2200e+04,6.0446e-10
1.2400e+04,5.7594e-10
1.2600e+04,5.4629e-10
1.2800e+04,5.0733e-10
1.3000e+04,4.9594e-10
1.3200e+04,4.7494e-10
1.3400e+04,4.5395e-10
1.3600e+04,4.3255e-10
1.3800e+04,4.1327e-10
1.4000e+04,3.9607e-10
1.4200e+04,3.8012e-10
1.4400e+04,3.6414e-10
1.4600e+04,3.4990e-10
1.4800e+04,3.3565e-10
1.5000e+04,3.2140e-10
1.5200e+04,3.0803e-10
1.5400e+04,2.9513e-10
1.5600e+04,2.8408e-10
1.5800e+04,2.7413e-10
1.6000e+04,2.6701e-10
1.6200e+04,2.5852e-10
1.6400e+04,2.4845e-10
1.6600e+04,2.3938e-10
1.6800e+04,2.2672e-10
1.7000e+04,2.2047e-10
1.7200e+04,2.1200e-10
1.7400e+04,2.0082e-10
1.7600e+04,1.9433e-10
1.7800e+04,1.8769e-10
1.8000e+04,1.7993e-10
1.8200e+04,1.7013e-10
1.8400e+04,1.6639e-10
1.8600e+04,1.6072e-10
1.8800e+04,1.5159e-10
1.9000e+04,1.4903e-10
1.9200e+04,1.4320e-10
1.9400e+04,1.3681e-10
1.9600e+04,1.3284e-10
1.9800e+04,1.2877e-10
2.0000e+04,1.2400e-10
2.0200e+04,1.1973e-10
2.0400e+04,1.1556e-10
2.0600e+04,1.1123e-10
2.0800e+04,1.0731e-10
2.1000e+04,1.0331e-10
2.1200e+04,9.9480e-11
2.1400e+04,9.6387e-11
2.1600e+04,9.1670e-11
2.1800e+04,8.9435e-11
2.2000e+04,8.7292e-11
2.2200e+04,8.4699e-11
2.2400e+04,8.1950e-11
2.2600e+04,7.9445e-11
2.2800e+04,7.7027e-11
2.3000e+04,7.4694e-11
2.3200e+04,7.2361e-11
2.3400e+04,7.0276e-11
2.3600e+04,6.8432e-11
2.3800e+04,6.6186e-11
2.4000e+04,6.4189e-11
2.4200e+04,6.2517e-11
2.4400e+04,6.0516e-11
2.4600e+04,5.8686e-11
2.4800e+04,5.7017e-11
2.5000e+04,5.5188e-11
2.5200e+04,5.3764e-11
2.5400e+04,5.2183e-11
2.5600e+04,5.0598e-11
