# wavelength, f_lambda
2.2900e+02,0.0000e+00
2.3400e+02,0.0000e+00
2.4300e+02,0.0000e+00
2.5200e+02,0.0000e+00
2.5600e+02,0.0000e+00
2.6000e+02,0.0000e+00
2.6600e+02,0.0000e+00
2.7500e+02,0.0000e+00
2.8300e+02,0.0000e+00
2.9300e+02,0.0000e+00
3.0100e+02,0.0000e+00
3.0900e+02,0.0000e+00
3.2500e+02,0.0000e+00
3.4200e+02,0.0000e+00
3.5100e+02,0.0000e+00
3.5600e+02,0.0000e+00
3.6500e+02,0.0000e+00
3.7500e+02,0.0000e+00
3.8400e+02,0.0000e+00
4.0000e+02,0.0000e+00
4.1500e+02,0.0000e+00
4.2500e+02,0.0000e+00
4.4500e+02,0.0000e+00
4.7200e+02,0.0000e+00
4.9400e+02,0.0000e+00
5.0600e+02,0.0000e+00
5.1600e+02,0.0000e+00
5.4000e+02,0.0000e+00
5.6400e+02,0.0000e+00
5.8700e+02,0.0000e+00
6.1200e+02,0.0000e+00
6.4000e+02,0.0000e+00
6.7100e+02,0.0000e+00
7.0500e+02,0.0000e+00
7.3600e+02,0.0000e+00
7.7000e+02,0.0000e+00
8.1000e+02,0.0000e+00
8.5000e+02,0.0000e+00
8.9000e+02,0.0000e+00
9.2000e+02,1.0903e-19
9.4000e+02,3.2975e-19
9.6200e+02,6.6117e-19
9.8700e+02,1.4037e-18
1.0120e+03,2.7425e-18
1.0370e+03,4.9830e-18
1.0620e+03,9.2620e-18
1.0870e+03,1.6479e-17
1.1120e+03,6.2745e-16
1.1200e+03,7.8532e-16
1.1400e+03,1.0942e-15
1.1600e+03,1.7002e-15
1.1800e+03,2.3556e-15
1.2000e+03,3.1964e-15
1.2200e+03,4.7178e-15
1.2400e+03,9.7172e-15
1.2600e+03,1.6626e-14
1.2800e+03,2.2461e-14
1.3000e+03,3.0083e-14
1.3200e+03,3.8939e-14
1.3400e+03,4.9245e-14
1.3600e+03,6.2325e-14
1.3800e+03,7.9383e-14
1.4000e+03,1.0204e-13
1.4200e+03,1.2827e-13
1.4400e+03,1.6058e-13
1.4600e+03,2.0345e-13
1.4800e+03,2.5055e-13
1.5000e+03,3.1568e-13
1.5200e+03,1.0037e-12
1.5400e+03,1.5808e-12
1.5600e+03,1.5787e-12
1.5800e+03,2.0777e-12
1.6000e+03,2.6158e-12
1.6200e+03,3.0739e-12
1.6400e+03,3.4180e-12
1.6600e+03,3.5884e-12
1.6800e+03,8.5989e-11
1.7000e+03,1.2828e-10
1.7200e+03,1.5609e-10
1.7400e+03,2.0635e-10
1.7600e+03,1.9729e-10
1.7800e+03,2.6120e-10
1.8000e+03,2.2328e-10
1.8200e+03,1.5683e-10
1.8400e+03,1.8239e-10
1.8600e+03,2.6076e-10
1.8800e+03,2.9289e-10
1.9000e+03,3.2826e-10
1.9200e+03,3.7620e-10
1.9400e+03,3.0774e-10
1.9600e+03,3.2257e-10
1.9800e+03,4.4437e-10
2.0000e+03,4.3871e-10
2.0025e+03,4.3122e-10
2.0050e+03,4.2373e-10
2.0075e+03,4.1624e-10
2.0100e+03,4.0875e-10
2.0125e+03,4.0126e-10
2.0150e+03,3.9377e-10
2.0175e+03,3.8628e-10
2.0200e+03,3.7879e-10
2.0225e+03,3.8325e-10
2.0250e+03,3.8771e-10
2.0275e+03,3.9217e-10
2.0300e+03,3.9662e-10
2.0325e+03,4.0108e-10
2.0350e+03,4.0550e-10
2.0375e+03,4.0996e-10
2.0400e+03,4.1442e-10
2.0425e+03,4.0999e-10
2.0450e+03,4.0557e-10
2.0475e+03,4.0115e-10
2.0500e+03,3.9673e-10
2.0525e+03,3.9231e-10
2.0550e+03,3.8793e-10
2.0575e+03,3.8351e-10
2.0600e+03,3.7909e-10
2.0625e+03,3.8807e-10
2.0650e+03,3.9706e-10
2.0675e+03,4.0605e-10
2.0700e+03,4.1504e-10
2.0725e+03,4.2402e-10
2.0750e+03,4.3305e-10
2.0775e+03,4.4204e-10
2.0800e+03,4.5102e-10
2.0825e+03,4.5205e-10
2.0850e+03,4.5311e-10
2.0875e+03,4.5413e-10
2.0900e+03,4.5519e-10
2.0925e+03,4.5621e-10
2.0950e+03,4.5723e-10
2.0975e+03,4.5829e-10
2.1000e+03,4.5932e-10
2.1025e+03,4.6239e-10
2.1050e+03,4.6549e-10
2.1075e+03,4.6856e-10
2.1100e+03,4.7163e-10
2.1125e+03,4.7470e-10
2.1150e+03,4.7780e-10
2.1175e+03,4.8087e-10
2.1200e+03,4.8394e-10
2.1225e+03,4.8675e-10
2.1250e+03,4.8957e-10
2.1275e+03,4.9234e-10
2.1300e+03,4.9516e-10
2.1325e+03,4.9797e-10
2.1350e+03,5.0075e-10
2.1375e+03,5.0356e-10
2.1400e+03,5.0637e-10
2.1425e+03,5.0703e-10
2.1450e+03,5.0769e-10
2.1475e+03,5.0835e-10
2.1500e+03,5.0900e-10
2.1525e+03,5.0966e-10
2.1550e+03,5.1032e-10
2.1575e+03,5.1098e-10
2.1600e+03,5.1163e-10
2.1625e+03,5.1686e-10
2.1650e+03,5.2208e-10
2.1675e+03,5.2727e-10
2.1700e+03,5.3250e-10
2.1725e+03,5.3772e-10
2.1750e+03,5.4295e-10
2.1775e+03,5.4817e-10
2.1800e+03,5.5339e-10
2.1825e+03,5.6483e-10
2.1850e+03,5.7623e-10
2.1875e+03,5.8763e-10
2.1900e+03,5.9906e-10
2.1925e+03,6.1046e-10
2.1950e+03,6.2190e-10
2.1975e+03,6.3330e-10
2.2000e+03,6.4470e-10
2.2025e+03,6.4265e-10
2.2050e+03,6.4057e-10
2.2075e+03,6.3848e-10
2.2100e+03,6.3640e-10
2.2125e+03,6.3436e-10
2.2150e+03,6.3227e-10
2.2175e+03,6.3019e-10
2.2200e+03,6.2811e-10
2.2225e+03,6.2844e-10
2.2250e+03,6.2873e-10
2.2275e+03,6.2906e-10
2.2300e+03,6.2935e-10
2.2325e+03,6.2968e-10
2.2350e+03,6.2997e-10
2.2375e+03,6.3030e-10
2.2400e+03,6.3059e-10
2.2425e+03,6.3439e-10
2.2450e+03,6.3823e-10
2.2475e+03,6.4203e-10
2.2500e+03,6.4583e-10
2.2525e+03,6.4963e-10
2.2550e+03,6.5343e-10
2.2575e+03,6.5723e-10
2.2600e+03,6.6103e-10
2.2625e+03,6.4966e-10
2.2650e+03,6.3826e-10
2.2675e+03,6.2690e-10
2.2700e+03,6.1550e-10
2.2725e+03,6.0414e-10
2.2750e+03,5.9274e-10
2.2775e+03,5.8138e-10
2.2800e+03,5.7002e-10
2.2825e+03,5.7897e-10
2.2850e+03,5.8792e-10
2.2875e+03,5.9687e-10
2.2900e+03,6.0582e-10
2.2925e+03,6.1481e-10
2.2950e+03,6.2376e-10
2.2975e+03,6.3271e-10
2.3000e+03,6.4166e-10
2.3025e+03,6.3962e-10
2.3050e+03,6.3757e-10
2.3075e+03,6.3556e-10
2.3100e+03,6.3352e-10
2.3125e+03,6.3147e-10
2.3150e+03,6.2942e-10
2.3175e+03,6.2738e-10
2.3200e+03,6.2533e-10
2.3225e+03,6.1532e-10
2.3250e+03,6.0527e-10
2.3275e+03,5.9526e-10
2.3300e+03,5.8522e-10
2.3325e+03,5.7521e-10
2.3350e+03,5.6516e-10
2.3375e+03,5.5511e-10
2.3400e+03,5.4510e-10
2.3425e+03,5.3399e-10
2.3450e+03,5.2289e-10
2.3475e+03,5.1178e-10
2.3500e+03,5.0067e-10
2.3525e+03,4.8960e-10
2.3550e+03,4.7850e-10
2.3575e+03,4.6739e-10
2.3600e+03,4.5628e-10
2.3625e+03,4.5351e-10
2.3650e+03,4.5073e-10
2.3675e+03,4.4799e-10
2.3700e+03,4.4521e-10
2.3725e+03,4.4244e-10
2.3750e+03,4.3966e-10
2.3775e+03,4.3692e-10
2.3800e+03,4.3414e-10
2.3825e+03,4.1997e-10
2.3850e+03,4.0579e-10
2.3875e+03,3.9158e-10
2.3900e+03,3.7741e-10
2.3925e+03,3.6324e-10
2.3950e+03,3.4906e-10
2.3975e+03,3.3488e-10
2.4000e+03,3.2070e-10
2.4025e+03,3.3834e-10
2.4050e+03,3.5597e-10
2.4075e+03,3.7361e-10
2.4100e+03,3.9125e-10
2.4125e+03,4.0890e-10
2.4150e+03,4.2655e-10
2.4175e+03,4.4419e-10
2.4200e+03,4.6180e-10
2.4225e+03,4.8084e-10
2.4250e+03,4.9987e-10
2.4275e+03,5.1887e-10
2.4300e+03,5.3790e-10
2.4325e+03,5.5694e-10
2.4350e+03,5.7594e-10
2.4375e+03,5.9497e-10
2.4400e+03,6.1401e-10
2.4425e+03,6.1335e-10
2.4450e+03,6.1269e-10
2.4475e+03,6.1203e-10
2.4500e+03,6.1138e-10
2.4525e+03,6.1072e-10
2.4550e+03,6.1006e-10
2.4575e+03,6.0940e-10
2.4600e+03,6.0874e-10
2.4625e+03,6.0699e-10
2.4650e+03,6.0520e-10
2.4675e+03,6.0345e-10
2.4700e+03,6.0169e-10
2.4725e+03,5.9990e-10
2.4750e+03,5.9815e-10
2.4775e+03,5.9640e-10
2.4800e+03,5.9464e-10
2.4825e+03,5.9219e-10
2.4850e+03,5.8978e-10
2.4875e+03,5.8737e-10
2.4900e+03,5.8496e-10
2.4925e+03,5.8251e-10
2.4950e+03,5.8010e-10
2.4975e+03,5.7769e-10
2.5000e+03,5.7524e-10
2.5025e+03,5.6143e-10
2.5050e+03,5.4759e-10
2.5075e+03,5.3374e-10
2.5100e+03,5.1993e-10
2.5125e+03,5.0608e-10
2.5150e+03,4.9223e-10
2.5175e+03,4.7842e-10
2.5200e+03,4.6458e-10
2.5225e+03,4.5420e-10
2.5250e+03,4.4383e-10
2.5275e+03,4.3345e-10
2.5300e+03,4.2307e-10
2.5325e+03,4.1270e-10
2.5350e+03,4.0232e-10
2.5375e+03,3.9195e-10
2.5400e+03,3.8157e-10
2.5425e+03,4.0715e-10
2.5450e+03,4.3276e-10
2.5475e+03,4.5837e-10
2.5500e+03,4.8394e-10
2.5525e+03,5.0955e-10
2.5550e+03,5.3513e-10
2.5575e+03,5.6074e-10
2.5600e+03,5.8635e-10
2.5625e+03,6.1335e-10
2.5650e+03,6.4035e-10
2.5675e+03,6.6738e-10
2.5700e+03,6.9438e-10
2.5725e+03,7.2138e-10
2.5750e+03,7.4842e-10
2.5775e+03,7.7542e-10
2.5800e+03,8.0242e-10
2.5825e+03,7.9515e-10
2.5850e+03,7.8784e-10
2.5875e+03,7.8053e-10
2.5900e+03,7.7322e-10
2.5925e+03,7.6595e-10
2.5950e+03,7.5865e-10
2.5975e+03,7.5134e-10
2.6000e+03,7.4403e-10
2.6025e+03,7.2986e-10
2.6050e+03,7.1568e-10
2.6075e+03,7.0151e-10
2.6100e+03,6.8733e-10
2.6125e+03,6.7316e-10
2.6150e+03,6.5898e-10
2.6175e+03,6.4477e-10
2.6200e+03,6.3059e-10
2.6225e+03,6.7937e-10
2.6250e+03,7.2814e-10
2.6275e+03,7.7691e-10
2.6300e+03,8.2569e-10
2.6325e+03,8.7443e-10
2.6350e+03,9.2320e-10
2.6375e+03,9.7197e-10
2.6400e+03,1.0207e-09
2.6425e+03,1.0799e-09
2.6450e+03,1.1391e-09
2.6475e+03,1.1983e-09
2.6500e+03,1.2575e-09
2.6525e+03,1.3166e-09
2.6550e+03,1.3758e-09
2.6575e+03,1.4350e-09
2.6600e+03,1.4942e-09
2.6625e+03,1.4762e-09
2.6650e+03,1.4582e-09
2.6675e+03,1.4402e-09
2.6700e+03,1.4222e-09
2.6725e+03,1.4043e-09
2.6750e+03,1.3863e-09
2.6775e+03,1.3683e-09
2.6800e+03,1.3503e-09
2.6825e+03,1.3524e-09
2.6850e+03,1.3545e-09
2.6875e+03,1.3565e-09
2.6900e+03,1.3586e-09
2.6925e+03,1.3607e-09
2.6950e+03,1.3628e-09
2.6975e+03,1.3648e-09
2.7000e+03,1.3669e-09
2.7025e+03,1.3603e-09
2.7050e+03,1.3538e-09
2.7075e+03,1.3472e-09
2.7100e+03,1.3406e-09
2.7125e+03,1.3340e-09
2.7150e+03,1.3275e-09
2.7175e+03,1.3209e-09
2.7200e+03,1.3143e-09
2.7225e+03,1.2766e-09
2.7250e+03,1.2389e-09
2.7275e+03,1.2012e-09
2.7300e+03,1.1635e-09
2.7325e+03,1.1258e-09
2.7350e+03,1.0881e-09
2.7375e+03,1.0504e-09
2.7400e+03,1.0127e-09
2.7425e+03,1.0062e-09
2.7450e+03,9.9960e-10
2.7475e+03,9.9302e-10
2.7500e+03,9.8644e-10
2.7525e+03,9.7987e-10
2.7550e+03,9.7329e-10
2.7575e+03,9.6671e-10
2.7600e+03,9.6014e-10
2.7625e+03,9.8542e-10
2.7650e+03,1.0107e-09
2.7675e+03,1.0359e-09
2.7700e+03,1.0612e-09
2.7725e+03,1.0864e-09
2.7750e+03,1.1116e-09
2.7775e+03,1.1369e-09
2.7800e+03,1.1621e-09
2.7825e+03,1.0684e-09
2.7850e+03,9.7468e-10
2.7875e+03,8.8093e-10
2.7900e+03,7.8722e-10
2.7925e+03,6.9347e-10
2.7950e+03,5.9976e-10
2.7975e+03,5.0601e-10
2.8000e+03,4.1230e-10
2.8025e+03,5.0184e-10
2.8050e+03,5.9139e-10
2.8075e+03,6.8094e-10
2.8100e+03,7.7048e-10
2.8125e+03,8.6003e-10
2.8150e+03,9.4958e-10
2.8175e+03,1.0391e-09
2.8200e+03,1.1287e-09
2.8225e+03,1.1664e-09
2.8250e+03,1.2040e-09
2.8275e+03,1.2417e-09
2.8300e+03,1.2795e-09
2.8325e+03,1.3172e-09
2.8350e+03,1.3549e-09
2.8375e+03,1.3926e-09
2.8400e+03,1.4303e-09
2.8425e+03,1.4172e-09
2.8450e+03,1.4040e-09
2.8475e+03,1.3909e-09
2.8500e+03,1.3778e-09
2.8525e+03,1.3647e-09
2.8550e+03,1.3516e-09
2.8575e+03,1.3385e-09
2.8600e+03,1.3254e-09
2.8625e+03,1.3423e-09
2.8650e+03,1.3593e-09
2.8675e+03,1.3762e-09
2.8700e+03,1.3932e-09
2.8725e+03,1.4101e-09
2.8750e+03,1.4271e-09
2.8775e+03,1.4440e-09
2.8800e+03,1.4610e-09
2.8825e+03,1.5159e-09
2.8850e+03,1.5709e-09
2.8875e+03,1.6258e-09
2.8900e+03,1.6808e-09
2.8925e+03,1.7358e-09
2.8950e+03,1.7907e-09
2.8975e+03,1.8457e-09
2.9000e+03,1.9007e-09
2.9025e+03,1.8996e-09
2.9050e+03,1.8986e-09
2.9075e+03,1.8976e-09
2.9100e+03,1.8965e-09
2.9125e+03,1.8955e-09
2.9150e+03,1.8944e-09
2.9175e+03,1.8934e-09
2.9200e+03,1.8924e-09
2.9225e+03,1.8906e-09
2.9250e+03,1.8890e-09
2.9275e+03,1.8873e-09
2.9300e+03,1.8856e-09
2.9325e+03,1.8839e-09
2.9350e+03,1.8822e-09
2.9375e+03,1.8805e-09
2.9400e+03,1.8788e-09
2.9425e+03,1.8718e-09
2.9450e+03,1.8649e-09
2.9475e+03,1.8579e-09
2.9500e+03,1.8510e-09
2.9525e+03,1.8440e-09
2.9550e+03,1.8371e-09
2.9575e+03,1.8301e-09
2.9600e+03,1.8232e-09
2.9625e+03,1.8280e-09
2.9650e+03,1.8328e-09
2.9675e+03,1.8377e-09
2.9700e+03,1.8426e-09
2.9725e+03,1.8474e-09
2.9750e+03,1.8522e-09
2.9775e+03,1.8571e-09
2.9800e+03,1.8619e-09
2.9825e+03,1.8682e-09
2.9850e+03,1.8744e-09
2.9875e+03,1.8807e-09
2.9900e+03,1.8870e-09
2.9925e+03,1.8932e-09
2.9950e+03,1.8995e-09
2.9975e+03,1.9057e-09
3.0000e+03,1.9120e-09
3.0025e+03,1.9147e-09
3.0050e+03,1.9175e-09
3.0075e+03,1.9202e-09
3.0100e+03,1.9229e-09
3.0125e+03,1.9256e-09
3.0150e+03,1.9284e-09
3.0175e+03,1.9311e-09
3.0200e+03,1.9339e-09
3.0225e+03,1.9547e-09
3.0250e+03,1.9754e-09
3.0275e+03,1.9962e-09
3.0300e+03,2.0170e-09
3.0325e+03,2.0378e-09
3.0350e+03,2.0586e-09
3.0375e+03,2.0794e-09
3.0400e+03,2.1002e-09
3.0425e+03,2.0974e-09
3.0450e+03,2.0945e-09
3.0475e+03,2.0918e-09
3.0500e+03,2.0890e-09
3.0525e+03,2.0861e-09
3.0550e+03,2.0834e-09
3.0575e+03,2.0806e-09
3.0600e+03,2.0777e-09
3.0625e+03,2.0809e-09
3.0650e+03,2.0840e-09
3.0675e+03,2.0872e-09
3.0700e+03,2.0903e-09
3.0725e+03,2.0935e-09
3.0750e+03,2.0966e-09
3.0775e+03,2.0998e-09
3.0800e+03,2.1029e-09
3.0825e+03,2.1053e-09
3.0850e+03,2.1077e-09
3.0875e+03,2.1101e-09
3.0900e+03,2.1125e-09
3.0925e+03,2.1149e-09
3.0950e+03,2.1172e-09
3.0975e+03,2.1196e-09
3.1000e+03,2.1220e-09
3.1025e+03,2.1310e-09
3.1050e+03,2.1400e-09
3.1075e+03,2.1490e-09
3.1100e+03,2.1580e-09
3.1125e+03,2.1670e-09
3.1150e+03,2.1760e-09
3.1175e+03,2.1850e-09
3.1200e+03,2.1940e-09
3.1225e+03,2.1957e-09
3.1250e+03,2.1975e-09
3.1275e+03,2.1993e-09
3.1300e+03,2.2010e-09
3.1325e+03,2.2028e-09
3.1350e+03,2.2046e-09
3.1375e+03,2.2063e-09
3.1400e+03,2.2081e-09
3.1425e+03,2.2132e-09
3.1450e+03,2.2184e-09
3.1475e+03,2.2236e-09
3.1500e+03,2.2288e-09
3.1525e+03,2.2340e-09
3.1550e+03,2.2392e-09
3.1575e+03,2.2444e-09
3.1600e+03,2.2496e-09
3.1625e+03,2.2402e-09
3.1650e+03,2.2309e-09
3.1675e+03,2.2215e-09
3.1700e+03,2.2122e-09
3.1725e+03,2.2029e-09
3.1750e+03,2.1936e-09
3.1775e+03,2.1842e-09
3.1800e+03,2.1749e-09
3.1825e+03,2.1952e-09
3.1850e+03,2.2156e-09
3.1875e+03,2.2360e-09
3.1900e+03,2.2564e-09
3.1925e+03,2.2767e-09
3.1950e+03,2.2971e-09
3.1975e+03,2.3175e-09
3.2000e+03,2.3378e-09
3.2025e+03,2.3355e-09
3.2050e+03,2.3331e-09
3.2075e+03,2.3307e-09
3.2100e+03,2.3283e-09
3.2125e+03,2.3259e-09
3.2150e+03,2.3235e-09
3.2175e+03,2.3211e-09
3.2200e+03,2.3188e-09
3.2225e+03,2.3236e-09
3.2250e+03,2.3284e-09
3.2275e+03,2.3333e-09
3.2300e+03,2.3381e-09
3.2325e+03,2.3429e-09
3.2350e+03,2.3478e-09
3.2375e+03,2.3527e-09
3.2400e+03,2.3575e-09
3.2600e+03,2.7341e-09
3.2700e+03,2.6989e-09
3.2800e+03,2.5965e-09
3.2900e+03,2.7475e-09
3.3000e+03,2.8248e-09
3.3100e+03,2.7134e-09
3.3200e+03,2.6951e-09
3.3300e+03,2.6323e-09
3.3400e+03,2.6471e-09
3.3500e+03,2.7019e-09
3.3600e+03,2.5592e-09
3.3700e+03,2.4800e-09
3.3800e+03,2.4933e-09
3.3900e+03,2.6509e-09
3.4000e+03,2.7838e-09
3.4100e+03,2.7420e-09
3.4200e+03,2.6865e-09
3.4300e+03,2.7494e-09
3.4400e+03,2.5790e-09
3.4500e+03,2.5632e-09
3.4600e+03,2.6762e-09
3.4700e+03,2.6425e-09
3.4800e+03,2.6137e-09
3.4900e+03,2.5057e-09
3.5000e+03,2.6558e-09
3.5100e+03,2.8809e-09
3.5200e+03,2.7047e-09
3.5300e+03,2.7362e-09
3.5400e+03,2.9824e-09
3.5500e+03,3.0145e-09
3.5600e+03,2.8821e-09
3.5700e+03,2.6631e-09
3.5800e+03,2.3899e-09
3.5900e+03,2.5849e-09
3.6000e+03,2.7989e-09
3.6100e+03,2.5927e-09
3.6200e+03,2.6564e-09
3.6300e+03,2.6769e-09
3.6400e+03,2.6497e-09
3.6500e+03,2.8309e-09
3.6600e+03,2.9863e-09
3.6700e+03,2.9880e-09
3.6800e+03,2.8507e-09
3.6900e+03,2.9469e-09
3.7000e+03,2.9237e-09
3.7100e+03,2.9448e-09
3.7200e+03,2.9091e-09
3.7300e+03,2.7172e-09
3.7400e+03,2.6854e-09
3.7500e+03,2.8697e-09
3.7600e+03,2.9572e-09
3.7700e+03,3.0902e-09
3.7800e+03,3.3749e-09
3.7900e+03,3.1725e-09
3.8000e+03,3.0301e-09
3.8100e+03,3.3750e-09
3.8200e+03,3.0015e-09
3.8300e+03,2.3708e-09
3.8400e+03,2.5630e-09
3.8500e+03,3.1531e-09
3.8600e+03,3.3324e-09
3.8700e+03,3.3035e-09
3.8800e+03,2.9460e-09
3.8900e+03,2.8741e-09
3.9000e+03,3.1784e-09
3.9100e+03,3.5004e-09
3.9200e+03,3.4045e-09
3.9300e+03,2.3294e-09
3.9400e+03,2.4402e-09
3.9500e+03,3.4961e-09
3.9600e+03,2.9558e-09
3.9700e+03,2.4704e-09
3.9800e+03,3.6479e-09
3.9900e+03,4.3206e-09
4.0000e+03,4.5252e-09
4.0100e+03,4.5745e-09
4.0200e+03,4.7214e-09
4.0300e+03,4.5979e-09
4.0400e+03,4.4949e-09
4.0500e+03,4.4251e-09
4.0600e+03,4.4072e-09
4.0700e+03,4.3086e-09
4.0800e+03,4.3794e-09
4.0900e+03,4.2731e-09
4.1000e+03,3.9370e-09
4.1100e+03,4.2253e-09
4.1200e+03,4.7057e-09
4.1300e+03,4.6823e-09
4.1400e+03,4.6732e-09
4.1500e+03,4.5760e-09
4.1600e+03,4.5965e-09
4.1700e+03,4.4828e-09
4.1800e+03,4.3531e-09
4.1900e+03,4.4785e-09
4.2000e+03,4.4711e-09
4.2100e+03,4.5742e-09
4.2200e+03,4.4711e-09
4.2300e+03,4.3572e-09
4.2400e+03,4.4529e-09
4.2500e+03,4.5709e-09
4.2600e+03,4.5559e-09
4.2700e+03,4.4956e-09
4.2800e+03,4.3257e-09
4.2900e+03,4.0974e-09
4.3000e+03,3.8731e-09
4.3100e+03,4.1336e-09
4.3200e+03,4.5406e-09
4.3300e+03,4.1982e-09
4.3400e+03,4.0503e-09
4.3500e+03,4.3491e-09
4.3600e+03,4.7579e-09
4.3700e+03,4.7393e-09
4.3800e+03,4.4777e-09
4.3900e+03,4.3414e-09
4.4000e+03,4.4156e-09
4.4100e+03,4.5234e-09
4.4200e+03,4.5859e-09
4.4300e+03,4.5555e-09
4.4400e+03,4.5625e-09
4.4500e+03,4.3809e-09
4.4600e+03,4.2790e-09
4.4700e+03,4.5318e-09
4.4800e+03,4.5625e-09
4.4900e+03,4.5453e-09
4.5000e+03,4.7068e-09
4.5100e+03,4.7415e-09
4.5200e+03,4.4631e-09
4.5300e+03,4.3813e-09
4.5400e+03,4.4324e-09
4.5500e+03,4.4763e-09
4.5600e+03,4.5387e-09
4.5700e+03,4.5621e-09
4.5800e+03,4.5420e-09
4.5900e+03,4.4236e-09
4.6000e+03,4.5128e-09
4.6100e+03,4.5647e-09
4.6200e+03,4.6556e-09
4.6300e+03,4.6140e-09
4.6400e+03,4.5033e-09
4.6500e+03,4.5132e-09
4.6600e+03,4.4397e-09
4.6700e+03,4.3926e-09
4.6800e+03,4.5446e-09
4.6900e+03,4.5358e-09
4.7000e+03,4.3776e-09
4.7100e+03,4.4492e-09
4.7200e+03,4.5617e-09
4.7300e+03,4.4956e-09
4.7400e+03,4.5132e-09
4.7500e+03,4.5197e-09
4.7600e+03,4.4324e-09
4.7700e+03,4.5201e-09
4.7800e+03,4.5676e-09
4.7900e+03,4.5263e-09
4.8000e+03,4.5490e-09
4.8100e+03,4.5501e-09
4.8200e+03,4.5267e-09
4.8300e+03,4.4025e-09
4.8400e+03,4.3341e-09
4.8500e+03,3.9290e-09
4.8600e+03,3.5904e-09
4.8700e+03,3.9333e-09
4.8800e+03,4.2337e-09
4.8900e+03,4.2808e-09
4.9000e+03,4.3378e-09
4.9100e+03,4.1891e-09
4.9200e+03,4.1405e-09
4.9300e+03,4.1504e-09
4.9400e+03,4.1668e-09
4.9500e+03,4.2242e-09
4.9600e+03,4.1613e-09
4.9700e+03,4.2198e-09
4.9800e+03,4.1182e-09
4.9900e+03,4.1043e-09
5.0000e+03,4.0382e-09
5.0100e+03,3.9586e-09
5.0200e+03,3.9403e-09
5.0300e+03,3.9984e-09
5.0400e+03,3.9984e-09
5.0500e+03,4.0086e-09
5.0600e+03,4.0367e-09
5.0700e+03,3.9297e-09
5.0800e+03,3.9567e-09
5.0900e+03,3.9911e-09
5.1000e+03,3.9191e-09
5.1100e+03,3.9783e-09
5.1200e+03,3.9184e-09
5.1300e+03,3.8281e-09
5.1400e+03,3.8099e-09
5.1500e+03,3.8716e-09
5.1600e+03,3.7054e-09
5.1700e+03,3.5646e-09
5.1800e+03,3.6197e-09
5.1900e+03,3.6487e-09
5.2000e+03,3.7200e-09
5.2100e+03,3.7814e-09
5.2200e+03,3.7247e-09
5.2300e+03,3.7320e-09
5.2400e+03,3.7872e-09
5.2500e+03,3.8168e-09
5.2600e+03,3.6286e-09
5.2700e+03,3.5832e-09
5.2800e+03,3.7788e-09
5.2900e+03,3.8438e-09
5.3000e+03,3.8146e-09
5.3100e+03,3.8709e-09
5.3200e+03,3.7028e-09
5.3300e+03,3.6904e-09
5.3400e+03,3.7313e-09
5.3500e+03,3.8026e-09
5.3600e+03,3.7836e-09
5.3700e+03,3.7288e-09
5.3800e+03,3.7613e-09
5.3900e+03,3.7178e-09
5.4000e+03,3.6206e-09
5.4100e+03,3.6350e-09
5.4200e+03,3.7901e-09
5.4300e+03,3.6992e-09
5.4400e+03,3.7923e-09
5.4500e+03,3.8077e-09
5.4600e+03,3.7499e-09
5.4700e+03,3.7138e-09
5.4800e+03,3.6747e-09
5.4900e+03,3.6794e-09
5.5000e+03,3.6919e-09
5.5100e+03,3.6966e-09
5.5200e+03,3.7010e-09
5.5300e+03,3.6696e-09
5.5400e+03,3.7101e-09
5.5500e+03,3.7218e-09
5.5600e+03,3.6904e-09
5.5700e+03,3.6067e-09
5.5800e+03,3.5867e-09
5.5900e+03,3.5490e-09
5.6000e+03,3.5433e-09
5.6100e+03,3.5728e-09
5.6200e+03,3.5844e-09
5.6300e+03,3.6135e-09
5.6400e+03,3.6007e-09
5.6500e+03,3.5670e-09
5.6600e+03,3.4997e-09
5.6700e+03,3.5453e-09
5.6800e+03,3.5430e-09
5.6900e+03,3.5343e-09
5.7000e+03,3.5253e-09
5.7100e+03,3.4992e-09
5.7200e+03,3.5141e-09
5.7300e+03,3.6324e-09
5.7400e+03,3.6197e-09
5.7600e+03,3.6012e-09
5.7800e+03,3.5796e-09
5.8000e+03,3.5550e-09
5.8200e+03,3.5338e-09
5.8400e+03,3.5129e-09
5.8600e+03,3.4921e-09
5.8800e+03,3.4716e-09
5.9000e+03,3.4512e-09
5.9200e+03,3.4280e-09
5.9400e+03,3.4083e-09
5.9600e+03,3.3886e-09
5.9800e+03,3.3690e-09
6.0000e+03,3.2945e-09
6.0200e+03,3.2697e-09
6.0400e+03,3.2571e-09
6.0600e+03,3.2505e-09
6.0800e+03,3.2499e-09
6.1000e+03,3.2319e-09
6.1200e+03,3.1754e-09
6.1400e+03,3.0876e-09
6.1600e+03,3.0791e-09
6.1800e+03,3.0650e-09
6.2000e+03,3.0883e-09
6.2200e+03,3.0401e-09
6.2400e+03,2.9978e-09
6.2600e+03,3.0098e-09
6.2800e+03,2.9990e-09
6.3000e+03,2.9772e-09
6.3200e+03,2.9941e-09
6.3400e+03,2.9945e-09
6.3600e+03,2.9758e-09
6.3800e+03,2.9218e-09
6.4000e+03,2.8715e-09
6.4200e+03,2.8374e-09
6.4400e+03,2.8465e-09
6.4600e+03,2.8394e-09
6.4800e+03,2.7825e-09
6.5000e+03,2.7812e-09
6.5200e+03,2.7900e-09
6.5400e+03,2.6856e-09
6.5600e+03,2.5029e-09
6.5800e+03,2.5819e-09
6.6000e+03,2.7353e-09
6.6200e+03,2.7338e-09
6.6400e+03,2.7099e-09
6.6600e+03,2.6640e-09
6.6800e+03,2.6481e-09
6.7000e+03,2.6616e-09
6.7200e+03,2.6361e-09
6.7400e+03,2.6373e-09
6.7600e+03,2.6122e-09
6.7800e+03,2.6111e-09
6.8000e+03,2.6102e-09
6.8200e+03,2.6067e-09
6.8400e+03,2.6550e-09
6.8600e+03,2.5017e-09
6.8800e+03,2.4056e-09
6.9000e+03,2.5003e-09
6.9200e+03,2.5065e-09
6.9400e+03,2.4785e-09
6.9600e+03,2.4552e-09
6.9800e+03,2.4209e-09
7.0000e+03,2.4115e-09
7.0200e+03,2.3776e-09
7.0400e+03,2.4240e-09
7.0600e+03,2.4589e-09
7.0800e+03,2.4297e-09
7.1000e+03,2.4182e-09
7.1200e+03,2.4090e-09
7.1400e+03,2.3869e-09
7.1600e+03,2.4315e-09
7.1800e+03,2.3988e-09
7.2000e+03,2.3346e-09
7.2200e+03,2.3238e-09
7.2400e+03,2.2984e-09
7.2600e+03,2.2858e-09
7.2800e+03,2.2668e-09
7.3000e+03,2.2629e-09
7.3200e+03,2.2526e-09
7.3400e+03,2.2259e-09
7.3600e+03,2.2322e-09
7.3800e+03,2.2120e-09
7.4000e+03,2.1961e-09
7.4200e+03,2.1801e-09
7.4400e+03,2.1904e-09
7.4600e+03,2.1787e-09
7.4800e+03,2.1453e-09
7.5000e+03,2.1124e-09
7.5200e+03,2.0641e-09
7.5400e+03,2.0475e-09
7.5600e+03,1.9981e-09
7.5800e+03,1.9007e-09
7.6000e+03,1.7151e-09
7.6200e+03,1.8715e-09
7.6400e+03,1.9283e-09
7.6600e+03,2.0776e-09
7.6800e+03,1.9175e-09
7.7000e+03,1.9837e-09
7.7200e+03,1.9919e-09
7.7400e+03,1.9889e-09
7.7600e+03,1.9587e-09
7.7800e+03,1.9977e-09
7.8000e+03,2.0217e-09
7.8200e+03,1.9934e-09
7.8400e+03,2.0102e-09
7.8600e+03,1.9982e-09
7.8800e+03,1.9703e-09
7.9000e+03,1.9690e-09
7.9200e+03,1.9277e-09
7.9400e+03,1.9076e-09
7.9600e+03,1.9360e-09
7.9800e+03,1.9143e-09
8.0000e+03,1.8893e-09
8.0200e+03,1.8748e-09
8.0400e+03,1.8977e-09
8.0600e+03,1.8596e-09
8.0800e+03,1.8571e-09
8.1000e+03,1.8261e-09
8.1200e+03,1.9022e-09
8.1400e+03,1.9129e-09
8.1600e+03,1.8390e-09
8.1800e+03,1.7938e-09
8.2000e+03,1.8425e-09
8.2200e+03,1.7831e-09
8.2400e+03,1.8002e-09
8.2600e+03,1.8012e-09
8.2800e+03,1.8086e-09
8.3000e+03,1.7679e-09
8.3200e+03,1.7452e-09
8.3400e+03,1.7115e-09
8.3600e+03,1.7599e-09
8.3800e+03,1.7532e-09
8.4000e+03,1.7168e-09
8.4200e+03,1.7349e-09
8.4400e+03,1.7669e-09
8.4600e+03,1.6986e-09
8.4800e+03,1.6691e-09
8.5000e+03,1.6567e-09
8.5200e+03,1.6005e-09
8.5400e+03,1.5795e-09
8.5600e+03,1.5646e-09
8.5800e+03,1.6784e-09
8.6000e+03,1.6006e-09
8.6200e+03,1.6332e-09
8.6400e+03,1.5549e-09
8.6600e+03,1.5154e-09
8.6800e+03,1.6020e-09
8.7000e+03,1.5583e-09
8.7200e+03,1.5960e-09
8.7400e+03,1.6016e-09
8.7600e+03,1.5714e-09
8.7800e+03,1.5771e-09
8.8000e+03,1.5302e-09
8.8200e+03,1.5811e-09
8.8400e+03,1.5121e-09
8.8600e+03,1.4941e-09
8.8800e+03,1.5529e-09
8.9000e+03,1.4709e-09
8.9200e+03,1.5155e-09
8.9400e+03,1.4495e-09
8.9600e+03,1.5130e-09
8.9800e+03,1.4913e-09
9.0000e+03,1.3990e-09
9.0200e+03,1.4889e-09
9.0400e+03,1.4823e-09
9.0600e+03,1.4651e-09
9.0800e+03,1.3745e-09
9.1000e+03,1.4109e-09
9.1200e+03,1.3982e-09
9.1400e+03,1.4053e-09
9.1600e+03,1.4031e-09
9.1800e+03,1.4048e-09
9.2000e+03,1.4260e-09
9.2200e+03,1.3240e-09
9.2400e+03,1.3582e-09
9.2600e+03,1.3267e-09
9.2800e+03,1.3491e-09
9.3000e+03,1.3586e-09
9.3200e+03,1.3249e-09
9.3400e+03,1.4958e-09
9.3600e+03,1.3889e-09
9.3800e+03,1.3993e-09
9.4000e+03,1.4755e-09
9.4200e+03,1.3093e-09
9.4400e+03,1.2618e-09
9.4600e+03,1.4052e-09
9.4800e+03,1.3406e-09
9.5000e+03,1.3056e-09
9.5200e+03,1.3535e-09
9.5400e+03,1.3298e-09
9.5600e+03,1.2869e-09
9.5800e+03,1.3175e-09
9.6000e+03,1.2727e-09
9.6200e+03,1.2875e-09
9.6400e+03,1.2751e-09
9.6600e+03,1.3217e-09
9.6800e+03,1.2904e-09
9.7000e+03,1.2839e-09
9.7200e+03,1.2135e-09
9.7400e+03,1.2386e-09
9.7600e+03,1.2428e-09
9.7800e+03,1.2676e-09
9.8000e+03,1.2361e-09
9.8200e+03,1.2379e-09
9.8400e+03,1.2477e-09
9.8600e+03,1.1962e-09
9.8800e+03,1.1564e-09
9.9000e+03,1.2224e-09
9.9200e+03,1.2399e-09
9.9400e+03,1.2104e-09
9.9600e+03,1.2044e-09
9.9800e+03,1.2029e-09
1.0000e+04,1.2003e-09
1.0020e+04,1.2372e-09
1.0040e+04,1.0991e-09
1.0060e+04,1.1698e-09
1.0080e+04,1.1684e-09
1.0100e+04,1.1605e-09
1.0120e+04,1.1538e-09
1.0140e+04,1.1182e-09
1.0160e+04,1.1244e-09
1.0180e+04,1.1211e-09
1.0200e+04,1.1188e-09
1.0220e+04,1.0955e-09
1.0240e+04,1.1238e-09
1.0260e+04,1.0629e-09
1.0280e+04,1.1077e-09
1.0300e+04,1.0868e-09
1.0320e+04,1.0929e-09
1.0340e+04,1.1073e-09
1.0360e+04,1.1163e-09
1.0380e+04,1.0998e-09
1.0400e+04,1.0895e-09
1.0420e+04,1.1146e-09
1.0440e+04,1.1306e-09
1.0460e+04,1.0518e-09
1.0480e+04,1.0388e-09
1.0500e+04,1.0288e-09
1.0520e+04,1.0020e-09
1.0540e+04,9.9035e-10
1.0560e+04,1.0320e-09
1.0580e+04,1.0006e-09
1.0600e+04,1.0196e-09
1.0800e+04,9.7577e-10
1.1000e+04,9.3617e-10
1.1200e+04,8.9964e-10
1.1400e+04,8.6522e-10
1.1600e+04,8.3223e-10
1.1800e+04,7.9982e-10
1.2000e+04,7.6760e-10
1.2200e+04,7.3490e-10
1.2400e+04,7.0143e-10
1.2600e+04,6.6694e-10
1.2800e+04,6.2961e-10
1.3000e+04,6.0893e-10
1.3200e+04,5.8518e-10
1.3400e+04,5.6143e-10
1.3600e+04,5.3611e-10
1.3800e+04,5.1343e-10
1.4000e+04,4.9337e-10
1.4200e+04,4.7543e-10
1.4400e+04,4.5749e-10
1.4600e+04,4.4061e-10
1.4800e+04,4.2373e-10
1.5000e+04,4.0685e-10
1.5200e+04,3.9045e-10
1.5400e+04,3.7492e-10
1.5600e+04,3.6163e-10
1.5800e+04,3.4927e-10
1.6000e+04,3.4083e-10
1.6200e+04,3.3294e-10
1.6400e+04,3.2134e-10
1.6600e+04,3.0757e-10
1.6800e+04,2.9440e-10
1.7000e+04,2.8455e-10
1.7200e+04,2.7280e-10
1.7400e+04,2.6025e-10
1.7600e+04,2.4997e-10
1.7800e+04,2.4071e-10
1.8000e+04,2.3078e-10
1.8200e+04,2.2072e-10
1.8400e+04,2.1403e-10
1.8600e+04,2.0674e-10
1.8800e+04,1.9737e-10
1.9000e+04,1.9195e-10
1.9200e+04,1.8428e-10
1.9400e+04,1.7711e-10
1.9600e+04,1.7140e-10
1.9800e+04,1.6562e-10
2.0000e+04,1.5998e-10
2.0200e+04,1.5464e-10
2.0400e+04,1.4936e-10
2.0600e+04,1.4370e-10
2.0800e+04,1.3857e-10
2.1000e+04,1.3340e-10
2.1200e+04,1.2832e-10
2.1400e+04,1.2452e-10
2.1600e+04,1.1946e-10
2.1800e+04,1.1618e-10
2.2000e+04,1.1294e-10
2.2200e+04,1.0972e-10
2.2400e+04,1.0613e-10
2.2600e+04,1.0296e-10
2.2800e+04,9.9839e-11
2.3000e+04,9.6774e-11
2.3200e+04,9.3708e-11
2.3400e+04,9.1067e-11
2.3600e+04,8.8849e-11
2.3800e+04,8.5835e-11
2.4000e+04,8.3245e-11
2.4200e+04,8.1133e-11
2.4400e+04,7.8543e-11
2.4600e+04,7.6058e-11
2.4800e+04,7.3943e-11
2.5000e+04,7.1459e-11
2.5200e+04,6.9767e-11
2.5400e+04,6.7707e-11
2.5600e+04,6.5646e-11
