# wavelength, f_lambda
2.2900e+02,0.0000e+00
2.3400e+02,0.0000e+00
2.4300e+02,0.0000e+00
2.5200e+02,0.0000e+00
2.5600e+02,0.0000e+00
2.6000e+02,0.0000e+00
2.6600e+02,0.0000e+00
2.7500e+02,0.0000e+00
2.8300e+02,0.0000e+00
2.9300e+02,0.0000e+00
3.0100e+02,0.0000e+00
3.0900e+02,0.0000e+00
3.2500e+02,0.0000e+00
3.4200e+02,0.0000e+00
3.5100e+02,0.0000e+00
3.5600e+02,0.0000e+00
3.6500e+02,0.0000e+00
3.7500e+02,0.0000e+00
3.8400e+02,0.0000e+00
4.0000e+02,0.0000e+00
4.1500e+02,0.0000e+00
4.2500e+02,0.0000e+00
4.4500e+02,0.0000e+00
4.7200e+02,0.0000e+00
4.9400e+02,0.0000e+00
5.0600e+02,0.0000e+00
5.1600e+02,0.0000e+00
5.4000e+02,0.0000e+00
5.6400e+02,0.0000e+00
5.8700e+02,0.0000e+00
6.1200e+02,0.0000e+00
6.4000e+02,0.0000e+00
6.7100e+02,0.0000e+00
7.0500e+02,0.0000e+00
7.3600e+02,0.0000e+00
7.7000e+02,0.0000e+00
8.1000e+02,0.0000e+00
8.5000e+02,0.0000e+00
8.9000e+02,0.0000e+00
9.2000e+02,2.6765e-20
9.4000e+02,8.0945e-20
9.6200e+02,1.6231e-19
9.8700e+02,3.4459e-19
1.0120e+03,6.7321e-19
1.0370e+03,1.2232e-18
1.0620e+03,2.2737e-18
1.0870e+03,4.0454e-18
1.1120e+03,1.5403e-16
1.1200e+03,1.8751e-16
1.1400e+03,2.6640e-16
1.1600e+03,4.1738e-16
1.1800e+03,5.9074e-16
1.2000e+03,8.1069e-16
1.2200e+03,1.1966e-15
1.2400e+03,1.9567e-15
1.2600e+03,2.9349e-15
1.2800e+03,3.9798e-15
1.3000e+03,5.4289e-15
1.3200e+03,7.1180e-15
1.3400e+03,9.0735e-15
1.3600e+03,1.1641e-14
1.3800e+03,1.5112e-14
1.4000e+03,1.9694e-14
1.4200e+03,2.5303e-14
1.4400e+03,3.2460e-14
1.4600e+03,4.1851e-14
1.4800e+03,5.2732e-14
1.5000e+03,6.7704e-14
1.5200e+03,3.9068e-13
1.5400e+03,6.7836e-13
1.5600e+03,6.9692e-13
1.5800e+03,8.9812e-13
1.6000e+03,1.1520e-12
1.6200e+03,1.3876e-12
1.6400e+03,1.5832e-12
1.6600e+03,1.7071e-12
1.6800e+03,2.9489e-11
1.7000e+03,4.4499e-11
1.7200e+03,5.6080e-11
1.7400e+03,7.5959e-11
1.7600e+03,7.2001e-11
1.7800e+03,9.9901e-11
1.8000e+03,8.8105e-11
1.8200e+03,6.3145e-11
1.8400e+03,6.8540e-11
1.8600e+03,9.5265e-11
1.8800e+03,1.0837e-10
1.9000e+03,1.2444e-10
1.9200e+03,1.4721e-10
1.9400e+03,1.2021e-10
1.9600e+03,1.2091e-10
1.9800e+03,1.8455e-10
2.0000e+03,1.8814e-10
2.0025e+03,1.8493e-10
2.0050e+03,1.8172e-10
2.0075e+03,1.7851e-10
2.0100e+03,1.7530e-10
2.0125e+03,1.7209e-10
2.0150e+03,1.6888e-10
2.0175e+03,1.6567e-10
2.0200e+03,1.6246e-10
2.0225e+03,1.6480e-10
2.0250e+03,1.6714e-10
2.0275e+03,1.6948e-10
2.0300e+03,1.7183e-10
2.0325e+03,1.7417e-10
2.0350e+03,1.7651e-10
2.0375e+03,1.7885e-10
2.0400e+03,1.8119e-10
2.0425e+03,1.8021e-10
2.0450e+03,1.7923e-10
2.0475e+03,1.7825e-10
2.0500e+03,1.7727e-10
2.0525e+03,1.7629e-10
2.0550e+03,1.7530e-10
2.0575e+03,1.7432e-10
2.0600e+03,1.7334e-10
2.0625e+03,1.7746e-10
2.0650e+03,1.8157e-10
2.0675e+03,1.8568e-10
2.0700e+03,1.8979e-10
2.0725e+03,1.9390e-10
2.0750e+03,1.9802e-10
2.0775e+03,2.0213e-10
2.0800e+03,2.0624e-10
2.0825e+03,2.0671e-10
2.0850e+03,2.0719e-10
2.0875e+03,2.0767e-10
2.0900e+03,2.0814e-10
2.0925e+03,2.0861e-10
2.0950e+03,2.0909e-10
2.0975e+03,2.0956e-10
2.1000e+03,2.1004e-10
2.1025e+03,2.1144e-10
2.1050e+03,2.1285e-10
2.1075e+03,2.1426e-10
2.1100e+03,2.1567e-10
2.1125e+03,2.1708e-10
2.1150e+03,2.1848e-10
2.1175e+03,2.1989e-10
2.1200e+03,2.2130e-10
2.1225e+03,2.2258e-10
2.1250e+03,2.2386e-10
2.1275e+03,2.2514e-10
2.1300e+03,2.2642e-10
2.1325e+03,2.2770e-10
2.1350e+03,2.2898e-10
2.1375e+03,2.3026e-10
2.1400e+03,2.3155e-10
2.1425e+03,2.3185e-10
2.1450e+03,2.3215e-10
2.1475e+03,2.3245e-10
2.1500e+03,2.3275e-10
2.1525e+03,2.3305e-10
2.1550e+03,2.3335e-10
2.1575e+03,2.3365e-10
2.1600e+03,2.3395e-10
2.1625e+03,2.3634e-10
2.1650e+03,2.3873e-10
2.1675e+03,2.4112e-10
2.1700e+03,2.4350e-10
2.1725e+03,2.4589e-10
2.1750e+03,2.4828e-10
2.1775e+03,2.5067e-10
2.1800e+03,2.5305e-10
2.1825e+03,2.5827e-10
2.1850e+03,2.6349e-10
2.1875e+03,2.6871e-10
2.1900e+03,2.7393e-10
2.1925e+03,2.7915e-10
2.1950e+03,2.8437e-10
2.1975e+03,2.8959e-10
2.2000e+03,2.9481e-10
2.2025e+03,2.9386e-10
2.2050e+03,2.9291e-10
2.2075e+03,2.9196e-10
2.2100e+03,2.9101e-10
2.2125e+03,2.9007e-10
2.2150e+03,2.8912e-10
2.2175e+03,2.8817e-10
2.2200e+03,2.8722e-10
2.2225e+03,2.8736e-10
2.2250e+03,2.8750e-10
2.2275e+03,2.8765e-10
2.2300e+03,2.8779e-10
2.2325e+03,2.8793e-10
2.2350e+03,2.8807e-10
2.2375e+03,2.8822e-10
2.2400e+03,2.8836e-10
2.2425e+03,2.9010e-10
2.2450e+03,2.9184e-10
2.2475e+03,2.9358e-10
2.2500e+03,2.9531e-10
2.2525e+03,2.9705e-10
2.2550e+03,2.9879e-10
2.2575e+03,3.0054e-10
2.2600e+03,3.0228e-10
2.2625e+03,2.9707e-10
2.2650e+03,2.9187e-10
2.2675e+03,2.8667e-10
2.2700e+03,2.8146e-10
2.2725e+03,2.7626e-10
2.2750e+03,2.7105e-10
2.2775e+03,2.6585e-10
2.2800e+03,2.6065e-10
2.2825e+03,2.6474e-10
2.2850e+03,2.6884e-10
2.2875e+03,2.7294e-10
2.2900e+03,2.7703e-10
2.2925e+03,2.8113e-10
2.2950e+03,2.8523e-10
2.2975e+03,2.8932e-10
2.3000e+03,2.9342e-10
2.3025e+03,2.9248e-10
2.3050e+03,2.9155e-10
2.3075e+03,2.9062e-10
2.3100e+03,2.8969e-10
2.3125e+03,2.8875e-10
2.3150e+03,2.8782e-10
2.3175e+03,2.8688e-10
2.3200e+03,2.8595e-10
2.3225e+03,2.8137e-10
2.3250e+03,2.7678e-10
2.3275e+03,2.7219e-10
2.3300e+03,2.6761e-10
2.3325e+03,2.6302e-10
2.3350e+03,2.5843e-10
2.3375e+03,2.5385e-10
2.3400e+03,2.4926e-10
2.3425e+03,2.4418e-10
2.3450e+03,2.3911e-10
2.3475e+03,2.3403e-10
2.3500e+03,2.2895e-10
2.3525e+03,2.2387e-10
2.3550e+03,2.1880e-10
2.3575e+03,2.1372e-10
2.3600e+03,2.0864e-10
2.3625e+03,2.0738e-10
2.3650e+03,2.0612e-10
2.3675e+03,2.0485e-10
2.3700e+03,2.0358e-10
2.3725e+03,2.0232e-10
2.3750e+03,2.0105e-10
2.3775e+03,1.9979e-10
2.3800e+03,1.9852e-10
2.3825e+03,1.9204e-10
2.3850e+03,1.8555e-10
2.3875e+03,1.7907e-10
2.3900e+03,1.7258e-10
2.3925e+03,1.6610e-10
2.3950e+03,1.5961e-10
2.3975e+03,1.5313e-10
2.4000e+03,1.4665e-10
2.4025e+03,1.5471e-10
2.4050e+03,1.6278e-10
2.4075e+03,1.7084e-10
2.4100e+03,1.7891e-10
2.4125e+03,1.8698e-10
2.4150e+03,1.9504e-10
2.4175e+03,2.0311e-10
2.4200e+03,2.1117e-10
2.4225e+03,2.1987e-10
2.4250e+03,2.2857e-10
2.4275e+03,2.3727e-10
2.4300e+03,2.4597e-10
2.4325e+03,2.5467e-10
2.4350e+03,2.6337e-10
2.4375e+03,2.7206e-10
2.4400e+03,2.8076e-10
2.4425e+03,2.8047e-10
2.4450e+03,2.8017e-10
2.4475e+03,2.7986e-10
2.4500e+03,2.7956e-10
2.4525e+03,2.7926e-10
2.4550e+03,2.7896e-10
2.4575e+03,2.7866e-10
2.4600e+03,2.7836e-10
2.4625e+03,2.7755e-10
2.4650e+03,2.7675e-10
2.4675e+03,2.7594e-10
2.4700e+03,2.7514e-10
2.4725e+03,2.7433e-10
2.4750e+03,2.7352e-10
2.4775e+03,2.7271e-10
2.4800e+03,2.7191e-10
2.4825e+03,2.7080e-10
2.4850e+03,2.6969e-10
2.4875e+03,2.6859e-10
2.4900e+03,2.6748e-10
2.4925e+03,2.6637e-10
2.4950e+03,2.6527e-10
2.4975e+03,2.6416e-10
2.5000e+03,2.6305e-10
2.5025e+03,2.5672e-10
2.5050e+03,2.5040e-10
2.5075e+03,2.4407e-10
2.5100e+03,2.3775e-10
2.5125e+03,2.3142e-10
2.5150e+03,2.2509e-10
2.5175e+03,2.1877e-10
2.5200e+03,2.1244e-10
2.5225e+03,2.0769e-10
2.5250e+03,2.0295e-10
2.5275e+03,1.9821e-10
2.5300e+03,1.9346e-10
2.5325e+03,1.8872e-10
2.5350e+03,1.8397e-10
2.5375e+03,1.7923e-10
2.5400e+03,1.7448e-10
2.5425e+03,1.8619e-10
2.5450e+03,1.9789e-10
2.5475e+03,2.0959e-10
2.5500e+03,2.2130e-10
2.5525e+03,2.3300e-10
2.5550e+03,2.4471e-10
2.5575e+03,2.5641e-10
2.5600e+03,2.6811e-10
2.5625e+03,2.8047e-10
2.5650e+03,2.9282e-10
2.5675e+03,3.0517e-10
2.5700e+03,3.1752e-10
2.5725e+03,3.2987e-10
2.5750e+03,3.4223e-10
2.5775e+03,3.5458e-10
2.5800e+03,3.6694e-10
2.5825e+03,3.6923e-10
2.5850e+03,3.7150e-10
2.5875e+03,3.7379e-10
2.5900e+03,3.7609e-10
2.5925e+03,3.7835e-10
2.5950e+03,3.8065e-10
2.5975e+03,3.8295e-10
2.6000e+03,3.8525e-10
2.6025e+03,3.7146e-10
2.6050e+03,3.5772e-10
2.6075e+03,3.4397e-10
2.6100e+03,3.3021e-10
2.6125e+03,3.1646e-10
2.6150e+03,3.0271e-10
2.6175e+03,2.8895e-10
2.6200e+03,2.7520e-10
2.6225e+03,2.9240e-10
2.6250e+03,3.0960e-10
2.6275e+03,3.2680e-10
2.6300e+03,3.4400e-10
2.6325e+03,3.6120e-10
2.6350e+03,3.7839e-10
2.6375e+03,3.9560e-10
2.6400e+03,4.1278e-10
2.6425e+03,4.5407e-10
2.6450e+03,4.9536e-10
2.6475e+03,5.3665e-10
2.6500e+03,5.7791e-10
2.6525e+03,6.1919e-10
2.6550e+03,6.6048e-10
2.6575e+03,7.0177e-10
2.6600e+03,7.4303e-10
2.6625e+03,7.4412e-10
2.6650e+03,7.4522e-10
2.6675e+03,7.4631e-10
2.6700e+03,7.4740e-10
2.6725e+03,7.4850e-10
2.6750e+03,7.4956e-10
2.6775e+03,7.5065e-10
2.6800e+03,7.5174e-10
2.6825e+03,7.5174e-10
2.6850e+03,7.5174e-10
2.6875e+03,7.5174e-10
2.6900e+03,7.5174e-10
2.6925e+03,7.5174e-10
2.6950e+03,7.5174e-10
2.6975e+03,7.5174e-10
2.7000e+03,7.5174e-10
2.7025e+03,7.5174e-10
2.7050e+03,7.5174e-10
2.7075e+03,7.5174e-10
2.7100e+03,7.5174e-10
2.7125e+03,7.5174e-10
2.7150e+03,7.5174e-10
2.7175e+03,7.5174e-10
2.7200e+03,7.5174e-10
2.7225e+03,7.3971e-10
2.7250e+03,7.2767e-10
2.7275e+03,7.1563e-10
2.7300e+03,7.0360e-10
2.7325e+03,6.9156e-10
2.7350e+03,6.7952e-10
2.7375e+03,6.6745e-10
2.7400e+03,6.5541e-10
2.7425e+03,6.3371e-10
2.7450e+03,6.1197e-10
2.7475e+03,5.9023e-10
2.7500e+03,5.6853e-10
2.7525e+03,5.4679e-10
2.7550e+03,5.2505e-10
2.7575e+03,5.0331e-10
2.7600e+03,4.8161e-10
2.7625e+03,5.0331e-10
2.7650e+03,5.2505e-10
2.7675e+03,5.4679e-10
2.7700e+03,5.6853e-10
2.7725e+03,5.9023e-10
2.7750e+03,6.1197e-10
2.7775e+03,6.3371e-10
2.7800e+03,6.5541e-10
2.7825e+03,6.1763e-10
2.7850e+03,5.7984e-10
2.7875e+03,5.4205e-10
2.7900e+03,5.0426e-10
2.7925e+03,4.6648e-10
2.7950e+03,4.2869e-10
2.7975e+03,3.9090e-10
2.8000e+03,3.5313e-10
2.8025e+03,3.7376e-10
2.8050e+03,3.9440e-10
2.8075e+03,4.1505e-10
2.8100e+03,4.3573e-10
2.8125e+03,4.5637e-10
2.8150e+03,4.7702e-10
2.8175e+03,4.9766e-10
2.8200e+03,5.1831e-10
2.8225e+03,5.6014e-10
2.8250e+03,6.0202e-10
2.8275e+03,6.4385e-10
2.8300e+03,6.8569e-10
2.8325e+03,7.2756e-10
2.8350e+03,7.6940e-10
2.8375e+03,8.1127e-10
2.8400e+03,8.5311e-10
2.8425e+03,8.4446e-10
2.8450e+03,8.3578e-10
2.8475e+03,8.2714e-10
2.8500e+03,8.1849e-10
2.8525e+03,8.0981e-10
2.8550e+03,8.0117e-10
2.8575e+03,7.9252e-10
2.8600e+03,7.8384e-10
2.8625e+03,8.0627e-10
2.8650e+03,8.2871e-10
2.8675e+03,8.5110e-10
2.8700e+03,8.7353e-10
2.8725e+03,8.9593e-10
2.8750e+03,9.1836e-10
2.8775e+03,9.4076e-10
2.8800e+03,9.6319e-10
2.8825e+03,9.9868e-10
2.8850e+03,1.0342e-09
2.8875e+03,1.0697e-09
2.8900e+03,1.1051e-09
2.8925e+03,1.1406e-09
2.8950e+03,1.1761e-09
2.8975e+03,1.2116e-09
2.9000e+03,1.2471e-09
2.9025e+03,1.2661e-09
2.9050e+03,1.2851e-09
2.9075e+03,1.3040e-09
2.9100e+03,1.3230e-09
2.9125e+03,1.3420e-09
2.9150e+03,1.3610e-09
2.9175e+03,1.3799e-09
2.9200e+03,1.3989e-09
2.9225e+03,1.3949e-09
2.9250e+03,1.3909e-09
2.9275e+03,1.3869e-09
2.9300e+03,1.3829e-09
2.9325e+03,1.3789e-09
2.9350e+03,1.3748e-09
2.9375e+03,1.3708e-09
2.9400e+03,1.3668e-09
2.9425e+03,1.3719e-09
2.9450e+03,1.3770e-09
2.9475e+03,1.3821e-09
2.9500e+03,1.3872e-09
2.9525e+03,1.3923e-09
2.9550e+03,1.3974e-09
2.9575e+03,1.4025e-09
2.9600e+03,1.4076e-09
2.9625e+03,1.4065e-09
2.9650e+03,1.4054e-09
2.9675e+03,1.4044e-09
2.9700e+03,1.4033e-09
2.9725e+03,1.4022e-09
2.9750e+03,1.4011e-09
2.9775e+03,1.4000e-09
2.9800e+03,1.3989e-09
2.9825e+03,1.3961e-09
2.9850e+03,1.3932e-09
2.9875e+03,1.3903e-09
2.9900e+03,1.3875e-09
2.9925e+03,1.3846e-09
2.9950e+03,1.3817e-09
2.9975e+03,1.3789e-09
3.0000e+03,1.3760e-09
3.0025e+03,1.3799e-09
3.0050e+03,1.3839e-09
3.0075e+03,1.3879e-09
3.0100e+03,1.3918e-09
3.0125e+03,1.3958e-09
3.0150e+03,1.3997e-09
3.0175e+03,1.4037e-09
3.0200e+03,1.4076e-09
3.0225e+03,1.4295e-09
3.0250e+03,1.4513e-09
3.0275e+03,1.4732e-09
3.0300e+03,1.4950e-09
3.0325e+03,1.5169e-09
3.0350e+03,1.5387e-09
3.0375e+03,1.5605e-09
3.0400e+03,1.5824e-09
3.0425e+03,1.5875e-09
3.0450e+03,1.5926e-09
3.0475e+03,1.5977e-09
3.0500e+03,1.6028e-09
3.0525e+03,1.6079e-09
3.0550e+03,1.6130e-09
3.0575e+03,1.6181e-09
3.0600e+03,1.6232e-09
3.0625e+03,1.6261e-09
3.0650e+03,1.6291e-09
3.0675e+03,1.6320e-09
3.0700e+03,1.6349e-09
3.0725e+03,1.6378e-09
3.0750e+03,1.6407e-09
3.0775e+03,1.6437e-09
3.0800e+03,1.6466e-09
3.0825e+03,1.6615e-09
3.0850e+03,1.6764e-09
3.0875e+03,1.6913e-09
3.0900e+03,1.7062e-09
3.0925e+03,1.7211e-09
3.0950e+03,1.7361e-09
3.0975e+03,1.7509e-09
3.1000e+03,1.7659e-09
3.1025e+03,1.7710e-09
3.1050e+03,1.7762e-09
3.1075e+03,1.7814e-09
3.1100e+03,1.7865e-09
3.1125e+03,1.7916e-09
3.1150e+03,1.7968e-09
3.1175e+03,1.8020e-09
3.1200e+03,1.8071e-09
3.1225e+03,1.8106e-09
3.1250e+03,1.8140e-09
3.1275e+03,1.8175e-09
3.1300e+03,1.8209e-09
3.1325e+03,1.8243e-09
3.1350e+03,1.8278e-09
3.1375e+03,1.8312e-09
3.1400e+03,1.8346e-09
3.1425e+03,1.8375e-09
3.1450e+03,1.8404e-09
3.1475e+03,1.8433e-09
3.1500e+03,1.8461e-09
3.1525e+03,1.8490e-09
3.1550e+03,1.8519e-09
3.1575e+03,1.8547e-09
3.1600e+03,1.8576e-09
3.1625e+03,1.8616e-09
3.1650e+03,1.8656e-09
3.1675e+03,1.8696e-09
3.1700e+03,1.8736e-09
3.1725e+03,1.8776e-09
3.1750e+03,1.8817e-09
3.1775e+03,1.8857e-09
3.1800e+03,1.8897e-09
3.1825e+03,1.8937e-09
3.1850e+03,1.8977e-09
3.1875e+03,1.9017e-09
3.1900e+03,1.9057e-09
3.1925e+03,1.9097e-09
3.1950e+03,1.9138e-09
3.1975e+03,1.9178e-09
3.2000e+03,1.9218e-09
3.2025e+03,1.9212e-09
3.2050e+03,1.9206e-09
3.2075e+03,1.9201e-09
3.2100e+03,1.9195e-09
3.2125e+03,1.9189e-09
3.2150e+03,1.9184e-09
3.2175e+03,1.9178e-09
3.2200e+03,1.9172e-09
3.2225e+03,1.9120e-09
3.2250e+03,1.9068e-09
3.2275e+03,1.9016e-09
3.2300e+03,1.8964e-09
3.2325e+03,1.8911e-09
3.2350e+03,1.8859e-09
3.2375e+03,1.8807e-09
3.2400e+03,1.8755e-09
3.2600e+03,2.1956e-09
3.2700e+03,2.4862e-09
3.2800e+03,2.3329e-09
3.2900e+03,2.4775e-09
3.3000e+03,2.5606e-09
3.3100e+03,2.4838e-09
3.3200e+03,2.5239e-09
3.3300e+03,2.3855e-09
3.3400e+03,2.2962e-09
3.3500e+03,2.3738e-09
3.3600e+03,2.1626e-09
3.3700e+03,2.2478e-09
3.3800e+03,2.2720e-09
3.3900e+03,2.3555e-09
3.4000e+03,2.2617e-09
3.4100e+03,2.2995e-09
3.4200e+03,2.3587e-09
3.4300e+03,2.4414e-09
3.4400e+03,2.1172e-09
3.4500e+03,2.2364e-09
3.4600e+03,2.3615e-09
3.4700e+03,2.3552e-09
3.4800e+03,2.3134e-09
3.4900e+03,2.2902e-09
3.5000e+03,2.4175e-09
3.5100e+03,2.5415e-09
3.5200e+03,2.4231e-09
3.5300e+03,2.5172e-09
3.5400e+03,2.6639e-09
3.5500e+03,2.6690e-09
3.5600e+03,2.3698e-09
3.5700e+03,2.1767e-09
3.5800e+03,2.0313e-09
3.5900e+03,2.3175e-09
3.6000e+03,2.4738e-09
3.6100e+03,2.2361e-09
3.6200e+03,2.4339e-09
3.6300e+03,2.5226e-09
3.6400e+03,2.4863e-09
3.6500e+03,2.7009e-09
3.6600e+03,2.8679e-09
3.6700e+03,2.8041e-09
3.6800e+03,2.6879e-09
3.6900e+03,2.7770e-09
3.7000e+03,2.7378e-09
3.7100e+03,2.6999e-09
3.7200e+03,2.5962e-09
3.7300e+03,2.3195e-09
3.7400e+03,2.2227e-09
3.7500e+03,2.4968e-09
3.7600e+03,2.6215e-09
3.7700e+03,2.8092e-09
3.7800e+03,3.1244e-09
3.7900e+03,2.8801e-09
3.8000e+03,2.9024e-09
3.8100e+03,2.9638e-09
3.8200e+03,2.5097e-09
3.8300e+03,2.0384e-09
3.8400e+03,2.3266e-09
3.8500e+03,2.8007e-09
3.8600e+03,2.8572e-09
3.8700e+03,2.8358e-09
3.8800e+03,2.5146e-09
3.8900e+03,2.5039e-09
3.9000e+03,2.8025e-09
3.9100e+03,3.0267e-09
3.9200e+03,2.6758e-09
3.9300e+03,1.8375e-09
3.9400e+03,2.0305e-09
3.9500e+03,2.8846e-09
3.9600e+03,2.4309e-09
3.9700e+03,2.1391e-09
3.9800e+03,3.0478e-09
3.9900e+03,3.7157e-09
4.0000e+03,3.8864e-09
4.0100e+03,4.0067e-09
4.0200e+03,4.0866e-09
4.0300e+03,4.1151e-09
4.0400e+03,3.9706e-09
4.0500e+03,3.9006e-09
4.0600e+03,3.8692e-09
4.0700e+03,3.9575e-09
4.0800e+03,4.0556e-09
4.0900e+03,3.9272e-09
4.1000e+03,3.7580e-09
4.1100e+03,4.0352e-09
4.1200e+03,4.3091e-09
4.1300e+03,4.3004e-09
4.1400e+03,4.1982e-09
4.1500e+03,4.1676e-09
4.1600e+03,4.1402e-09
4.1700e+03,4.0899e-09
4.1800e+03,3.9214e-09
4.1900e+03,3.9710e-09
4.2000e+03,3.9422e-09
4.2100e+03,4.0323e-09
4.2200e+03,3.9699e-09
4.2300e+03,3.9353e-09
4.2400e+03,3.9619e-09
4.2500e+03,3.9601e-09
4.2600e+03,4.0210e-09
4.2700e+03,4.0075e-09
4.2800e+03,3.8678e-09
4.2900e+03,3.6326e-09
4.3000e+03,3.1551e-09
4.3100e+03,3.4459e-09
4.3200e+03,3.8448e-09
4.3300e+03,3.6427e-09
4.3400e+03,3.5230e-09
4.3500e+03,3.8940e-09
4.3600e+03,4.0947e-09
4.3700e+03,4.0129e-09
4.3800e+03,3.8736e-09
4.3900e+03,4.0582e-09
4.4000e+03,4.0666e-09
4.4100e+03,4.1184e-09
4.4200e+03,4.2916e-09
4.4300e+03,4.2664e-09
4.4400e+03,4.2726e-09
4.4500e+03,4.0994e-09
4.4600e+03,4.0720e-09
4.4700e+03,4.2595e-09
4.4800e+03,4.2209e-09
4.4900e+03,4.3047e-09
4.5000e+03,4.3274e-09
4.5100e+03,4.5094e-09
4.5200e+03,4.0764e-09
4.5300e+03,3.9444e-09
4.5400e+03,4.1756e-09
4.5500e+03,4.2938e-09
4.5600e+03,4.2646e-09
4.5700e+03,4.3029e-09
4.5800e+03,4.2858e-09
4.5900e+03,4.2916e-09
4.6000e+03,4.3554e-09
4.6100e+03,4.3894e-09
4.6200e+03,4.3963e-09
4.6300e+03,4.3427e-09
4.6400e+03,4.2391e-09
4.6500e+03,4.2807e-09
4.6600e+03,4.0965e-09
4.6700e+03,4.0885e-09
4.6800e+03,4.0793e-09
4.6900e+03,4.0465e-09
4.7000e+03,4.0600e-09
4.7100e+03,4.2099e-09
4.7200e+03,4.2427e-09
4.7300e+03,4.1734e-09
4.7400e+03,4.2726e-09
4.7500e+03,4.2985e-09
4.7600e+03,4.2037e-09
4.7700e+03,4.2920e-09
4.7800e+03,4.2799e-09
4.7900e+03,4.2646e-09
4.8000e+03,4.2719e-09
4.8100e+03,4.3339e-09
4.8200e+03,4.2143e-09
4.8300e+03,4.1971e-09
4.8400e+03,4.0038e-09
4.8500e+03,3.6566e-09
4.8600e+03,3.4410e-09
4.8700e+03,3.7853e-09
4.8800e+03,3.9097e-09
4.8900e+03,3.9973e-09
4.9000e+03,4.1516e-09
4.9100e+03,4.0673e-09
4.9200e+03,4.0440e-09
4.9300e+03,4.0254e-09
4.9400e+03,4.0567e-09
4.9500e+03,4.1268e-09
4.9600e+03,4.0957e-09
4.9700e+03,4.1067e-09
4.9800e+03,3.9035e-09
4.9900e+03,3.9411e-09
5.0000e+03,3.8182e-09
5.0100e+03,3.7135e-09
5.0200e+03,3.8510e-09
5.0300e+03,4.0093e-09
5.0400e+03,3.9035e-09
5.0500e+03,3.9863e-09
5.0600e+03,4.0407e-09
5.0700e+03,3.9309e-09
5.0800e+03,3.9072e-09
5.0900e+03,3.8769e-09
5.1000e+03,3.8025e-09
5.1100e+03,3.9101e-09
5.1200e+03,3.8448e-09
5.1300e+03,3.7791e-09
5.1400e+03,3.7025e-09
5.1500e+03,3.8112e-09
5.1600e+03,3.5234e-09
5.1700e+03,3.4286e-09
5.1800e+03,3.5127e-09
5.1900e+03,3.6774e-09
5.2000e+03,3.6803e-09
5.2100e+03,3.7394e-09
5.2200e+03,3.7328e-09
5.2300e+03,3.7310e-09
5.2400e+03,3.8463e-09
5.2500e+03,3.8875e-09
5.2600e+03,3.6320e-09
5.2700e+03,3.5251e-09
5.2800e+03,3.7325e-09
5.2900e+03,3.7810e-09
5.3000e+03,3.7398e-09
5.3100e+03,3.7912e-09
5.3200e+03,3.5988e-09
5.3300e+03,3.5361e-09
5.3400e+03,3.6872e-09
5.3500e+03,3.8076e-09
5.3600e+03,3.7252e-09
5.3700e+03,3.6414e-09
5.3800e+03,3.7029e-09
5.3900e+03,3.6996e-09
5.4000e+03,3.6067e-09
5.4100e+03,3.5949e-09
5.4200e+03,3.6057e-09
5.4300e+03,3.6290e-09
5.4400e+03,3.6280e-09
5.4500e+03,3.6818e-09
5.4600e+03,3.5944e-09
5.4700e+03,3.6033e-09
5.4800e+03,3.4853e-09
5.4900e+03,3.5271e-09
5.5000e+03,3.6057e-09
5.5100e+03,3.6723e-09
5.5200e+03,3.6591e-09
5.5300e+03,3.5918e-09
5.5400e+03,3.6398e-09
5.5500e+03,3.7022e-09
5.5600e+03,3.6850e-09
5.5700e+03,3.6081e-09
5.5800e+03,3.6233e-09
5.5900e+03,3.5645e-09
5.6000e+03,3.5765e-09
5.6100e+03,3.6267e-09
5.6200e+03,3.6489e-09
5.6300e+03,3.6393e-09
5.6400e+03,3.6264e-09
5.6500e+03,3.5721e-09
5.6600e+03,3.6832e-09
5.6700e+03,3.7558e-09
5.6800e+03,3.7120e-09
5.6900e+03,3.6818e-09
5.7000e+03,3.6894e-09
5.7100e+03,3.7102e-09
5.7200e+03,3.7244e-09
5.7300e+03,3.9225e-09
5.7400e+03,3.6584e-09
5.7600e+03,3.5996e-09
5.7800e+03,3.6242e-09
5.8000e+03,3.5667e-09
5.8200e+03,3.6168e-09
5.8400e+03,3.4984e-09
5.8600e+03,3.4265e-09
5.8800e+03,3.3842e-09
5.9000e+03,3.4751e-09
5.9200e+03,3.4707e-09
5.9400e+03,3.4505e-09
5.9600e+03,3.4489e-09
5.9800e+03,3.4782e-09
6.0000e+03,3.4612e-09
6.0200e+03,3.4687e-09
6.0400e+03,3.5273e-09
6.0600e+03,3.5100e-09
6.0800e+03,3.4752e-09
6.1000e+03,3.4495e-09
6.1200e+03,3.4033e-09
6.1400e+03,3.2906e-09
6.1600e+03,3.1879e-09
6.1800e+03,3.2395e-09
6.2000e+03,3.1814e-09
6.2200e+03,3.1525e-09
6.2400e+03,3.1463e-09
6.2600e+03,3.1712e-09
6.2800e+03,3.1483e-09
6.3000e+03,3.1338e-09
6.3200e+03,3.1499e-09
6.3400e+03,3.1521e-09
6.3600e+03,3.2086e-09
6.3800e+03,3.1966e-09
6.4000e+03,3.1577e-09
6.4200e+03,3.1782e-09
6.4400e+03,3.1373e-09
6.4600e+03,3.1179e-09
6.4800e+03,3.0724e-09
6.5000e+03,3.0797e-09
6.5200e+03,3.0271e-09
6.5400e+03,2.8592e-09
6.5600e+03,2.7393e-09
6.5800e+03,2.8958e-09
6.6000e+03,3.0124e-09
6.6200e+03,3.0619e-09
6.6400e+03,2.9986e-09
6.6600e+03,2.9384e-09
6.6800e+03,2.9505e-09
6.7000e+03,2.9524e-09
6.7200e+03,2.9715e-09
6.7400e+03,2.9710e-09
6.7600e+03,2.9678e-09
6.7800e+03,2.9265e-09
6.8000e+03,2.9306e-09
6.8200e+03,2.9348e-09
6.8400e+03,2.9671e-09
6.8600e+03,2.8212e-09
6.8800e+03,2.7024e-09
6.9000e+03,2.7585e-09
6.9200e+03,2.7748e-09
6.9400e+03,2.7336e-09
6.9600e+03,2.7610e-09
6.9800e+03,2.7589e-09
7.0000e+03,2.6644e-09
7.0200e+03,2.6849e-09
7.0400e+03,2.7587e-09
7.0600e+03,2.7343e-09
7.0800e+03,2.7518e-09
7.1000e+03,2.7231e-09
7.1200e+03,2.7167e-09
7.1400e+03,2.6927e-09
7.1600e+03,2.6971e-09
7.1800e+03,2.6927e-09
7.2000e+03,2.6438e-09
7.2200e+03,2.6378e-09
7.2400e+03,2.5454e-09
7.2600e+03,2.5668e-09
7.2800e+03,2.4987e-09
7.3000e+03,2.5203e-09
7.3200e+03,2.5415e-09
7.3400e+03,2.5358e-09
7.3600e+03,2.4814e-09
7.3800e+03,2.4537e-09
7.4000e+03,2.4425e-09
7.4200e+03,2.4154e-09
7.4400e+03,2.4720e-09
7.4600e+03,2.4549e-09
7.4800e+03,2.4535e-09
7.5000e+03,2.4248e-09
7.5200e+03,2.4723e-09
7.5400e+03,2.5522e-09
7.5600e+03,2.5985e-09
7.5800e+03,2.3279e-09
7.6000e+03,1.9041e-09
7.6200e+03,2.4097e-09
7.6400e+03,2.2537e-09
7.6600e+03,2.2795e-09
7.6800e+03,2.1313e-09
7.7000e+03,2.2577e-09
7.7200e+03,2.2756e-09
7.7400e+03,2.2529e-09
7.7600e+03,2.2633e-09
7.7800e+03,2.2735e-09
7.8000e+03,2.2980e-09
7.8200e+03,2.2827e-09
7.8400e+03,2.2889e-09
7.8600e+03,2.2827e-09
7.8800e+03,2.2516e-09
7.9000e+03,2.2297e-09
7.9200e+03,2.1710e-09
7.9400e+03,2.1915e-09
7.9600e+03,2.1648e-09
7.9800e+03,2.1852e-09
8.0000e+03,2.0985e-09
8.0200e+03,2.1034e-09
8.0400e+03,2.1236e-09
8.0600e+03,2.1793e-09
8.0800e+03,2.1263e-09
8.1000e+03,2.0806e-09
8.1200e+03,2.1639e-09
8.1400e+03,2.1766e-09
8.1600e+03,2.1461e-09
8.1800e+03,2.0862e-09
8.2000e+03,2.1317e-09
8.2200e+03,2.1229e-09
8.2400e+03,2.1322e-09
8.2600e+03,2.0976e-09
8.2800e+03,2.0859e-09
8.3000e+03,2.0759e-09
8.3200e+03,2.0166e-09
8.3400e+03,1.9562e-09
8.3600e+03,1.9690e-09
8.3800e+03,1.9878e-09
8.4000e+03,1.9908e-09
8.4200e+03,1.9690e-09
8.4400e+03,1.9039e-09
8.4600e+03,1.9689e-09
8.4800e+03,1.8799e-09
8.5000e+03,1.8451e-09
8.5200e+03,1.8030e-09
8.5400e+03,1.7871e-09
8.5600e+03,1.9126e-09
8.5800e+03,1.8499e-09
8.6000e+03,1.8472e-09
8.6200e+03,1.8237e-09
8.6400e+03,1.7975e-09
8.6600e+03,1.6895e-09
8.6800e+03,1.8075e-09
8.7000e+03,1.7759e-09
8.7200e+03,1.8170e-09
8.7400e+03,1.7395e-09
8.7600e+03,1.7860e-09
8.7800e+03,1.7722e-09
8.8000e+03,1.7358e-09
8.8200e+03,1.7505e-09
8.8400e+03,1.6678e-09
8.8600e+03,1.7277e-09
8.8800e+03,1.7143e-09
8.9000e+03,1.7165e-09
8.9200e+03,1.7586e-09
8.9400e+03,1.7589e-09
8.9600e+03,1.7017e-09
8.9800e+03,1.7092e-09
9.0000e+03,1.6553e-09
9.0200e+03,1.6439e-09
9.0400e+03,1.6852e-09
9.0600e+03,1.6362e-09
9.0800e+03,1.5542e-09
9.1000e+03,1.6537e-09
9.1200e+03,1.6161e-09
9.1400e+03,1.6234e-09
9.1600e+03,1.6204e-09
9.1800e+03,1.7073e-09
9.2000e+03,1.6349e-09
9.2200e+03,1.5915e-09
9.2400e+03,1.6156e-09
9.2600e+03,1.6510e-09
9.2800e+03,1.7040e-09
9.3000e+03,1.8037e-09
9.3200e+03,1.6806e-09
9.3400e+03,1.7240e-09
9.3600e+03,1.6738e-09
9.3800e+03,1.6930e-09
9.4000e+03,1.6534e-09
9.4200e+03,1.5942e-09
9.4400e+03,1.5689e-09
9.4600e+03,1.6226e-09
9.4800e+03,1.6133e-09
9.5000e+03,1.5602e-09
9.5200e+03,1.6120e-09
9.5400e+03,1.5701e-09
9.5600e+03,1.6322e-09
9.5800e+03,1.5606e-09
9.6000e+03,1.5302e-09
9.6200e+03,1.4809e-09
9.6400e+03,1.5127e-09
9.6600e+03,1.4510e-09
9.6800e+03,1.5002e-09
9.7000e+03,1.4157e-09
9.7200e+03,1.3667e-09
9.7400e+03,1.4227e-09
9.7600e+03,1.3648e-09
9.7800e+03,1.4018e-09
9.8000e+03,1.3582e-09
9.8200e+03,1.3904e-09
9.8400e+03,1.3563e-09
9.8600e+03,1.3961e-09
9.8800e+03,1.2878e-09
9.9000e+03,1.3489e-09
9.9200e+03,1.3178e-09
9.9400e+03,1.3493e-09
9.9600e+03,1.3539e-09
9.9800e+03,1.3352e-09
1.0000e+04,1.3694e-09
1.0020e+04,1.3113e-09
1.0040e+04,1.2634e-09
1.0060e+04,1.2520e-09
1.0080e+04,1.2719e-09
1.0100e+04,1.2830e-09
1.0120e+04,1.2758e-09
1.0140e+04,1.2376e-09
1.0160e+04,1.2071e-09
1.0180e+04,1.1864e-09
1.0200e+04,1.2337e-09
1.0220e+04,1.2214e-09
1.0240e+04,1.2504e-09
1.0260e+04,1.2235e-09
1.0280e+04,1.2427e-09
1.0300e+04,1.1673e-09
1.0320e+04,1.1876e-09
1.0340e+04,1.1696e-09
1.0360e+04,1.1404e-09
1.0380e+04,1.1074e-09
1.0400e+04,1.1215e-09
1.0420e+04,1.1456e-09
1.0440e+04,1.1008e-09
1.0460e+04,1.0935e-09
1.0480e+04,1.0994e-09
1.0500e+04,1.0503e-09
1.0520e+04,1.0174e-09
1.0540e+04,1.0552e-09
1.0560e+04,1.1401e-09
1.0580e+04,1.1004e-09
1.0600e+04,1.0579e-09
1.0800e+04,1.0031e-09
1.1000e+04,9.6096e-10
1.1200e+04,9.2799e-10
1.1400e+04,9.0100e-10
1.1600e+04,8.7762e-10
1.1800e+04,8.5548e-10
1.2000e+04,8.3246e-10
1.2200e+04,8.0671e-10
1.2400e+04,7.7677e-10
1.2600e+04,7.3963e-10
1.2800e+04,7.0495e-10
1.3000e+04,6.7752e-10
1.3200e+04,6.5242e-10
1.3400e+04,6.2737e-10
1.3600e+04,5.9979e-10
1.3800e+04,5.7517e-10
1.4000e+04,5.5354e-10
1.4200e+04,5.3465e-10
1.4400e+04,5.1579e-10
1.4600e+04,4.9741e-10
1.4800e+04,4.7899e-10
1.5000e+04,4.6060e-10
1.5200e+04,4.4240e-10
1.5400e+04,4.2533e-10
1.5600e+04,4.1071e-10
1.5800e+04,3.9684e-10
1.6000e+04,3.8765e-10
1.6200e+04,3.8054e-10
1.6400e+04,3.6810e-10
1.6600e+04,3.5108e-10
1.6800e+04,3.3796e-10
1.7000e+04,3.2558e-10
1.7200e+04,3.1164e-10
1.7400e+04,2.9844e-10
1.7600e+04,2.8551e-10
1.7800e+04,2.7449e-10
1.8000e+04,2.6317e-10
1.8200e+04,2.5325e-10
1.8400e+04,2.4446e-10
1.8600e+04,2.3614e-10
1.8800e+04,2.2689e-10
1.9000e+04,2.1939e-10
1.9200e+04,2.1053e-10
1.9400e+04,2.0299e-10
1.9600e+04,1.9608e-10
1.9800e+04,1.8916e-10
2.0000e+04,1.8302e-10
2.0200e+04,1.7701e-10
2.0400e+04,1.7103e-10
2.0600e+04,1.6452e-10
2.0800e+04,1.5861e-10
2.1000e+04,1.5267e-10
2.1200e+04,1.4678e-10
2.1400e+04,1.4255e-10
2.1600e+04,1.3740e-10
2.1800e+04,1.3339e-10
2.2000e+04,1.2941e-10
2.2200e+04,1.2580e-10
2.2400e+04,1.2166e-10
2.2600e+04,1.1807e-10
2.2800e+04,1.1450e-10
2.3000e+04,1.1096e-10
2.3200e+04,1.0742e-10
2.3400e+04,1.0443e-10
2.3600e+04,1.0199e-10
2.3800e+04,9.8467e-11
2.4000e+04,9.5498e-11
2.4200e+04,9.3105e-11
2.4400e+04,9.0140e-11
2.4600e+04,8.7218e-11
2.4800e+04,8.4826e-11
2.5000e+04,8.1900e-11
2.5200e+04,8.0062e-11
2.5400e+04,7.7691e-11
2.5600e+04,7.5324e-11
