# wavelength, f_lambda
2.2900e+02,0.0000e+00
2.3400e+02,0.0000e+00
2.4300e+02,0.0000e+00
2.5200e+02,0.0000e+00
2.5600e+02,0.0000e+00
2.6000e+02,0.0000e+00
2.6600e+02,0.0000e+00
2.7500e+02,0.0000e+00
2.8300e+02,0.0000e+00
2.9300e+02,0.0000e+00
3.0100e+02,0.0000e+00
3.0900e+02,0.0000e+00
3.2500e+02,0.0000e+00
3.4200e+02,0.0000e+00
3.5100e+02,0.0000e+00
3.5600e+02,0.0000e+00
3.6500e+02,0.0000e+00
3.7500e+02,0.0000e+00
3.8400e+02,0.0000e+00
4.0000e+02,0.0000e+00
4.1500e+02,0.0000e+00
4.2500e+02,0.0000e+00
4.4500e+02,0.0000e+00
4.7200e+02,0.0000e+00
4.9400e+02,0.0000e+00
5.0600e+02,0.0000e+00
5.1600e+02,0.0000e+00
5.4000e+02,0.0000e+00
5.6400e+02,0.0000e+00
5.8700e+02,0.0000e+00
6.1200e+02,0.0000e+00
6.4000e+02,0.0000e+00
6.7100e+02,0.0000e+00
7.0500e+02,0.0000e+00
7.3600e+02,0.0000e+00
7.7000e+02,0.0000e+00
8.1000e+02,0.0000e+00
8.5000e+02,0.0000e+00
8.9000e+02,0.0000e+00
9.2000e+02,2.5298e-20
9.4000e+02,7.6508e-20
9.6200e+02,1.5341e-19
9.8700e+02,3.2569e-19
1.0120e+03,6.3631e-19
1.0370e+03,1.1561e-18
1.0620e+03,2.1490e-18
1.0870e+03,3.8236e-18
1.1120e+03,1.4558e-16
1.1200e+03,1.7723e-16
1.1400e+03,2.5179e-16
1.1600e+03,3.9450e-16
1.1800e+03,5.5834e-16
1.2000e+03,7.6621e-16
1.2200e+03,1.1310e-15
1.2400e+03,1.8494e-15
1.2600e+03,2.7740e-15
1.2800e+03,3.7614e-15
1.3000e+03,5.1310e-15
1.3200e+03,6.7277e-15
1.3400e+03,8.5760e-15
1.3600e+03,1.1002e-14
1.3800e+03,1.4283e-14
1.4000e+03,1.8614e-14
1.4200e+03,2.3916e-14
1.4400e+03,3.0680e-14
1.4600e+03,3.9556e-14
1.4800e+03,4.9840e-14
1.5000e+03,6.3993e-14
1.5200e+03,3.6926e-13
1.5400e+03,6.4117e-13
1.5600e+03,6.5869e-13
1.5800e+03,8.4886e-13
1.6000e+03,1.0888e-12
1.6200e+03,1.3115e-12
1.6400e+03,1.4964e-12
1.6600e+03,1.6134e-12
1.6800e+03,2.7872e-11
1.7000e+03,4.2061e-11
1.7200e+03,5.3003e-11
1.7400e+03,7.1794e-11
1.7600e+03,6.8052e-11
1.7800e+03,9.4424e-11
1.8000e+03,8.3273e-11
1.8200e+03,5.9681e-11
1.8400e+03,6.4783e-11
1.8600e+03,9.0043e-11
1.8800e+03,1.0243e-10
1.9000e+03,1.1762e-10
1.9200e+03,1.3914e-10
1.9400e+03,1.1362e-10
1.9600e+03,1.1427e-10
1.9800e+03,1.7443e-10
2.0000e+03,1.7782e-10
2.0025e+03,1.7479e-10
2.0050e+03,1.7175e-10
2.0075e+03,1.6872e-10
2.0100e+03,1.6569e-10
2.0125e+03,1.6265e-10
2.0150e+03,1.5962e-10
2.0175e+03,1.5658e-10
2.0200e+03,1.5355e-10
2.0225e+03,1.5576e-10
2.0250e+03,1.5798e-10
2.0275e+03,1.6019e-10
2.0300e+03,1.6240e-10
2.0325e+03,1.6462e-10
2.0350e+03,1.6683e-10
2.0375e+03,1.6904e-10
2.0400e+03,1.7125e-10
2.0425e+03,1.7033e-10
2.0450e+03,1.6940e-10
2.0475e+03,1.6847e-10
2.0500e+03,1.6754e-10
2.0525e+03,1.6662e-10
2.0550e+03,1.6569e-10
2.0575e+03,1.6477e-10
2.0600e+03,1.6384e-10
2.0625e+03,1.6772e-10
2.0650e+03,1.7161e-10
2.0675e+03,1.7550e-10
2.0700e+03,1.7938e-10
2.0725e+03,1.8327e-10
2.0750e+03,1.8716e-10
2.0775e+03,1.9105e-10
2.0800e+03,1.9493e-10
2.0825e+03,1.9538e-10
2.0850e+03,1.9583e-10
2.0875e+03,1.9628e-10
2.0900e+03,1.9673e-10
2.0925e+03,1.9717e-10
2.0950e+03,1.9762e-10
2.0975e+03,1.9807e-10
2.1000e+03,1.9852e-10
2.1025e+03,1.9985e-10
2.1050e+03,2.0118e-10
2.1075e+03,2.0251e-10
2.1100e+03,2.0384e-10
2.1125e+03,2.0517e-10
2.1150e+03,2.0650e-10
2.1175e+03,2.0783e-10
2.1200e+03,2.0916e-10
2.1225e+03,2.1037e-10
2.1250e+03,2.1158e-10
2.1275e+03,2.1279e-10
2.1300e+03,2.1401e-10
2.1325e+03,2.1522e-10
2.1350e+03,2.1643e-10
2.1375e+03,2.1764e-10
2.1400e+03,2.1885e-10
2.1425e+03,2.1913e-10
2.1450e+03,2.1942e-10
2.1475e+03,2.1970e-10
2.1500e+03,2.1998e-10
2.1525e+03,2.2027e-10
2.1550e+03,2.2055e-10
2.1575e+03,2.2084e-10
2.1600e+03,2.2112e-10
2.1625e+03,2.2338e-10
2.1650e+03,2.2564e-10
2.1675e+03,2.2789e-10
2.1700e+03,2.3015e-10
2.1725e+03,2.3241e-10
2.1750e+03,2.3466e-10
2.1775e+03,2.3692e-10
2.1800e+03,2.3918e-10
2.1825e+03,2.4411e-10
2.1850e+03,2.4904e-10
2.1875e+03,2.5398e-10
2.1900e+03,2.5891e-10
2.1925e+03,2.6385e-10
2.1950e+03,2.6878e-10
2.1975e+03,2.7371e-10
2.2000e+03,2.7864e-10
2.2025e+03,2.7775e-10
2.2050e+03,2.7685e-10
2.2075e+03,2.7595e-10
2.2100e+03,2.7505e-10
2.2125e+03,2.7416e-10
2.2150e+03,2.7326e-10
2.2175e+03,2.7237e-10
2.2200e+03,2.7147e-10
2.2225e+03,2.7160e-10
2.2250e+03,2.7174e-10
2.2275e+03,2.7187e-10
2.2300e+03,2.7201e-10
2.2325e+03,2.7214e-10
2.2350e+03,2.7227e-10
2.2375e+03,2.7241e-10
2.2400e+03,2.7255e-10
2.2425e+03,2.7419e-10
2.2450e+03,2.7583e-10
2.2475e+03,2.7748e-10
2.2500e+03,2.7912e-10
2.2525e+03,2.8077e-10
2.2550e+03,2.8241e-10
2.2575e+03,2.8405e-10
2.2600e+03,2.8570e-10
2.2625e+03,2.8078e-10
2.2650e+03,2.7586e-10
2.2675e+03,2.7094e-10
2.2700e+03,2.6603e-10
2.2725e+03,2.6111e-10
2.2750e+03,2.5619e-10
2.2775e+03,2.5127e-10
2.2800e+03,2.4635e-10
2.2825e+03,2.5023e-10
2.2850e+03,2.5410e-10
2.2875e+03,2.5797e-10
2.2900e+03,2.6184e-10
2.2925e+03,2.6571e-10
2.2950e+03,2.6958e-10
2.2975e+03,2.7346e-10
2.3000e+03,2.7733e-10
2.3025e+03,2.7645e-10
2.3050e+03,2.7556e-10
2.3075e+03,2.7468e-10
2.3100e+03,2.7380e-10
2.3125e+03,2.7292e-10
2.3150e+03,2.7204e-10
2.3175e+03,2.7116e-10
2.3200e+03,2.7027e-10
2.3225e+03,2.6594e-10
2.3250e+03,2.6160e-10
2.3275e+03,2.5727e-10
2.3300e+03,2.5293e-10
2.3325e+03,2.4860e-10
2.3350e+03,2.4426e-10
2.3375e+03,2.3993e-10
2.3400e+03,2.3559e-10
2.3425e+03,2.3079e-10
2.3450e+03,2.2599e-10
2.3475e+03,2.2120e-10
2.3500e+03,2.1640e-10
2.3525e+03,2.1160e-10
2.3550e+03,2.0680e-10
2.3575e+03,2.0200e-10
2.3600e+03,1.9720e-10
2.3625e+03,1.9601e-10
2.3650e+03,1.9481e-10
2.3675e+03,1.9362e-10
2.3700e+03,1.9242e-10
2.3725e+03,1.9123e-10
2.3750e+03,1.9003e-10
2.3775e+03,1.8883e-10
2.3800e+03,1.8764e-10
2.3825e+03,1.8151e-10
2.3850e+03,1.7538e-10
2.3875e+03,1.6925e-10
2.3900e+03,1.6312e-10
2.3925e+03,1.5699e-10
2.3950e+03,1.5086e-10
2.3975e+03,1.4473e-10
2.4000e+03,1.3860e-10
2.4025e+03,1.4623e-10
2.4050e+03,1.5385e-10
2.4075e+03,1.6147e-10
2.4100e+03,1.6910e-10
2.4125e+03,1.7672e-10
2.4150e+03,1.8435e-10
2.4175e+03,1.9197e-10
2.4200e+03,1.9960e-10
2.4225e+03,2.0782e-10
2.4250e+03,2.1604e-10
2.4275e+03,2.2426e-10
2.4300e+03,2.3248e-10
2.4325e+03,2.4070e-10
2.4350e+03,2.4892e-10
2.4375e+03,2.5715e-10
2.4400e+03,2.6537e-10
2.4425e+03,2.6508e-10
2.4450e+03,2.6480e-10
2.4475e+03,2.6452e-10
2.4500e+03,2.6423e-10
2.4525e+03,2.6395e-10
2.4550e+03,2.6367e-10
2.4575e+03,2.6338e-10
2.4600e+03,2.6310e-10
2.4625e+03,2.6233e-10
2.4650e+03,2.6157e-10
2.4675e+03,2.6081e-10
2.4700e+03,2.6005e-10
2.4725e+03,2.5928e-10
2.4750e+03,2.5852e-10
2.4775e+03,2.5776e-10
2.4800e+03,2.5700e-10
2.4825e+03,2.5595e-10
2.4850e+03,2.5491e-10
2.4875e+03,2.5386e-10
2.4900e+03,2.5281e-10
2.4925e+03,2.5177e-10
2.4950e+03,2.5072e-10
2.4975e+03,2.4967e-10
2.5000e+03,2.4863e-10
2.5025e+03,2.4265e-10
2.5050e+03,2.3667e-10
2.5075e+03,2.3069e-10
2.5100e+03,2.2471e-10
2.5125e+03,2.1873e-10
2.5150e+03,2.1275e-10
2.5175e+03,2.0677e-10
2.5200e+03,2.0079e-10
2.5225e+03,1.9630e-10
2.5250e+03,1.9182e-10
2.5275e+03,1.8734e-10
2.5300e+03,1.8285e-10
2.5325e+03,1.7837e-10
2.5350e+03,1.7388e-10
2.5375e+03,1.6940e-10
2.5400e+03,1.6492e-10
2.5425e+03,1.7597e-10
2.5450e+03,1.8704e-10
2.5475e+03,1.9810e-10
2.5500e+03,2.0916e-10
2.5525e+03,2.2022e-10
2.5550e+03,2.3129e-10
2.5575e+03,2.4235e-10
2.5600e+03,2.5341e-10
2.5625e+03,2.6508e-10
2.5650e+03,2.7676e-10
2.5675e+03,2.8844e-10
2.5700e+03,3.0011e-10
2.5725e+03,3.1178e-10
2.5750e+03,3.2346e-10
2.5775e+03,3.3513e-10
2.5800e+03,3.4681e-10
2.5825e+03,3.4897e-10
2.5850e+03,3.5113e-10
2.5875e+03,3.5330e-10
2.5900e+03,3.5546e-10
2.5925e+03,3.5762e-10
2.5950e+03,3.5978e-10
2.5975e+03,3.6194e-10
2.6000e+03,3.6411e-10
2.6025e+03,3.5111e-10
2.6050e+03,3.3811e-10
2.6075e+03,3.2511e-10
2.6100e+03,3.1211e-10
2.6125e+03,2.9911e-10
2.6150e+03,2.8611e-10
2.6175e+03,2.7311e-10
2.6200e+03,2.6011e-10
2.6225e+03,2.7636e-10
2.6250e+03,2.9262e-10
2.6275e+03,3.0888e-10
2.6300e+03,3.2514e-10
2.6325e+03,3.4139e-10
2.6350e+03,3.5765e-10
2.6375e+03,3.7391e-10
2.6400e+03,3.9014e-10
2.6425e+03,4.2917e-10
2.6450e+03,4.6819e-10
2.6475e+03,5.0721e-10
2.6500e+03,5.4623e-10
2.6525e+03,5.8525e-10
2.6550e+03,6.2424e-10
2.6575e+03,6.6326e-10
2.6600e+03,7.0228e-10
2.6625e+03,7.0331e-10
2.6650e+03,7.0433e-10
2.6675e+03,7.0539e-10
2.6700e+03,7.0641e-10
2.6725e+03,7.0744e-10
2.6750e+03,7.0846e-10
2.6775e+03,7.0949e-10
2.6800e+03,7.1051e-10
2.6825e+03,7.1051e-10
2.6850e+03,7.1051e-10
2.6875e+03,7.1051e-10
2.6900e+03,7.1051e-10
2.6925e+03,7.1051e-10
2.6950e+03,7.1051e-10
2.6975e+03,7.1051e-10
2.7000e+03,7.1051e-10
2.7025e+03,7.1051e-10
2.7050e+03,7.1051e-10
2.7075e+03,7.1051e-10
2.7100e+03,7.1051e-10
2.7125e+03,7.1051e-10
2.7150e+03,7.1051e-10
2.7175e+03,7.1051e-10
2.7200e+03,7.1051e-10
2.7225e+03,6.9914e-10
2.7250e+03,6.8776e-10
2.7275e+03,6.7639e-10
2.7300e+03,6.6502e-10
2.7325e+03,6.5364e-10
2.7350e+03,6.4223e-10
2.7375e+03,6.3086e-10
2.7400e+03,6.1948e-10
2.7425e+03,5.9893e-10
2.7450e+03,5.7841e-10
2.7475e+03,5.5786e-10
2.7500e+03,5.3734e-10
2.7525e+03,5.1679e-10
2.7550e+03,4.9628e-10
2.7575e+03,4.7572e-10
2.7600e+03,4.5517e-10
2.7625e+03,4.7572e-10
2.7650e+03,4.9628e-10
2.7675e+03,5.1679e-10
2.7700e+03,5.3734e-10
2.7725e+03,5.5786e-10
2.7750e+03,5.7841e-10
2.7775e+03,5.9893e-10
2.7800e+03,6.1948e-10
2.7825e+03,5.8375e-10
2.7850e+03,5.4806e-10
2.7875e+03,5.1233e-10
2.7900e+03,4.7664e-10
2.7925e+03,4.4091e-10
2.7950e+03,4.0518e-10
2.7975e+03,3.6948e-10
2.8000e+03,3.3376e-10
2.8025e+03,3.5327e-10
2.8050e+03,3.7277e-10
2.8075e+03,3.9230e-10
2.8100e+03,4.1183e-10
2.8125e+03,4.3132e-10
2.8150e+03,4.5085e-10
2.8175e+03,4.7035e-10
2.8200e+03,4.8988e-10
2.8225e+03,5.2945e-10
2.8250e+03,5.6898e-10
2.8275e+03,6.0855e-10
2.8300e+03,6.4812e-10
2.8325e+03,6.8765e-10
2.8350e+03,7.2722e-10
2.8375e+03,7.6676e-10
2.8400e+03,8.0633e-10
2.8425e+03,7.9814e-10
2.8450e+03,7.8998e-10
2.8475e+03,7.8179e-10
2.8500e+03,7.7360e-10
2.8525e+03,7.6540e-10
2.8550e+03,7.5725e-10
2.8575e+03,7.4906e-10
2.8600e+03,7.4087e-10
2.8625e+03,7.6204e-10
2.8650e+03,7.8325e-10
2.8675e+03,8.0443e-10
2.8700e+03,8.2564e-10
2.8725e+03,8.4681e-10
2.8750e+03,8.6799e-10
2.8775e+03,8.8920e-10
2.8800e+03,9.1037e-10
2.8825e+03,9.4391e-10
2.8850e+03,9.7745e-10
2.8875e+03,1.0110e-09
2.8900e+03,1.0446e-09
2.8925e+03,1.0781e-09
2.8950e+03,1.1116e-09
2.8975e+03,1.1452e-09
2.9000e+03,1.1787e-09
2.9025e+03,1.1967e-09
2.9050e+03,1.2146e-09
2.9075e+03,1.2325e-09
2.9100e+03,1.2505e-09
2.9125e+03,1.2684e-09
2.9150e+03,1.2863e-09
2.9175e+03,1.3043e-09
2.9200e+03,1.3222e-09
2.9225e+03,1.3184e-09
2.9250e+03,1.3146e-09
2.9275e+03,1.3108e-09
2.9300e+03,1.3070e-09
2.9325e+03,1.3033e-09
2.9350e+03,1.2995e-09
2.9375e+03,1.2957e-09
2.9400e+03,1.2919e-09
2.9425e+03,1.2967e-09
2.9450e+03,1.3015e-09
2.9475e+03,1.3063e-09
2.9500e+03,1.3112e-09
2.9525e+03,1.3160e-09
2.9550e+03,1.3208e-09
2.9575e+03,1.3256e-09
2.9600e+03,1.3304e-09
2.9625e+03,1.3294e-09
2.9650e+03,1.3284e-09
2.9675e+03,1.3274e-09
2.9700e+03,1.3263e-09
2.9725e+03,1.3253e-09
2.9750e+03,1.3243e-09
2.9775e+03,1.3232e-09
2.9800e+03,1.3222e-09
2.9825e+03,1.3195e-09
2.9850e+03,1.3168e-09
2.9875e+03,1.3141e-09
2.9900e+03,1.3114e-09
2.9925e+03,1.3087e-09
2.9950e+03,1.3060e-09
2.9975e+03,1.3033e-09
3.0000e+03,1.3006e-09
3.0025e+03,1.3043e-09
3.0050e+03,1.3080e-09
3.0075e+03,1.3117e-09
3.0100e+03,1.3155e-09
3.0125e+03,1.3192e-09
3.0150e+03,1.3230e-09
3.0175e+03,1.3267e-09
3.0200e+03,1.3304e-09
3.0225e+03,1.3511e-09
3.0250e+03,1.3717e-09
3.0275e+03,1.3924e-09
3.0300e+03,1.4130e-09
3.0325e+03,1.4337e-09
3.0350e+03,1.4543e-09
3.0375e+03,1.4750e-09
3.0400e+03,1.4956e-09
3.0425e+03,1.5005e-09
3.0450e+03,1.5052e-09
3.0475e+03,1.5101e-09
3.0500e+03,1.5149e-09
3.0525e+03,1.5197e-09
3.0550e+03,1.5246e-09
3.0575e+03,1.5294e-09
3.0600e+03,1.5342e-09
3.0625e+03,1.5370e-09
3.0650e+03,1.5397e-09
3.0675e+03,1.5425e-09
3.0700e+03,1.5453e-09
3.0725e+03,1.5480e-09
3.0750e+03,1.5508e-09
3.0775e+03,1.5536e-09
3.0800e+03,1.5563e-09
3.0825e+03,1.5704e-09
3.0850e+03,1.5845e-09
3.0875e+03,1.5986e-09
3.0900e+03,1.6127e-09
3.0925e+03,1.6267e-09
3.0950e+03,1.6409e-09
3.0975e+03,1.6549e-09
3.1000e+03,1.6690e-09
3.1025e+03,1.6739e-09
3.1050e+03,1.6788e-09
3.1075e+03,1.6836e-09
3.1100e+03,1.6885e-09
3.1125e+03,1.6934e-09
3.1150e+03,1.6983e-09
3.1175e+03,1.7032e-09
3.1200e+03,1.7080e-09
3.1225e+03,1.7113e-09
3.1250e+03,1.7145e-09
3.1275e+03,1.7178e-09
3.1300e+03,1.7211e-09
3.1325e+03,1.7243e-09
3.1350e+03,1.7275e-09
3.1375e+03,1.7308e-09
3.1400e+03,1.7340e-09
3.1425e+03,1.7367e-09
3.1450e+03,1.7394e-09
3.1475e+03,1.7422e-09
3.1500e+03,1.7449e-09
3.1525e+03,1.7476e-09
3.1550e+03,1.7503e-09
3.1575e+03,1.7530e-09
3.1600e+03,1.7557e-09
3.1625e+03,1.7595e-09
3.1650e+03,1.7633e-09
3.1675e+03,1.7671e-09
3.1700e+03,1.7709e-09
3.1725e+03,1.7747e-09
3.1750e+03,1.7785e-09
3.1775e+03,1.7823e-09
3.1800e+03,1.7861e-09
3.1825e+03,1.7899e-09
3.1850e+03,1.7936e-09
3.1875e+03,1.7975e-09
3.1900e+03,1.8013e-09
3.1925e+03,1.8050e-09
3.1950e+03,1.8088e-09
3.1975e+03,1.8126e-09
3.2000e+03,1.8164e-09
3.2025e+03,1.8159e-09
3.2050e+03,1.8153e-09
3.2075e+03,1.8148e-09
3.2100e+03,1.8142e-09
3.2125e+03,1.8137e-09
3.2150e+03,1.8132e-09
3.2175e+03,1.8126e-09
3.2200e+03,1.8121e-09
3.2225e+03,1.8071e-09
3.2250e+03,1.8022e-09
3.2275e+03,1.7973e-09
3.2300e+03,1.7924e-09
3.2325e+03,1.7874e-09
3.2350e+03,1.7825e-09
3.2375e+03,1.7776e-09
3.2400e+03,1.7726e-09
3.2600e+03,2.0752e-09
3.2700e+03,2.1652e-09
3.2800e+03,2.1500e-09
3.2900e+03,2.2979e-09
3.3000e+03,2.3639e-09
3.3100e+03,2.2380e-09
3.3200e+03,2.2735e-09
3.3300e+03,2.2032e-09
3.3400e+03,2.2059e-09
3.3500e+03,2.1574e-09
3.3600e+03,2.0927e-09
3.3700e+03,2.0706e-09
3.3800e+03,2.2032e-09
3.3900e+03,2.2085e-09
3.4000e+03,2.2499e-09
3.4100e+03,2.1978e-09
3.4200e+03,2.2039e-09
3.4300e+03,2.2716e-09
3.4400e+03,2.1252e-09
3.4500e+03,2.1527e-09
3.4600e+03,2.2619e-09
3.4700e+03,2.1655e-09
3.4800e+03,2.1841e-09
3.4900e+03,2.1399e-09
3.5000e+03,2.3032e-09
3.5100e+03,2.3743e-09
3.5200e+03,2.2825e-09
3.5300e+03,2.2997e-09
3.5400e+03,2.4566e-09
3.5500e+03,2.5276e-09
3.5600e+03,2.2611e-09
3.5700e+03,2.1826e-09
3.5800e+03,2.0595e-09
3.5900e+03,2.1858e-09
3.6000e+03,2.3762e-09
3.6100e+03,2.1896e-09
3.6200e+03,2.3895e-09
3.6300e+03,2.3931e-09
3.6400e+03,2.2752e-09
3.6500e+03,2.4084e-09
3.6600e+03,2.5039e-09
3.6700e+03,2.5714e-09
3.6800e+03,2.5102e-09
3.6900e+03,2.5971e-09
3.7000e+03,2.4614e-09
3.7100e+03,2.5035e-09
3.7200e+03,2.6087e-09
3.7300e+03,2.3363e-09
3.7400e+03,2.2497e-09
3.7500e+03,2.4519e-09
3.7600e+03,2.6737e-09
3.7700e+03,2.7526e-09
3.7800e+03,2.9072e-09
3.7900e+03,2.7797e-09
3.8000e+03,2.7544e-09
3.8100e+03,2.7955e-09
3.8200e+03,2.3614e-09
3.8300e+03,2.1497e-09
3.8400e+03,2.3413e-09
3.8500e+03,2.5717e-09
3.8600e+03,2.5392e-09
3.8700e+03,2.5997e-09
3.8800e+03,2.5248e-09
3.8900e+03,2.6073e-09
3.9000e+03,2.8702e-09
3.9100e+03,2.9451e-09
3.9200e+03,2.6293e-09
3.9300e+03,2.1417e-09
3.9400e+03,2.3959e-09
3.9500e+03,2.9020e-09
3.9600e+03,2.4660e-09
3.9700e+03,2.4858e-09
3.9800e+03,3.3186e-09
3.9900e+03,3.7760e-09
4.0000e+03,3.9157e-09
4.0100e+03,4.0009e-09
4.0200e+03,4.0346e-09
4.0300e+03,4.0796e-09
4.0400e+03,4.0393e-09
4.0500e+03,3.8579e-09
4.0600e+03,3.8327e-09
4.0700e+03,3.8601e-09
4.0800e+03,3.9881e-09
4.0900e+03,3.8159e-09
4.1000e+03,3.7570e-09
4.1100e+03,3.9333e-09
4.1200e+03,4.0210e-09
4.1300e+03,4.0565e-09
4.1400e+03,4.1110e-09
4.1500e+03,4.1315e-09
4.1600e+03,4.0115e-09
4.1700e+03,4.0024e-09
4.1800e+03,3.9757e-09
4.1900e+03,3.9567e-09
4.2000e+03,3.9995e-09
4.2100e+03,4.1179e-09
4.2200e+03,3.9709e-09
4.2300e+03,3.8276e-09
4.2400e+03,3.8879e-09
4.2500e+03,3.8429e-09
4.2600e+03,3.8279e-09
4.2700e+03,3.8576e-09
4.2800e+03,3.7186e-09
4.2900e+03,3.4413e-09
4.3000e+03,3.2177e-09
4.3100e+03,3.4528e-09
4.3200e+03,3.8817e-09
4.3300e+03,3.6169e-09
4.3400e+03,3.6795e-09
4.3500e+03,3.9505e-09
4.3600e+03,4.1172e-09
4.3700e+03,3.9519e-09
4.3800e+03,3.8722e-09
4.3900e+03,3.9578e-09
4.4000e+03,4.0035e-09
4.4100e+03,4.0744e-09
4.4200e+03,4.1436e-09
4.4300e+03,4.1147e-09
4.4400e+03,4.1739e-09
4.4500e+03,4.0806e-09
4.4600e+03,4.0796e-09
4.4700e+03,4.2401e-09
4.4800e+03,4.2690e-09
4.4900e+03,4.3118e-09
4.5000e+03,4.4365e-09
4.5100e+03,4.4584e-09
4.5200e+03,4.2182e-09
4.5300e+03,4.2313e-09
4.5400e+03,4.3334e-09
4.5500e+03,4.3151e-09
4.5600e+03,4.3780e-09
4.5700e+03,4.2705e-09
4.5800e+03,4.2551e-09
4.5900e+03,4.2361e-09
4.6000e+03,4.2492e-09
4.6100e+03,4.3026e-09
4.6200e+03,4.3352e-09
4.6300e+03,4.2712e-09
4.6400e+03,4.1995e-09
4.6500e+03,4.1651e-09
4.6600e+03,4.1403e-09
4.6700e+03,4.0796e-09
4.6800e+03,4.2039e-09
4.6900e+03,4.1666e-09
4.7000e+03,4.1567e-09
4.7100e+03,4.2397e-09
4.7200e+03,4.3100e-09
4.7300e+03,4.2280e-09
4.7400e+03,4.2763e-09
4.7500e+03,4.2335e-09
4.7600e+03,4.1692e-09
4.7700e+03,4.2569e-09
4.7800e+03,4.3282e-09
4.7900e+03,4.2770e-09
4.8000e+03,4.2792e-09
4.8100e+03,4.2416e-09
4.8200e+03,4.2207e-09
4.8300e+03,4.1000e-09
4.8400e+03,4.0668e-09
4.8500e+03,3.7387e-09
4.8600e+03,3.6439e-09
4.8700e+03,3.9402e-09
4.8800e+03,4.0496e-09
4.8900e+03,3.9984e-09
4.9000e+03,4.0605e-09
4.9100e+03,3.9069e-09
4.9200e+03,3.9501e-09
4.9300e+03,3.9786e-09
4.9400e+03,3.9914e-09
4.9500e+03,4.0046e-09
4.9600e+03,3.9128e-09
4.9700e+03,3.9227e-09
4.9800e+03,3.8996e-09
4.9900e+03,3.8495e-09
5.0000e+03,3.7599e-09
5.0100e+03,3.7043e-09
5.0200e+03,3.7877e-09
5.0300e+03,3.7628e-09
5.0400e+03,3.7369e-09
5.0500e+03,3.8583e-09
5.0600e+03,3.8320e-09
5.0700e+03,3.7460e-09
5.0800e+03,3.7932e-09
5.0900e+03,3.7830e-09
5.1000e+03,3.7541e-09
5.1100e+03,3.8345e-09
5.1200e+03,3.7888e-09
5.1300e+03,3.7241e-09
5.1400e+03,3.6871e-09
5.1500e+03,3.7574e-09
5.1600e+03,3.5241e-09
5.1700e+03,3.4308e-09
5.1800e+03,3.5845e-09
5.1900e+03,3.6674e-09
5.2000e+03,3.7500e-09
5.2100e+03,3.6571e-09
5.2200e+03,3.6217e-09
5.2300e+03,3.6127e-09
5.2400e+03,3.6864e-09
5.2500e+03,3.6809e-09
5.2600e+03,3.4998e-09
5.2700e+03,3.5068e-09
5.2800e+03,3.6729e-09
5.2900e+03,3.6754e-09
5.3000e+03,3.6707e-09
5.3100e+03,3.6930e-09
5.3200e+03,3.6080e-09
5.3300e+03,3.5611e-09
5.3400e+03,3.6391e-09
5.3500e+03,3.7215e-09
5.3600e+03,3.6465e-09
5.3700e+03,3.6386e-09
5.3800e+03,3.6685e-09
5.3900e+03,3.6041e-09
5.4000e+03,3.5454e-09
5.4100e+03,3.5523e-09
5.4200e+03,3.7478e-09
5.4300e+03,3.7405e-09
5.4400e+03,3.7383e-09
5.4500e+03,3.7171e-09
5.4600e+03,3.7186e-09
5.4700e+03,3.7343e-09
5.4800e+03,3.7025e-09
5.4900e+03,3.6853e-09
5.5000e+03,3.7083e-09
5.5100e+03,3.6550e-09
5.5200e+03,3.6849e-09
5.5300e+03,3.6175e-09
5.5400e+03,3.6582e-09
5.5500e+03,3.6559e-09
5.5600e+03,3.6357e-09
5.5700e+03,3.5979e-09
5.5800e+03,3.5413e-09
5.5900e+03,3.5223e-09
5.6000e+03,3.6053e-09
5.6100e+03,3.6168e-09
5.6200e+03,3.6248e-09
5.6300e+03,3.6085e-09
5.6400e+03,3.5888e-09
5.6500e+03,3.5761e-09
5.6600e+03,3.5395e-09
5.6700e+03,3.5956e-09
5.6800e+03,3.6136e-09
5.6900e+03,3.5501e-09
5.7000e+03,3.5849e-09
5.7100e+03,3.4643e-09
5.7200e+03,3.5632e-09
5.7300e+03,3.6179e-09
5.7400e+03,3.6827e-09
5.7600e+03,3.6934e-09
5.7800e+03,3.6548e-09
5.8000e+03,3.6787e-09
5.8200e+03,3.7025e-09
5.8400e+03,3.6707e-09
5.8600e+03,3.6263e-09
5.8800e+03,3.6080e-09
5.9000e+03,3.5203e-09
5.9200e+03,3.6067e-09
5.9400e+03,3.6170e-09
5.9600e+03,3.5989e-09
5.9800e+03,3.5810e-09
6.0000e+03,3.5633e-09
6.0200e+03,3.5639e-09
6.0400e+03,3.5677e-09
6.0600e+03,3.5982e-09
6.0800e+03,3.5476e-09
6.1000e+03,3.5096e-09
6.1200e+03,3.5368e-09
6.1400e+03,3.4026e-09
6.1600e+03,3.4242e-09
6.1800e+03,3.4136e-09
6.2000e+03,3.4604e-09
6.2200e+03,3.4070e-09
6.2400e+03,3.3880e-09
6.2600e+03,3.3465e-09
6.2800e+03,3.3366e-09
6.3000e+03,3.2765e-09
6.3200e+03,3.3028e-09
6.3400e+03,3.2929e-09
6.3600e+03,3.2885e-09
6.3800e+03,3.2490e-09
6.4000e+03,3.2207e-09
6.4200e+03,3.2300e-09
6.4400e+03,3.1914e-09
6.4600e+03,3.2377e-09
6.4800e+03,3.1838e-09
6.5000e+03,3.1353e-09
6.5200e+03,3.1577e-09
6.5400e+03,2.9863e-09
6.5600e+03,2.9579e-09
6.5800e+03,3.0112e-09
6.6000e+03,3.0967e-09
6.6200e+03,3.0580e-09
6.6400e+03,3.0546e-09
6.6600e+03,3.0038e-09
6.6800e+03,3.0205e-09
6.7000e+03,2.9387e-09
6.7200e+03,2.9480e-09
6.7400e+03,2.9598e-09
6.7600e+03,2.8988e-09
6.7800e+03,2.9106e-09
6.8000e+03,2.8314e-09
6.8200e+03,2.8646e-09
6.8400e+03,2.8126e-09
6.8600e+03,2.7681e-09
6.8800e+03,2.7263e-09
6.9000e+03,2.7870e-09
6.9200e+03,2.7918e-09
6.9400e+03,2.7459e-09
6.9600e+03,2.7188e-09
6.9800e+03,2.6510e-09
7.0000e+03,2.6495e-09
7.0200e+03,2.6970e-09
7.0400e+03,2.6930e-09
7.0600e+03,2.6997e-09
7.0800e+03,2.7176e-09
7.1000e+03,2.6759e-09
7.1200e+03,2.6806e-09
7.1400e+03,2.6461e-09
7.1600e+03,2.6593e-09
7.1800e+03,2.6552e-09
7.2000e+03,2.6277e-09
7.2200e+03,2.6111e-09
7.2400e+03,2.5609e-09
7.2600e+03,2.5655e-09
7.2800e+03,2.5514e-09
7.3000e+03,2.5624e-09
7.3200e+03,2.5566e-09
7.3400e+03,2.5223e-09
7.3600e+03,2.5208e-09
7.3800e+03,2.5011e-09
7.4000e+03,2.4594e-09
7.4200e+03,2.4302e-09
7.4400e+03,2.4490e-09
7.4600e+03,2.4596e-09
7.4800e+03,2.4327e-09
7.5000e+03,2.4020e-09
7.5200e+03,2.3893e-09
7.5400e+03,2.3612e-09
7.5600e+03,2.3101e-09
7.5800e+03,2.0867e-09
7.6000e+03,2.0815e-09
7.6200e+03,2.6765e-09
7.6400e+03,2.5152e-09
7.6600e+03,2.4645e-09
7.6800e+03,2.1897e-09
7.7000e+03,2.2416e-09
7.7200e+03,2.2542e-09
7.7400e+03,2.2903e-09
7.7600e+03,2.2438e-09
7.7800e+03,2.2888e-09
7.8000e+03,2.3025e-09
7.8200e+03,2.2907e-09
7.8400e+03,2.3096e-09
7.8600e+03,2.3067e-09
7.8800e+03,2.2790e-09
7.9000e+03,2.2411e-09
7.9200e+03,2.2191e-09
7.9400e+03,2.2446e-09
7.9600e+03,2.2701e-09
7.9800e+03,2.2516e-09
8.0000e+03,2.2128e-09
8.0200e+03,2.2071e-09
8.0400e+03,2.1909e-09
8.0600e+03,2.1920e-09
8.0800e+03,2.1658e-09
8.1000e+03,2.1535e-09
8.1200e+03,2.1580e-09
8.1400e+03,2.1290e-09
8.1600e+03,2.0690e-09
8.1800e+03,2.1265e-09
8.2000e+03,2.0734e-09
8.2200e+03,2.0503e-09
8.2400e+03,2.0599e-09
8.2600e+03,2.0644e-09
8.2800e+03,1.9854e-09
8.3000e+03,2.0237e-09
8.3200e+03,1.9695e-09
8.3400e+03,1.9393e-09
8.3600e+03,2.0485e-09
8.3800e+03,2.0560e-09
8.4000e+03,2.0462e-09
8.4200e+03,2.0427e-09
8.4400e+03,1.9944e-09
8.4600e+03,1.9464e-09
8.4800e+03,1.9050e-09
8.5000e+03,1.8747e-09
8.5200e+03,1.7488e-09
8.5400e+03,1.8118e-09
8.5600e+03,1.8982e-09
8.5800e+03,1.8653e-09
8.6000e+03,1.8537e-09
8.6200e+03,1.9312e-09
8.6400e+03,1.8263e-09
8.6600e+03,1.6957e-09
8.6800e+03,1.8915e-09
8.7000e+03,1.9032e-09
8.7200e+03,1.8306e-09
8.7400e+03,1.8179e-09
8.7600e+03,1.7709e-09
8.7800e+03,1.8271e-09
8.8000e+03,1.8047e-09
8.8200e+03,1.7525e-09
8.8400e+03,1.7432e-09
8.8600e+03,1.8070e-09
8.8800e+03,1.7345e-09
8.9000e+03,1.7379e-09
8.9200e+03,1.7272e-09
8.9400e+03,1.7113e-09
8.9600e+03,1.7023e-09
8.9800e+03,1.7056e-09
9.0000e+03,1.7267e-09
9.0200e+03,1.7516e-09
9.0400e+03,1.7289e-09
9.0600e+03,1.6219e-09
9.0800e+03,1.6576e-09
9.1000e+03,1.6490e-09
9.1200e+03,1.6855e-09
9.1400e+03,1.6437e-09
9.1600e+03,1.6642e-09
9.1800e+03,1.6256e-09
9.2000e+03,1.6759e-09
9.2200e+03,1.5960e-09
9.2400e+03,1.5942e-09
9.2600e+03,1.5153e-09
9.2800e+03,1.4384e-09
9.3000e+03,1.3633e-09
9.3200e+03,1.3447e-09
9.3400e+03,1.4895e-09
9.3600e+03,1.4844e-09
9.3800e+03,1.5470e-09
9.4000e+03,1.4829e-09
9.4200e+03,1.3126e-09
9.4400e+03,1.4147e-09
9.4600e+03,1.4692e-09
9.4800e+03,1.3979e-09
9.5000e+03,1.3260e-09
9.5200e+03,1.3667e-09
9.5400e+03,1.4010e-09
9.5600e+03,1.3843e-09
9.5800e+03,1.4950e-09
9.6000e+03,1.4554e-09
9.6200e+03,1.4350e-09
9.6400e+03,1.4398e-09
9.6600e+03,1.5201e-09
9.6800e+03,1.5350e-09
9.7000e+03,1.5099e-09
9.7200e+03,1.4570e-09
9.7400e+03,1.4056e-09
9.7600e+03,1.4312e-09
9.7800e+03,1.4541e-09
9.8000e+03,1.4609e-09
9.8200e+03,1.5007e-09
9.8400e+03,1.5025e-09
9.8600e+03,1.4591e-09
9.8800e+03,1.4045e-09
9.9000e+03,1.4877e-09
9.9200e+03,1.4189e-09
9.9400e+03,1.3966e-09
9.9600e+03,1.4076e-09
9.9800e+03,1.4407e-09
1.0000e+04,1.4174e-09
1.0020e+04,1.3842e-09
1.0040e+04,1.3415e-09
1.0060e+04,1.4593e-09
1.0080e+04,1.4286e-09
1.0100e+04,1.4402e-09
1.0120e+04,1.4454e-09
1.0140e+04,1.3559e-09
1.0160e+04,1.3859e-09
1.0180e+04,1.3634e-09
1.0200e+04,1.4111e-09
1.0220e+04,1.3391e-09
1.0240e+04,1.3012e-09
1.0260e+04,1.3569e-09
1.0280e+04,1.3704e-09
1.0300e+04,1.3194e-09
1.0320e+04,1.2925e-09
1.0340e+04,1.3308e-09
1.0360e+04,1.2702e-09
1.0380e+04,1.2714e-09
1.0400e+04,1.3206e-09
1.0420e+04,1.3145e-09
1.0440e+04,1.3399e-09
1.0460e+04,1.2592e-09
1.0480e+04,1.3467e-09
1.0500e+04,1.3015e-09
1.0520e+04,1.3644e-09
1.0540e+04,1.2748e-09
1.0560e+04,1.3492e-09
1.0580e+04,1.3263e-09
1.0600e+04,1.2691e-09
1.0800e+04,1.2098e-09
1.1000e+04,1.1495e-09
1.1200e+04,1.0894e-09
1.1400e+04,1.0306e-09
1.1600e+04,9.7419e-10
1.1800e+04,9.2087e-10
1.2000e+04,8.7117e-10
1.2200e+04,8.2553e-10
1.2400e+04,7.8420e-10
1.2600e+04,7.4675e-10
1.2800e+04,7.1216e-10
1.3000e+04,6.8425e-10
1.3200e+04,6.5902e-10
1.3400e+04,6.3375e-10
1.3600e+04,6.0592e-10
1.3800e+04,5.8112e-10
1.4000e+04,5.5932e-10
1.4200e+04,5.4034e-10
1.4400e+04,5.2136e-10
1.4600e+04,5.0282e-10
1.4800e+04,4.8424e-10
1.5000e+04,4.6570e-10
1.5200e+04,4.4734e-10
1.5400e+04,4.3012e-10
1.5600e+04,4.1534e-10
1.5800e+04,4.0137e-10
1.6000e+04,3.9208e-10
1.6200e+04,3.8499e-10
1.6400e+04,3.7248e-10
1.6600e+04,3.5517e-10
1.6800e+04,3.4203e-10
1.7000e+04,3.2943e-10
1.7200e+04,3.1529e-10
1.7400e+04,3.0201e-10
1.7600e+04,2.8885e-10
1.7800e+04,2.7767e-10
1.8000e+04,2.6622e-10
1.8200e+04,2.5629e-10
1.8400e+04,2.4733e-10
1.8600e+04,2.3890e-10
1.8800e+04,2.2964e-10
1.9000e+04,2.2196e-10
1.9200e+04,2.1300e-10
1.9400e+04,2.0540e-10
1.9600e+04,1.9840e-10
1.9800e+04,1.9137e-10
2.0000e+04,1.8518e-10
2.0200e+04,1.7911e-10
2.0400e+04,1.7306e-10
2.0600e+04,1.6647e-10
2.0800e+04,1.6048e-10
2.1000e+04,1.5448e-10
2.1200e+04,1.4851e-10
2.1400e+04,1.4424e-10
2.1600e+04,1.3906e-10
2.1800e+04,1.3500e-10
2.2000e+04,1.3095e-10
2.2200e+04,1.2730e-10
2.2400e+04,1.2311e-10
2.2600e+04,1.1948e-10
2.2800e+04,1.1587e-10
2.3000e+04,1.1229e-10
2.3200e+04,1.0870e-10
2.3400e+04,1.0568e-10
2.3600e+04,1.0322e-10
2.3800e+04,9.9646e-11
2.4000e+04,9.6644e-11
2.4200e+04,9.4226e-11
2.4400e+04,9.1220e-11
2.4600e+04,8.8262e-11
2.4800e+04,8.5841e-11
2.5000e+04,8.2878e-11
2.5200e+04,8.1024e-11
2.5400e+04,7.8625e-11
2.5600e+04,7.6226e-11
