# wavelength, f_lambda
2.2900e+02,0.0000e+00
2.3400e+02,0.0000e+00
2.4300e+02,0.0000e+00
2.5200e+02,0.0000e+00
2.5600e+02,0.0000e+00
2.6000e+02,0.0000e+00
2.6600e+02,0.0000e+00
2.7500e+02,0.0000e+00
2.8300e+02,0.0000e+00
2.9300e+02,0.0000e+00
3.0100e+02,0.0000e+00
3.0900e+02,0.0000e+00
3.2500e+02,0.0000e+00
3.4200e+02,0.0000e+00
3.5100e+02,0.0000e+00
3.5600e+02,0.0000e+00
3.6500e+02,0.0000e+00
3.7500e+02,0.0000e+00
3.8400e+02,0.0000e+00
4.0000e+02,0.0000e+00
4.1500e+02,0.0000e+00
4.2500e+02,0.0000e+00
4.4500e+02,0.0000e+00
4.7200e+02,0.0000e+00
4.9400e+02,0.0000e+00
5.0600e+02,0.0000e+00
5.1600e+02,0.0000e+00
5.4000e+02,0.0000e+00
5.6400e+02,0.0000e+00
5.8700e+02,0.0000e+00
6.1200e+02,0.0000e+00
6.4000e+02,0.0000e+00
6.7100e+02,0.0000e+00
7.0500e+02,0.0000e+00
7.3600e+02,0.0000e+00
7.7000e+02,0.0000e+00
8.1000e+02,0.0000e+00
8.5000e+02,0.0000e+00
8.9000e+02,0.0000e+00
9.2000e+02,2.4441e-21
9.4000e+02,8.2600e-21
9.6200e+02,1.7579e-20
9.8700e+02,3.9440e-20
1.0120e+03,8.0270e-20
1.0370e+03,1.5106e-19
1.0620e+03,2.9244e-19
1.0870e+03,5.4418e-19
1.1120e+03,8.9098e-18
1.1200e+03,1.0963e-17
1.1400e+03,1.5862e-17
1.1600e+03,2.5069e-17
1.1800e+03,3.6193e-17
1.2000e+03,5.0882e-17
1.2200e+03,7.5221e-17
1.2400e+03,1.1469e-16
1.2600e+03,1.6475e-16
1.2800e+03,2.2561e-16
1.3000e+03,3.1212e-16
1.3200e+03,4.1437e-16
1.3400e+03,5.3453e-16
1.3600e+03,6.9454e-16
1.3800e+03,9.1683e-16
1.4000e+03,1.2085e-15
1.4200e+03,1.5733e-15
1.4400e+03,2.0456e-15
1.4600e+03,2.6656e-15
1.4800e+03,3.4062e-15
1.5000e+03,4.4169e-15
1.5200e+03,3.5931e-14
1.5400e+03,6.4591e-14
1.5600e+03,6.7205e-14
1.5800e+03,8.5986e-14
1.6000e+03,1.1139e-13
1.6200e+03,1.3681e-13
1.6400e+03,1.5928e-13
1.6600e+03,1.7428e-13
1.6800e+03,2.2408e-12
1.7000e+03,3.4165e-12
1.7200e+03,4.2651e-12
1.7400e+03,5.6213e-12
1.7600e+03,5.5391e-12
1.7800e+03,7.6742e-12
1.8000e+03,7.2716e-12
1.8200e+03,5.9058e-12
1.8400e+03,6.1490e-12
1.8600e+03,7.9111e-12
1.8800e+03,9.1229e-12
1.9000e+03,1.0646e-11
1.9200e+03,1.2729e-11
1.9400e+03,1.1293e-11
1.9600e+03,1.1402e-11
1.9800e+03,1.6107e-11
2.0000e+03,1.6915e-11
2.0025e+03,1.7860e-11
2.0050e+03,2.2167e-11
2.0075e+03,2.3676e-11
2.0100e+03,2.4464e-11
2.0125e+03,2.4659e-11
2.0150e+03,2.4757e-11
2.0175e+03,2.4349e-11
2.0200e+03,2.4205e-11
2.0225e+03,2.4269e-11
2.0250e+03,2.4262e-11
2.0275e+03,2.4251e-11
2.0300e+03,2.5278e-11
2.0325e+03,2.6865e-11
2.0350e+03,2.9525e-11
2.0375e+03,3.1255e-11
2.0400e+03,3.2366e-11
2.0425e+03,3.3119e-11
2.0450e+03,3.3539e-11
2.0475e+03,3.4189e-11
2.0500e+03,3.4690e-11
2.0525e+03,3.4831e-11
2.0550e+03,3.4846e-11
2.0575e+03,3.4456e-11
2.0600e+03,3.4994e-11
2.0625e+03,3.6093e-11
2.0650e+03,3.8172e-11
2.0675e+03,4.0249e-11
2.0700e+03,4.1148e-11
2.0725e+03,4.2318e-11
2.0750e+03,4.4041e-11
2.0775e+03,4.6297e-11
2.0800e+03,4.8805e-11
2.0825e+03,5.2012e-11
2.0850e+03,5.5691e-11
2.0875e+03,5.5442e-11
2.0900e+03,5.5793e-11
2.0925e+03,5.7044e-11
2.0950e+03,5.7969e-11
2.0975e+03,5.8192e-11
2.1000e+03,5.8415e-11
2.1025e+03,5.7515e-11
2.1050e+03,6.3377e-11
2.1075e+03,6.1260e-11
2.1100e+03,5.9855e-11
2.1125e+03,6.4536e-11
2.1150e+03,7.1381e-11
2.1175e+03,8.1261e-11
2.1200e+03,7.9696e-11
2.1225e+03,6.3220e-11
2.1250e+03,5.7603e-11
2.1275e+03,6.6152e-11
2.1300e+03,6.8383e-11
2.1325e+03,6.6357e-11
2.1350e+03,6.7662e-11
2.1375e+03,7.1063e-11
2.1400e+03,7.9221e-11
2.1425e+03,9.1584e-11
2.1450e+03,9.2699e-11
2.1475e+03,8.4896e-11
2.1500e+03,8.3203e-11
2.1525e+03,8.5690e-11
2.1550e+03,8.1854e-11
2.1575e+03,7.0961e-11
2.1600e+03,7.2698e-11
2.1625e+03,8.0303e-11
2.1650e+03,7.2599e-11
2.1675e+03,6.5055e-11
2.1700e+03,7.0120e-11
2.1725e+03,7.3498e-11
2.1750e+03,7.1023e-11
2.1775e+03,8.0285e-11
2.1800e+03,1.0038e-10
2.1825e+03,1.0596e-10
2.1850e+03,9.3866e-11
2.1875e+03,8.4351e-11
2.1900e+03,9.0154e-11
2.1925e+03,1.0140e-10
2.1950e+03,1.0306e-10
2.1975e+03,1.0150e-10
2.2000e+03,1.0458e-10
2.2025e+03,1.1285e-10
2.2050e+03,1.0889e-10
2.2075e+03,8.6414e-11
2.2100e+03,7.3769e-11
2.2125e+03,7.9941e-11
2.2150e+03,8.2190e-11
2.2175e+03,8.3664e-11
2.2200e+03,9.8982e-11
2.2225e+03,1.0815e-10
2.2250e+03,1.0421e-10
2.2275e+03,1.0322e-10
2.2300e+03,1.1336e-10
2.2325e+03,1.3626e-10
2.2350e+03,1.4836e-10
2.2375e+03,1.3693e-10
2.2400e+03,1.2382e-10
2.2425e+03,1.1439e-10
2.2450e+03,1.1752e-10
2.2475e+03,1.2602e-10
2.2500e+03,1.1999e-10
2.2525e+03,1.1118e-10
2.2550e+03,1.0680e-10
2.2575e+03,1.0408e-10
2.2600e+03,1.0039e-10
2.2625e+03,9.2220e-11
2.2650e+03,8.0088e-11
2.2675e+03,7.0650e-11
2.2700e+03,6.8511e-11
2.2725e+03,7.2968e-11
2.2750e+03,8.0194e-11
2.2775e+03,8.9463e-11
2.2800e+03,1.0403e-10
2.2825e+03,1.1434e-10
2.2850e+03,1.1075e-10
2.2875e+03,1.0099e-10
2.2900e+03,9.6597e-11
2.2925e+03,1.0045e-10
2.2950e+03,1.0135e-10
2.2975e+03,8.9997e-11
2.3000e+03,8.4841e-11
2.3025e+03,9.6879e-11
2.3050e+03,1.1777e-10
2.3075e+03,1.2157e-10
2.3100e+03,9.7709e-11
2.3125e+03,8.7825e-11
2.3150e+03,1.0280e-10
2.3175e+03,1.0620e-10
2.3200e+03,1.0156e-10
2.3225e+03,1.1126e-10
2.3250e+03,1.1063e-10
2.3275e+03,1.0135e-10
2.3300e+03,9.6268e-11
2.3325e+03,9.1749e-11
2.3350e+03,9.2762e-11
2.3375e+03,8.6432e-11
2.3400e+03,8.1901e-11
2.3425e+03,7.6245e-11
2.3450e+03,6.8284e-11
2.3475e+03,7.6490e-11
2.3500e+03,9.7259e-11
2.3525e+03,1.1129e-10
2.3550e+03,1.1344e-10
2.3575e+03,1.0612e-10
2.3600e+03,9.4626e-11
2.3625e+03,9.3241e-11
2.3650e+03,9.1836e-11
2.3675e+03,9.4447e-11
2.3700e+03,1.0713e-10
2.3725e+03,1.0532e-10
2.3750e+03,9.9596e-11
2.3775e+03,9.7267e-11
2.3800e+03,7.9901e-11
2.3825e+03,7.0482e-11
2.3850e+03,8.1236e-11
2.3875e+03,8.9741e-11
2.3900e+03,9.8170e-11
2.3925e+03,9.8433e-11
2.3950e+03,8.3327e-11
2.3975e+03,7.8716e-11
2.4000e+03,8.6765e-11
2.4025e+03,8.8918e-11
2.4050e+03,7.4029e-11
2.4075e+03,7.8801e-11
2.4100e+03,7.8014e-11
2.4125e+03,7.9408e-11
2.4150e+03,9.7471e-11
2.4175e+03,1.1874e-10
2.4200e+03,1.3548e-10
2.4225e+03,1.3838e-10
2.4250e+03,1.3412e-10
2.4275e+03,1.4031e-10
2.4300e+03,1.3619e-10
2.4325e+03,1.2789e-10
2.4350e+03,1.1933e-10
2.4375e+03,1.2130e-10
2.4400e+03,1.2758e-10
2.4425e+03,1.3154e-10
2.4450e+03,1.2172e-10
2.4475e+03,1.0810e-10
2.4500e+03,9.8678e-11
2.4525e+03,9.4173e-11
2.4550e+03,9.5884e-11
2.4575e+03,9.9581e-11
2.4600e+03,9.5113e-11
2.4625e+03,8.8758e-11
2.4650e+03,9.5672e-11
2.4675e+03,1.0480e-10
2.4700e+03,1.0796e-10
2.4725e+03,1.0765e-10
2.4750e+03,1.1315e-10
2.4775e+03,1.0711e-10
2.4800e+03,9.8857e-11
2.4825e+03,8.8286e-11
2.4850e+03,8.6341e-11
2.4875e+03,8.3148e-11
2.4900e+03,7.2862e-11
2.4925e+03,9.4835e-11
2.4950e+03,1.2192e-10
2.4975e+03,1.2649e-10
2.5000e+03,1.1956e-10
2.5025e+03,1.1686e-10
2.5050e+03,1.0702e-10
2.5075e+03,1.0416e-10
2.5100e+03,1.0886e-10
2.5125e+03,9.4261e-11
2.5150e+03,7.8552e-11
2.5175e+03,7.8340e-11
2.5200e+03,8.5404e-11
2.5225e+03,8.1580e-11
2.5250e+03,8.2062e-11
2.5275e+03,8.0508e-11
2.5300e+03,8.8187e-11
2.5325e+03,1.0324e-10
2.5350e+03,1.0385e-10
2.5375e+03,1.0409e-10
2.5400e+03,1.0827e-10
2.5425e+03,1.1411e-10
2.5450e+03,1.1672e-10
2.5475e+03,1.0963e-10
2.5500e+03,1.2204e-10
2.5525e+03,1.5363e-10
2.5550e+03,1.6100e-10
2.5575e+03,1.6298e-10
2.5600e+03,1.7139e-10
2.5625e+03,1.5710e-10
2.5650e+03,1.7619e-10
2.5675e+03,2.1917e-10
2.5700e+03,2.4457e-10
2.5725e+03,2.4689e-10
2.5750e+03,2.0107e-10
2.5775e+03,2.1044e-10
2.5800e+03,2.8061e-10
2.5825e+03,2.6484e-10
2.5850e+03,1.9181e-10
2.5875e+03,2.1662e-10
2.5900e+03,2.6809e-10
2.5925e+03,2.2278e-10
2.5950e+03,1.9402e-10
2.5975e+03,1.5373e-10
2.6000e+03,1.4175e-10
2.6025e+03,1.9240e-10
2.6050e+03,1.7433e-10
2.6075e+03,1.5270e-10
2.6100e+03,1.6139e-10
2.6125e+03,1.4150e-10
2.6150e+03,1.6737e-10
2.6175e+03,1.9487e-10
2.6200e+03,2.0976e-10
2.6225e+03,2.2210e-10
2.6250e+03,2.0936e-10
2.6275e+03,1.8077e-10
2.6300e+03,1.6183e-10
2.6325e+03,1.8979e-10
2.6350e+03,2.8182e-10
2.6375e+03,3.8844e-10
2.6400e+03,4.5748e-10
2.6425e+03,4.9211e-10
2.6450e+03,4.9683e-10
2.6475e+03,4.1123e-10
2.6500e+03,3.7005e-10
2.6525e+03,4.3317e-10
2.6550e+03,5.0323e-10
2.6575e+03,4.9844e-10
2.6600e+03,4.6271e-10
2.6625e+03,4.2582e-10
2.6650e+03,4.2764e-10
2.6675e+03,4.3507e-10
2.6700e+03,4.3382e-10
2.6725e+03,4.3711e-10
2.6750e+03,4.8429e-10
2.6775e+03,4.4392e-10
2.6800e+03,4.2812e-10
2.6825e+03,4.3978e-10
2.6850e+03,4.4450e-10
2.6875e+03,4.2410e-10
2.6900e+03,4.0208e-10
2.6925e+03,4.2391e-10
2.6950e+03,3.9846e-10
2.6975e+03,4.1620e-10
2.7000e+03,4.8143e-10
2.7025e+03,5.0553e-10
2.7050e+03,5.0527e-10
2.7075e+03,4.6633e-10
2.7100e+03,4.4889e-10
2.7125e+03,4.4523e-10
2.7150e+03,4.0322e-10
2.7175e+03,3.3060e-10
2.7200e+03,2.7463e-10
2.7225e+03,3.1205e-10
2.7250e+03,3.4135e-10
2.7275e+03,4.0399e-10
2.7300e+03,4.5646e-10
2.7325e+03,3.9824e-10
2.7350e+03,3.2808e-10
2.7375e+03,2.7609e-10
2.7400e+03,2.4221e-10
2.7425e+03,2.2538e-10
2.7450e+03,2.3137e-10
2.7475e+03,2.2198e-10
2.7500e+03,2.5448e-10
2.7525e+03,3.1284e-10
2.7550e+03,2.8787e-10
2.7575e+03,3.6874e-10
2.7600e+03,4.2925e-10
2.7625e+03,4.1814e-10
2.7650e+03,4.4947e-10
2.7675e+03,4.2629e-10
2.7700e+03,4.2413e-10
2.7725e+03,4.5123e-10
2.7750e+03,4.2454e-10
2.7775e+03,3.5071e-10
2.7800e+03,3.0067e-10
2.7825e+03,2.9212e-10
2.7850e+03,2.9422e-10
2.7875e+03,2.6248e-10
2.7900e+03,2.0170e-10
2.7925e+03,1.5850e-10
2.7950e+03,1.4089e-10
2.7975e+03,1.3195e-10
2.8000e+03,1.3633e-10
2.8025e+03,1.4463e-10
2.8050e+03,1.6737e-10
2.8075e+03,2.2953e-10
2.8100e+03,2.8301e-10
2.8125e+03,3.3268e-10
2.8150e+03,3.9280e-10
2.8175e+03,4.3079e-10
2.8200e+03,4.6871e-10
2.8225e+03,4.9862e-10
2.8250e+03,5.1215e-10
2.8275e+03,5.1365e-10
2.8300e+03,5.5972e-10
2.8325e+03,5.6696e-10
2.8350e+03,5.2740e-10
2.8375e+03,5.2846e-10
2.8400e+03,5.4963e-10
2.8425e+03,4.9222e-10
2.8450e+03,4.2914e-10
2.8475e+03,3.1956e-10
2.8500e+03,1.8861e-10
2.8525e+03,1.5997e-10
2.8550e+03,2.4704e-10
2.8575e+03,3.7981e-10
2.8600e+03,5.1507e-10
2.8625e+03,5.7786e-10
2.8650e+03,5.9651e-10
2.8675e+03,5.6462e-10
2.8700e+03,5.9892e-10
2.8725e+03,6.6503e-10
2.8750e+03,6.1084e-10
2.8775e+03,5.3734e-10
2.8800e+03,3.8164e-10
2.8825e+03,4.0793e-10
2.8850e+03,6.1366e-10
2.8875e+03,6.7717e-10
2.8900e+03,6.7523e-10
2.8925e+03,6.9816e-10
2.8950e+03,7.8848e-10
2.8975e+03,8.9438e-10
2.9000e+03,9.8799e-10
2.9025e+03,1.0355e-09
2.9050e+03,1.0312e-09
2.9075e+03,9.6243e-10
2.9100e+03,9.6802e-10
2.9125e+03,1.0056e-09
2.9150e+03,9.3398e-10
2.9175e+03,9.1006e-10
2.9200e+03,9.2714e-10
2.9225e+03,8.5803e-10
2.9250e+03,7.7740e-10
2.9275e+03,7.9473e-10
2.9300e+03,9.4491e-10
2.9325e+03,1.0175e-09
2.9350e+03,9.0783e-10
2.9375e+03,7.6888e-10
2.9400e+03,8.1934e-10
2.9425e+03,8.9467e-10
2.9450e+03,8.8875e-10
2.9475e+03,7.5959e-10
2.9500e+03,8.2808e-10
2.9525e+03,9.2509e-10
2.9550e+03,9.0798e-10
2.9575e+03,9.5171e-10
2.9600e+03,9.9797e-10
2.9625e+03,9.9029e-10
2.9650e+03,7.8285e-10
2.9675e+03,6.4671e-10
2.9700e+03,6.9140e-10
2.9725e+03,7.5630e-10
2.9750e+03,9.2765e-10
2.9775e+03,1.0713e-09
2.9800e+03,8.9818e-10
2.9825e+03,6.3998e-10
2.9850e+03,5.7069e-10
2.9875e+03,7.4994e-10
2.9900e+03,9.4539e-10
2.9925e+03,8.6289e-10
2.9950e+03,7.7389e-10
2.9975e+03,8.2304e-10
3.0000e+03,5.7958e-10
3.0025e+03,6.0408e-10
3.0050e+03,7.2533e-10
3.0075e+03,6.7933e-10
3.0100e+03,7.7001e-10
3.0125e+03,8.5295e-10
3.0150e+03,8.2333e-10
3.0175e+03,6.4909e-10
3.0200e+03,5.0670e-10
3.0225e+03,6.8624e-10
3.0250e+03,8.3148e-10
3.0275e+03,9.7625e-10
3.0300e+03,1.0162e-09
3.0325e+03,1.0841e-09
3.0350e+03,1.0702e-09
3.0375e+03,8.9507e-10
3.0400e+03,8.7178e-10
3.0425e+03,9.4440e-10
3.0450e+03,1.0119e-09
3.0475e+03,9.1372e-10
3.0500e+03,1.0480e-09
3.0525e+03,1.0917e-09
3.0550e+03,9.0666e-10
3.0575e+03,7.1198e-10
3.0600e+03,8.1623e-10
3.0625e+03,9.3325e-10
3.0650e+03,8.2245e-10
3.0675e+03,8.7825e-10
3.0700e+03,1.0033e-09
3.0725e+03,9.6411e-10
3.0750e+03,9.4319e-10
3.0775e+03,9.6967e-10
3.0800e+03,9.2992e-10
3.0825e+03,9.2520e-10
3.0850e+03,1.0233e-09
3.0875e+03,9.2908e-10
3.0900e+03,7.9024e-10
3.0925e+03,6.8759e-10
3.0950e+03,7.3754e-10
3.0975e+03,7.0880e-10
3.1000e+03,7.0500e-10
3.1025e+03,7.7678e-10
3.1050e+03,8.4925e-10
3.1075e+03,9.2283e-10
3.1100e+03,9.9570e-10
3.1125e+03,1.0538e-09
3.1150e+03,1.0535e-09
3.1175e+03,1.0305e-09
3.1200e+03,9.9227e-10
3.1225e+03,9.7903e-10
3.1250e+03,9.7720e-10
3.1275e+03,9.9241e-10
3.1300e+03,1.0063e-09
3.1325e+03,1.0175e-09
3.1350e+03,1.0198e-09
3.1375e+03,1.0233e-09
3.1400e+03,1.0277e-09
3.1425e+03,1.0119e-09
3.1450e+03,1.0101e-09
3.1475e+03,1.0293e-09
3.1500e+03,1.0391e-09
3.1525e+03,1.0439e-09
3.1550e+03,1.0375e-09
3.1575e+03,9.9259e-10
3.1600e+03,9.2191e-10
3.1625e+03,9.0582e-10
3.1650e+03,9.2052e-10
3.1675e+03,9.8144e-10
3.1700e+03,1.0720e-09
3.1725e+03,1.1539e-09
3.1750e+03,1.1715e-09
3.1775e+03,1.1404e-09
3.1800e+03,1.0768e-09
3.1825e+03,1.0257e-09
3.1850e+03,1.0044e-09
3.1875e+03,1.0280e-09
3.1900e+03,1.0559e-09
3.1925e+03,1.0819e-09
3.1950e+03,1.0953e-09
3.1975e+03,1.0963e-09
3.2000e+03,1.0888e-09
3.2025e+03,1.0805e-09
3.2050e+03,1.0723e-09
3.2075e+03,1.0640e-09
3.2100e+03,1.0558e-09
3.2125e+03,1.0475e-09
3.2150e+03,1.0393e-09
3.2175e+03,1.0310e-09
3.2200e+03,1.0228e-09
3.2225e+03,1.0509e-09
3.2250e+03,1.0790e-09
3.2275e+03,1.1071e-09
3.2300e+03,1.1353e-09
3.2325e+03,1.1634e-09
3.2350e+03,1.1915e-09
3.2375e+03,1.2196e-09
3.2400e+03,1.2478e-09
3.2600e+03,1.2099e-09
3.2700e+03,1.3872e-09
3.2800e+03,1.3265e-09
3.2900e+03,1.4816e-09
3.3000e+03,1.5194e-09
3.3100e+03,1.3559e-09
3.3200e+03,1.3829e-09
3.3300e+03,1.3507e-09
3.3400e+03,1.4248e-09
3.3500e+03,1.3946e-09
3.3600e+03,1.2464e-09
3.3700e+03,1.2439e-09
3.3800e+03,1.3970e-09
3.3900e+03,1.3878e-09
3.4000e+03,1.4036e-09
3.4100e+03,1.4087e-09
3.4200e+03,1.4467e-09
3.4300e+03,1.3613e-09
3.4400e+03,1.2283e-09
3.4500e+03,1.2602e-09
3.4600e+03,1.3497e-09
3.4700e+03,1.3181e-09
3.4800e+03,1.2340e-09
3.4900e+03,1.2678e-09
3.5000e+03,1.4616e-09
3.5100e+03,1.4649e-09
3.5200e+03,1.3710e-09
3.5300e+03,1.4431e-09
3.5400e+03,1.5988e-09
3.5500e+03,1.4540e-09
3.5600e+03,1.2340e-09
3.5700e+03,1.1786e-09
3.5800e+03,1.0436e-09
3.5900e+03,1.3180e-09
3.6000e+03,1.5579e-09
3.6100e+03,1.3840e-09
3.6200e+03,1.5593e-09
3.6300e+03,1.6966e-09
3.6400e+03,1.6006e-09
3.6500e+03,1.8472e-09
3.6600e+03,2.0481e-09
3.6700e+03,1.9189e-09
3.6800e+03,1.8726e-09
3.6900e+03,1.9971e-09
3.7000e+03,1.9557e-09
3.7100e+03,1.8135e-09
3.7200e+03,1.7344e-09
3.7300e+03,1.5314e-09
3.7400e+03,1.3811e-09
3.7500e+03,1.5528e-09
3.7600e+03,1.7531e-09
3.7700e+03,1.8985e-09
3.7800e+03,1.9727e-09
3.7900e+03,1.6655e-09
3.8000e+03,1.6591e-09
3.8100e+03,1.5583e-09
3.8200e+03,1.1112e-09
3.8300e+03,9.8334e-10
3.8400e+03,1.1400e-09
3.8500e+03,1.2295e-09
3.8600e+03,1.1676e-09
3.8700e+03,1.2810e-09
3.8800e+03,1.4087e-09
3.8900e+03,1.7831e-09
3.9000e+03,2.0260e-09
3.9100e+03,2.1009e-09
3.9200e+03,1.7934e-09
3.9300e+03,1.2257e-09
3.9400e+03,1.5639e-09
3.9500e+03,2.1081e-09
3.9600e+03,1.6291e-09
3.9700e+03,1.5614e-09
3.9800e+03,2.6036e-09
3.9900e+03,2.8896e-09
4.0000e+03,3.0650e-09
4.0100e+03,3.1844e-09
4.0200e+03,3.2820e-09
4.0300e+03,3.1297e-09
4.0400e+03,3.0100e-09
4.0500e+03,2.9393e-09
4.0600e+03,2.8846e-09
4.0700e+03,2.9198e-09
4.0800e+03,3.1842e-09
4.0900e+03,3.1138e-09
4.1000e+03,2.9633e-09
4.1100e+03,3.2150e-09
4.1200e+03,3.1994e-09
4.1300e+03,3.1205e-09
4.1400e+03,3.0546e-09
4.1500e+03,2.9577e-09
4.1600e+03,3.0469e-09
4.1700e+03,2.9891e-09
4.1800e+03,2.9515e-09
4.1900e+03,2.9261e-09
4.2000e+03,3.0387e-09
4.2100e+03,3.3009e-09
4.2200e+03,3.1532e-09
4.2300e+03,3.1068e-09
4.2400e+03,3.2415e-09
4.2500e+03,3.2403e-09
4.2600e+03,3.1478e-09
4.2700e+03,3.1561e-09
4.2800e+03,3.0817e-09
4.2900e+03,2.7612e-09
4.3000e+03,2.3123e-09
4.3100e+03,2.8362e-09
4.3200e+03,3.3315e-09
4.3300e+03,3.1246e-09
4.3400e+03,3.2175e-09
4.3500e+03,3.4386e-09
4.3600e+03,3.5530e-09
4.3700e+03,3.4800e-09
4.3800e+03,3.1072e-09
4.3900e+03,3.1957e-09
4.4000e+03,3.4082e-09
4.4100e+03,3.5314e-09
4.4200e+03,3.6279e-09
4.4300e+03,3.5929e-09
4.4400e+03,3.6753e-09
4.4500e+03,3.5067e-09
4.4600e+03,3.4993e-09
4.4700e+03,3.7287e-09
4.4800e+03,3.8413e-09
4.4900e+03,3.8903e-09
4.5000e+03,4.0658e-09
4.5100e+03,4.0183e-09
4.5200e+03,3.7243e-09
4.5300e+03,3.6830e-09
4.5400e+03,3.8047e-09
4.5500e+03,3.9053e-09
4.5600e+03,3.9832e-09
4.5700e+03,3.9642e-09
4.5800e+03,3.8987e-09
4.5900e+03,3.8241e-09
4.6000e+03,3.8844e-09
4.6100e+03,3.9872e-09
4.6200e+03,4.0574e-09
4.6300e+03,3.8976e-09
4.6400e+03,3.7049e-09
4.6500e+03,3.7053e-09
4.6600e+03,3.6529e-09
4.6700e+03,3.4970e-09
4.6800e+03,3.5865e-09
4.6900e+03,3.5792e-09
4.7000e+03,3.5255e-09
4.7100e+03,3.6808e-09
4.7200e+03,3.8691e-09
4.7300e+03,3.8230e-09
4.7400e+03,3.9550e-09
4.7500e+03,3.9499e-09
4.7600e+03,3.8073e-09
4.7700e+03,3.9364e-09
4.7800e+03,4.0731e-09
4.7900e+03,4.0205e-09
4.8000e+03,4.0969e-09
4.8100e+03,4.1188e-09
4.8200e+03,4.1013e-09
4.8300e+03,3.9572e-09
4.8400e+03,3.8888e-09
4.8500e+03,3.6146e-09
4.8600e+03,3.3566e-09
4.8700e+03,3.5696e-09
4.8800e+03,3.6830e-09
4.8900e+03,3.8146e-09
4.9000e+03,3.9685e-09
4.9100e+03,3.7364e-09
4.9200e+03,3.7210e-09
4.9300e+03,3.8055e-09
4.9400e+03,3.9089e-09
4.9500e+03,3.9612e-09
4.9600e+03,3.9386e-09
4.9700e+03,3.8819e-09
4.9800e+03,3.8369e-09
4.9900e+03,3.7806e-09
5.0000e+03,3.5998e-09
5.0100e+03,3.5173e-09
5.0200e+03,3.6045e-09
5.0300e+03,3.7411e-09
5.0400e+03,3.7034e-09
5.0500e+03,3.8702e-09
5.0600e+03,3.8844e-09
5.0700e+03,3.6877e-09
5.0800e+03,3.6547e-09
5.0900e+03,3.6493e-09
5.1000e+03,3.5789e-09
5.1100e+03,3.6632e-09
5.1200e+03,3.6640e-09
5.1300e+03,3.5091e-09
5.1400e+03,3.5322e-09
5.1500e+03,3.5518e-09
5.1600e+03,3.2017e-09
5.1700e+03,3.1463e-09
5.1800e+03,3.3420e-09
5.1900e+03,3.4120e-09
5.2000e+03,3.5905e-09
5.2100e+03,3.6312e-09
5.2200e+03,3.5837e-09
5.2300e+03,3.6023e-09
5.2400e+03,3.7239e-09
5.2500e+03,3.7473e-09
5.2600e+03,3.4184e-09
5.2700e+03,3.3159e-09
5.2800e+03,3.7214e-09
5.2900e+03,3.8278e-09
5.3000e+03,3.8519e-09
5.3100e+03,3.9250e-09
5.3200e+03,3.6516e-09
5.3300e+03,3.6465e-09
5.3400e+03,3.7810e-09
5.3500e+03,3.8782e-09
5.3600e+03,3.9137e-09
5.3700e+03,3.7594e-09
5.3800e+03,3.8044e-09
5.3900e+03,3.7038e-09
5.4000e+03,3.5143e-09
5.4100e+03,3.5447e-09
5.4200e+03,3.6650e-09
5.4300e+03,3.6400e-09
5.4400e+03,3.7151e-09
5.4500e+03,3.7821e-09
5.4600e+03,3.8124e-09
5.4700e+03,3.6640e-09
5.4800e+03,3.5617e-09
5.4900e+03,3.6830e-09
5.5000e+03,3.7279e-09
5.5100e+03,3.7071e-09
5.5200e+03,3.7009e-09
5.5300e+03,3.6585e-09
5.5400e+03,3.7140e-09
5.5500e+03,3.7221e-09
5.5600e+03,3.6727e-09
5.5700e+03,3.5850e-09
5.5800e+03,3.5686e-09
5.5900e+03,3.5169e-09
5.6000e+03,3.5099e-09
5.6100e+03,3.6393e-09
5.6200e+03,3.6403e-09
5.6300e+03,3.5962e-09
5.6400e+03,3.6110e-09
5.6500e+03,3.6330e-09
5.6600e+03,3.5996e-09
5.6700e+03,3.6006e-09
5.6800e+03,3.6358e-09
5.6900e+03,3.6197e-09
5.7000e+03,3.6512e-09
5.7100e+03,3.5503e-09
5.7200e+03,3.6965e-09
5.7300e+03,3.7309e-09
5.7400e+03,3.7210e-09
5.7600e+03,3.6786e-09
5.7800e+03,3.7093e-09
5.8000e+03,3.8084e-09
5.8200e+03,3.8022e-09
5.8400e+03,3.7148e-09
5.8600e+03,3.6443e-09
5.8800e+03,3.4628e-09
5.9000e+03,3.4775e-09
5.9200e+03,3.6592e-09
5.9400e+03,3.6658e-09
5.9600e+03,3.6599e-09
5.9800e+03,3.6538e-09
6.0000e+03,3.5926e-09
6.0200e+03,3.5964e-09
6.0400e+03,3.6180e-09
6.0600e+03,3.5971e-09
6.0800e+03,3.6272e-09
6.1000e+03,3.5769e-09
6.1200e+03,3.5565e-09
6.1400e+03,3.4074e-09
6.1600e+03,3.4203e-09
6.1800e+03,3.4327e-09
6.2000e+03,3.4105e-09
6.2200e+03,3.4003e-09
6.2400e+03,3.3501e-09
6.2600e+03,3.3399e-09
6.2800e+03,3.3298e-09
6.3000e+03,3.3449e-09
6.3200e+03,3.3350e-09
6.3400e+03,3.3331e-09
6.3600e+03,3.3423e-09
6.3800e+03,3.3348e-09
6.4000e+03,3.2926e-09
6.4200e+03,3.3040e-09
6.4400e+03,3.3050e-09
6.4600e+03,3.2527e-09
6.4800e+03,3.2405e-09
6.5000e+03,3.2339e-09
6.5200e+03,3.2946e-09
6.5400e+03,3.1195e-09
6.5600e+03,3.0516e-09
6.5800e+03,3.2373e-09
6.6000e+03,3.3038e-09
6.6200e+03,3.2864e-09
6.6400e+03,3.2367e-09
6.6600e+03,3.2322e-09
6.6800e+03,3.2377e-09
6.7000e+03,3.1864e-09
6.7200e+03,3.1575e-09
6.7400e+03,3.1462e-09
6.7600e+03,3.1349e-09
6.7800e+03,3.1307e-09
6.8000e+03,3.1505e-09
6.8200e+03,3.1582e-09
6.8400e+03,3.2343e-09
6.8600e+03,3.0581e-09
6.8800e+03,3.0218e-09
6.9000e+03,3.1110e-09
6.9200e+03,3.1091e-09
6.9400e+03,3.0889e-09
6.9600e+03,3.0143e-09
6.9800e+03,2.9698e-09
7.0000e+03,2.9258e-09
7.0200e+03,2.9584e-09
7.0400e+03,2.9819e-09
7.0600e+03,2.9628e-09
7.0800e+03,2.9483e-09
7.1000e+03,2.9119e-09
7.1200e+03,2.8977e-09
7.1400e+03,2.8469e-09
7.1600e+03,2.8352e-09
7.1800e+03,2.7895e-09
7.2000e+03,2.8231e-09
7.2200e+03,2.8285e-09
7.2400e+03,2.7899e-09
7.2600e+03,2.7473e-09
7.2800e+03,2.7155e-09
7.3000e+03,2.7774e-09
7.3200e+03,2.7972e-09
7.3400e+03,2.7698e-09
7.3600e+03,2.7465e-09
7.3800e+03,2.7155e-09
7.4000e+03,2.7068e-09
7.4200e+03,2.7223e-09
7.4400e+03,2.7416e-09
7.4600e+03,2.7348e-09
7.4800e+03,2.7045e-09
7.5000e+03,2.6743e-09
7.5200e+03,2.8066e-09
7.5400e+03,2.9123e-09
7.5600e+03,2.9741e-09
7.5800e+03,2.6413e-09
7.6000e+03,2.2489e-09
7.6200e+03,2.9618e-09
7.6400e+03,2.7418e-09
7.6600e+03,2.6711e-09
7.6800e+03,2.4400e-09
7.7000e+03,2.4944e-09
7.7200e+03,2.5408e-09
7.7400e+03,2.5885e-09
7.7600e+03,2.5918e-09
7.7800e+03,2.6296e-09
7.8000e+03,2.6215e-09
7.8200e+03,2.5954e-09
7.8400e+03,2.5859e-09
7.8600e+03,2.5530e-09
7.8800e+03,2.4956e-09
7.9000e+03,2.4494e-09
7.9200e+03,2.3877e-09
7.9400e+03,2.4178e-09
7.9600e+03,2.4876e-09
7.9800e+03,2.4160e-09
8.0000e+03,2.3781e-09
8.0200e+03,2.4092e-09
8.0400e+03,2.3854e-09
8.0600e+03,2.3921e-09
8.0800e+03,2.3398e-09
8.1000e+03,2.3114e-09
8.1200e+03,2.3436e-09
8.1400e+03,2.3304e-09
8.1600e+03,2.2510e-09
8.1800e+03,2.2813e-09
8.2000e+03,2.3375e-09
8.2200e+03,2.3278e-09
8.2400e+03,2.3815e-09
8.2600e+03,2.3766e-09
8.2800e+03,2.3859e-09
8.3000e+03,2.2446e-09
8.3200e+03,2.2657e-09
8.3400e+03,2.2739e-09
8.3600e+03,2.2188e-09
8.3800e+03,2.2585e-09
8.4000e+03,2.2572e-09
8.4200e+03,2.2620e-09
8.4400e+03,2.2328e-09
8.4600e+03,2.2655e-09
8.4800e+03,2.2194e-09
8.5000e+03,2.1677e-09
8.5200e+03,2.0678e-09
8.5400e+03,2.0264e-09
8.5600e+03,2.1240e-09
8.5800e+03,2.1245e-09
8.6000e+03,2.0996e-09
8.6200e+03,2.1538e-09
8.6400e+03,2.0670e-09
8.6600e+03,1.9985e-09
8.6800e+03,2.1140e-09
8.7000e+03,2.1130e-09
8.7200e+03,2.0714e-09
8.7400e+03,2.0980e-09
8.7600e+03,2.0410e-09
8.7800e+03,2.0418e-09
8.8000e+03,2.0039e-09
8.8200e+03,2.0247e-09
8.8400e+03,2.0396e-09
8.8600e+03,2.0642e-09
8.8800e+03,2.0086e-09
8.9000e+03,1.9912e-09
8.9200e+03,1.9768e-09
8.9400e+03,2.0038e-09
8.9600e+03,1.9343e-09
8.9800e+03,1.9505e-09
9.0000e+03,1.8859e-09
9.0200e+03,2.0268e-09
9.0400e+03,2.0476e-09
9.0600e+03,1.8663e-09
9.0800e+03,1.8501e-09
9.1000e+03,1.9234e-09
9.1200e+03,1.8644e-09
9.1400e+03,1.8444e-09
9.1600e+03,1.8219e-09
9.1800e+03,1.8414e-09
9.2000e+03,1.9130e-09
9.2200e+03,1.8697e-09
9.2400e+03,1.8979e-09
9.2600e+03,1.8188e-09
9.2800e+03,2.0264e-09
9.3000e+03,1.9501e-09
9.3200e+03,1.8603e-09
9.3400e+03,1.9992e-09
9.3600e+03,1.8331e-09
9.3800e+03,1.9170e-09
9.4000e+03,1.9925e-09
9.4200e+03,1.6991e-09
9.4400e+03,1.7079e-09
9.4600e+03,1.8365e-09
9.4800e+03,1.7771e-09
9.5000e+03,1.8455e-09
9.5200e+03,1.8281e-09
9.5400e+03,1.8798e-09
9.5600e+03,1.8455e-09
9.5800e+03,1.7836e-09
9.6000e+03,1.7186e-09
9.6200e+03,1.7390e-09
9.6400e+03,1.6260e-09
9.6600e+03,1.7045e-09
9.6800e+03,1.7021e-09
9.7000e+03,1.6399e-09
9.7200e+03,1.6484e-09
9.7400e+03,1.6486e-09
9.7600e+03,1.6592e-09
9.7800e+03,1.6386e-09
9.8000e+03,1.6423e-09
9.8200e+03,1.6275e-09
9.8400e+03,1.6666e-09
9.8600e+03,1.6087e-09
9.8800e+03,1.6226e-09
9.9000e+03,1.5946e-09
9.9200e+03,1.6017e-09
9.9400e+03,1.5852e-09
9.9600e+03,1.5977e-09
9.9800e+03,1.6068e-09
1.0000e+04,1.6126e-09
1.0020e+04,1.5808e-09
1.0040e+04,1.6216e-09
1.0060e+04,1.5661e-09
1.0080e+04,1.5620e-09
1.0100e+04,1.5581e-09
1.0120e+04,1.5896e-09
1.0140e+04,1.5404e-09
1.0160e+04,1.5354e-09
1.0180e+04,1.4995e-09
1.0200e+04,1.5085e-09
1.0220e+04,1.4974e-09
1.0240e+04,1.5136e-09
1.0260e+04,1.4973e-09
1.0280e+04,1.5082e-09
1.0300e+04,1.4804e-09
1.0320e+04,1.4633e-09
1.0340e+04,1.4318e-09
1.0360e+04,1.4232e-09
1.0380e+04,1.4403e-09
1.0400e+04,1.3898e-09
1.0420e+04,1.5065e-09
1.0440e+04,1.4562e-09
1.0460e+04,1.4173e-09
1.0480e+04,1.4331e-09
1.0500e+04,1.4176e-09
1.0520e+04,1.4102e-09
1.0540e+04,1.4237e-09
1.0560e+04,1.4045e-09
1.0580e+04,1.3577e-09
1.0600e+04,1.3787e-09
1.0800e+04,1.3150e-09
1.1000e+04,1.2573e-09
1.1200e+04,1.2049e-09
1.1400e+04,1.1572e-09
1.1600e+04,1.1136e-09
1.1800e+04,1.0734e-09
1.2000e+04,1.0365e-09
1.2200e+04,1.0024e-09
1.2400e+04,9.7065e-10
1.2600e+04,9.4188e-10
1.2800e+04,9.1339e-10
1.3000e+04,8.8037e-10
1.3200e+04,8.5222e-10
1.3400e+04,8.2622e-10
1.3600e+04,8.0245e-10
1.3800e+04,7.7195e-10
1.4000e+04,7.4164e-10
1.4200e+04,7.1593e-10
1.4400e+04,6.9249e-10
1.4600e+04,6.6905e-10
1.4800e+04,6.4339e-10
1.5000e+04,6.2225e-10
1.5200e+04,6.0338e-10
1.5400e+04,5.8451e-10
1.5600e+04,5.6579e-10
1.5800e+04,5.4934e-10
1.6000e+04,5.3310e-10
1.6200e+04,5.1698e-10
1.6400e+04,4.9836e-10
1.6600e+04,4.7946e-10
1.6800e+04,4.6311e-10
1.7000e+04,4.4443e-10
1.7200e+04,4.2567e-10
1.7400e+04,4.0929e-10
1.7600e+04,3.9514e-10
1.7800e+04,3.7879e-10
1.8000e+04,3.6468e-10
1.8200e+04,3.5297e-10
1.8400e+04,3.4122e-10
1.8600e+04,3.2729e-10
1.8800e+04,3.1559e-10
1.9000e+04,3.0618e-10
1.9200e+04,2.9447e-10
1.9400e+04,2.8510e-10
1.9600e+04,2.7574e-10
1.9800e+04,2.6637e-10
2.0000e+04,2.5705e-10
2.0200e+04,2.5000e-10
2.0400e+04,2.4068e-10
2.0600e+04,2.3247e-10
2.0800e+04,2.2429e-10
2.1000e+04,2.1497e-10
2.1200e+04,2.0792e-10
2.1400e+04,2.0095e-10
2.1600e+04,1.9281e-10
2.1800e+04,1.8584e-10
2.2000e+04,1.8113e-10
2.2200e+04,1.7531e-10
2.2400e+04,1.7015e-10
2.2600e+04,1.6434e-10
2.2800e+04,1.5897e-10
2.3000e+04,1.5429e-10
2.3200e+04,1.4960e-10
2.3400e+04,1.4495e-10
2.3600e+04,1.3986e-10
2.3800e+04,1.3473e-10
2.4000e+04,1.3097e-10
2.4200e+04,1.2725e-10
2.4400e+04,1.2350e-10
2.4600e+04,1.1974e-10
2.4800e+04,1.1692e-10
2.5000e+04,1.1385e-10
2.5200e+04,1.1037e-10
2.5400e+04,1.0733e-10
2.5600e+04,1.0451e-10
