# wavelength, f_lambda
2.2900e+02,0.0000e+00
2.3400e+02,0.0000e+00
2.4300e+02,0.0000e+00
2.5200e+02,0.0000e+00
2.5600e+02,0.0000e+00
2.6000e+02,0.0000e+00
2.6600e+02,0.0000e+00
2.7500e+02,0.0000e+00
2.8300e+02,0.0000e+00
2.9300e+02,0.0000e+00
3.0100e+02,0.0000e+00
3.0900e+02,0.0000e+00
3.2500e+02,0.0000e+00
3.4200e+02,0.0000e+00
3.5100e+02,0.0000e+00
3.5600e+02,0.0000e+00
3.6500e+02,0.0000e+00
3.7500e+02,0.0000e+00
3.8400e+02,0.0000e+00
4.0000e+02,0.0000e+00
4.1500e+02,0.0000e+00
4.2500e+02,0.0000e+00
4.4500e+02,0.0000e+00
4.7200e+02,0.0000e+00
4.9400e+02,0.0000e+00
5.0600e+02,0.0000e+00
5.1600e+02,0.0000e+00
5.4000e+02,0.0000e+00
5.6400e+02,0.0000e+00
5.8700e+02,0.0000e+00
6.1200e+02,0.0000e+00
6.4000e+02,0.0000e+00
6.7100e+02,0.0000e+00
7.0500e+02,0.0000e+00
7.3600e+02,0.0000e+00
7.7000e+02,0.0000e+00
8.1000e+02,0.0000e+00
8.5000e+02,0.0000e+00
8.9000e+02,0.0000e+00
9.2000e+02,3.1565e-21
9.4000e+02,1.0668e-20
9.6200e+02,2.2703e-20
9.8700e+02,5.0936e-20
1.0120e+03,1.0367e-19
1.0370e+03,1.9510e-19
1.0620e+03,3.7769e-19
1.0870e+03,7.0283e-19
1.1120e+03,1.1507e-17
1.1200e+03,1.4158e-17
1.1400e+03,2.0486e-17
1.1600e+03,3.2376e-17
1.1800e+03,4.6741e-17
1.2000e+03,6.5713e-17
1.2200e+03,9.7145e-17
1.2400e+03,1.4812e-16
1.2600e+03,2.1277e-16
1.2800e+03,2.9137e-16
1.3000e+03,4.0310e-16
1.3200e+03,5.3518e-16
1.3400e+03,6.9034e-16
1.3600e+03,8.9702e-16
1.3800e+03,1.1840e-15
1.4000e+03,1.5608e-15
1.4200e+03,2.0319e-15
1.4400e+03,2.6419e-15
1.4600e+03,3.4425e-15
1.4800e+03,4.3992e-15
1.5000e+03,5.7042e-15
1.5200e+03,4.6406e-14
1.5400e+03,8.3417e-14
1.5600e+03,8.6793e-14
1.5800e+03,1.1105e-13
1.6000e+03,1.4386e-13
1.6200e+03,1.7670e-13
1.6400e+03,2.0570e-13
1.6600e+03,2.2507e-13
1.6800e+03,2.8940e-12
1.7000e+03,4.4123e-12
1.7200e+03,5.5083e-12
1.7400e+03,7.2602e-12
1.7600e+03,7.1539e-12
1.7800e+03,9.9111e-12
1.8000e+03,9.3912e-12
1.8200e+03,7.6276e-12
1.8400e+03,7.9412e-12
1.8600e+03,1.0217e-11
1.8800e+03,1.1782e-11
1.9000e+03,1.3750e-11
1.9200e+03,1.6440e-11
1.9400e+03,1.4585e-11
1.9600e+03,1.4725e-11
1.9800e+03,2.0802e-11
2.0000e+03,2.1845e-11
2.0025e+03,2.3066e-11
2.0050e+03,2.8629e-11
2.0075e+03,3.0577e-11
2.0100e+03,3.1595e-11
2.0125e+03,3.1847e-11
2.0150e+03,3.1974e-11
2.0175e+03,3.1446e-11
2.0200e+03,3.1261e-11
2.0225e+03,3.1344e-11
2.0250e+03,3.1334e-11
2.0275e+03,3.1320e-11
2.0300e+03,3.2647e-11
2.0325e+03,3.4696e-11
2.0350e+03,3.8133e-11
2.0375e+03,4.0365e-11
2.0400e+03,4.1800e-11
2.0425e+03,4.2772e-11
2.0450e+03,4.3314e-11
2.0475e+03,4.4156e-11
2.0500e+03,4.4800e-11
2.0525e+03,4.4986e-11
2.0550e+03,4.5004e-11
2.0575e+03,4.4501e-11
2.0600e+03,4.5193e-11
2.0625e+03,4.6613e-11
2.0650e+03,4.9297e-11
2.0675e+03,5.1977e-11
2.0700e+03,5.3146e-11
2.0725e+03,5.4654e-11
2.0750e+03,5.6879e-11
2.0775e+03,5.9795e-11
2.0800e+03,6.3029e-11
2.0825e+03,6.7173e-11
2.0850e+03,7.1921e-11
2.0875e+03,7.1601e-11
2.0900e+03,7.2056e-11
2.0925e+03,7.3673e-11
2.0950e+03,7.4863e-11
2.0975e+03,7.5151e-11
2.1000e+03,7.5442e-11
2.1025e+03,7.4281e-11
2.1050e+03,8.1848e-11
2.1075e+03,7.9117e-11
2.1100e+03,7.7303e-11
2.1125e+03,8.3348e-11
2.1150e+03,9.2189e-11
2.1175e+03,1.0495e-10
2.1200e+03,1.0293e-10
2.1225e+03,8.1647e-11
2.1250e+03,7.4397e-11
2.1275e+03,8.5434e-11
2.1300e+03,8.8315e-11
2.1325e+03,8.5697e-11
2.1350e+03,8.7386e-11
2.1375e+03,9.1778e-11
2.1400e+03,1.0231e-10
2.1425e+03,1.1828e-10
2.1450e+03,1.1972e-10
2.1475e+03,1.0964e-10
2.1500e+03,1.0745e-10
2.1525e+03,1.1067e-10
2.1550e+03,1.0571e-10
2.1575e+03,9.1643e-11
2.1600e+03,9.3886e-11
2.1625e+03,1.0371e-10
2.1650e+03,9.3762e-11
2.1675e+03,8.4018e-11
2.1700e+03,9.0558e-11
2.1725e+03,9.4920e-11
2.1750e+03,9.1723e-11
2.1775e+03,1.0369e-10
2.1800e+03,1.2964e-10
2.1825e+03,1.3684e-10
2.1850e+03,1.2123e-10
2.1875e+03,1.0894e-10
2.1900e+03,1.1643e-10
2.1925e+03,1.3096e-10
2.1950e+03,1.3310e-10
2.1975e+03,1.3109e-10
2.2000e+03,1.3507e-10
2.2025e+03,1.4574e-10
2.2050e+03,1.4063e-10
2.2075e+03,1.1160e-10
2.2100e+03,9.5270e-11
2.2125e+03,1.0324e-10
2.2150e+03,1.0615e-10
2.2175e+03,1.0805e-10
2.2200e+03,1.2783e-10
2.2225e+03,1.3967e-10
2.2250e+03,1.3459e-10
2.2275e+03,1.3331e-10
2.2300e+03,1.4640e-10
2.2325e+03,1.7598e-10
2.2350e+03,1.9160e-10
2.2375e+03,1.7685e-10
2.2400e+03,1.5991e-10
2.2425e+03,1.4774e-10
2.2450e+03,1.5178e-10
2.2475e+03,1.6276e-10
2.2500e+03,1.5497e-10
2.2525e+03,1.4359e-10
2.2550e+03,1.3793e-10
2.2575e+03,1.3442e-10
2.2600e+03,1.2965e-10
2.2625e+03,1.1910e-10
2.2650e+03,1.0343e-10
2.2675e+03,9.1246e-11
2.2700e+03,8.8482e-11
2.2725e+03,9.4236e-11
2.2750e+03,1.0356e-10
2.2775e+03,1.1554e-10
2.2800e+03,1.3435e-10
2.2825e+03,1.4767e-10
2.2850e+03,1.4304e-10
2.2875e+03,1.3043e-10
2.2900e+03,1.2475e-10
2.2925e+03,1.2973e-10
2.2950e+03,1.3089e-10
2.2975e+03,1.1623e-10
2.3000e+03,1.0957e-10
2.3025e+03,1.2512e-10
2.3050e+03,1.5210e-10
2.3075e+03,1.5701e-10
2.3100e+03,1.2619e-10
2.3125e+03,1.1343e-10
2.3150e+03,1.3276e-10
2.3175e+03,1.3716e-10
2.3200e+03,1.3116e-10
2.3225e+03,1.4370e-10
2.3250e+03,1.4288e-10
2.3275e+03,1.3089e-10
2.3300e+03,1.2433e-10
2.3325e+03,1.1849e-10
2.3350e+03,1.1980e-10
2.3375e+03,1.1162e-10
2.3400e+03,1.0578e-10
2.3425e+03,9.8471e-11
2.3450e+03,8.8191e-11
2.3475e+03,9.8787e-11
2.3500e+03,1.2561e-10
2.3525e+03,1.4373e-10
2.3550e+03,1.4664e-10
2.3575e+03,1.3705e-10
2.3600e+03,1.2221e-10
2.3625e+03,1.2042e-10
2.3650e+03,1.1861e-10
2.3675e+03,1.2198e-10
2.3700e+03,1.3836e-10
2.3725e+03,1.3602e-10
2.3750e+03,1.2862e-10
2.3775e+03,1.2562e-10
2.3800e+03,1.0319e-10
2.3825e+03,9.1028e-11
2.3850e+03,1.0492e-10
2.3875e+03,1.1590e-10
2.3900e+03,1.2678e-10
2.3925e+03,1.2712e-10
2.3950e+03,1.0761e-10
2.3975e+03,1.0166e-10
2.4000e+03,1.1205e-10
2.4025e+03,1.1484e-10
2.4050e+03,9.5605e-11
2.4075e+03,1.0177e-10
2.4100e+03,1.0076e-10
2.4125e+03,1.0256e-10
2.4150e+03,1.2588e-10
2.4175e+03,1.5335e-10
2.4200e+03,1.7498e-10
2.4225e+03,1.7872e-10
2.4250e+03,1.7321e-10
2.4275e+03,1.8121e-10
2.4300e+03,1.7589e-10
2.4325e+03,1.6517e-10
2.4350e+03,1.5412e-10
2.4375e+03,1.5666e-10
2.4400e+03,1.6477e-10
2.4425e+03,1.6989e-10
2.4450e+03,1.5720e-10
2.4475e+03,1.3961e-10
2.4500e+03,1.2745e-10
2.4525e+03,1.2162e-10
2.4550e+03,1.2384e-10
2.4575e+03,1.2861e-10
2.4600e+03,1.2284e-10
2.4625e+03,1.1463e-10
2.4650e+03,1.2356e-10
2.4675e+03,1.3535e-10
2.4700e+03,1.3943e-10
2.4725e+03,1.3903e-10
2.4750e+03,1.4613e-10
2.4775e+03,1.3833e-10
2.4800e+03,1.2767e-10
2.4825e+03,1.1402e-10
2.4850e+03,1.1151e-10
2.4875e+03,1.0738e-10
2.4900e+03,9.4105e-11
2.4925e+03,1.2248e-10
2.4950e+03,1.5745e-10
2.4975e+03,1.6336e-10
2.5000e+03,1.5442e-10
2.5025e+03,1.5092e-10
2.5050e+03,1.3822e-10
2.5075e+03,1.3452e-10
2.5100e+03,1.4059e-10
2.5125e+03,1.2174e-10
2.5150e+03,1.0145e-10
2.5175e+03,1.0118e-10
2.5200e+03,1.1030e-10
2.5225e+03,1.0536e-10
2.5250e+03,1.0598e-10
2.5275e+03,1.0397e-10
2.5300e+03,1.1389e-10
2.5325e+03,1.3333e-10
2.5350e+03,1.3412e-10
2.5375e+03,1.3444e-10
2.5400e+03,1.3983e-10
2.5425e+03,1.4738e-10
2.5450e+03,1.5074e-10
2.5475e+03,1.4158e-10
2.5500e+03,1.5761e-10
2.5525e+03,1.9841e-10
2.5550e+03,2.0793e-10
2.5575e+03,2.1049e-10
2.5600e+03,2.2136e-10
2.5625e+03,2.0290e-10
2.5650e+03,2.2754e-10
2.5675e+03,2.8305e-10
2.5700e+03,3.1585e-10
2.5725e+03,3.1886e-10
2.5750e+03,2.5968e-10
2.5775e+03,2.7178e-10
2.5800e+03,3.6240e-10
2.5825e+03,3.4204e-10
2.5850e+03,2.4772e-10
2.5875e+03,2.7976e-10
2.5900e+03,3.4624e-10
2.5925e+03,2.8772e-10
2.5950e+03,2.5058e-10
2.5975e+03,1.9854e-10
2.6000e+03,1.8307e-10
2.6025e+03,2.4849e-10
2.6050e+03,2.2515e-10
2.6075e+03,1.9722e-10
2.6100e+03,2.0843e-10
2.6125e+03,1.8274e-10
2.6150e+03,2.1615e-10
2.6175e+03,2.5167e-10
2.6200e+03,2.7090e-10
2.6225e+03,2.8684e-10
2.6250e+03,2.7038e-10
2.6275e+03,2.3346e-10
2.6300e+03,2.0900e-10
2.6325e+03,2.4511e-10
2.6350e+03,3.6396e-10
2.6375e+03,5.0164e-10
2.6400e+03,5.9082e-10
2.6425e+03,6.3553e-10
2.6450e+03,6.4165e-10
2.6475e+03,5.3110e-10
2.6500e+03,4.7793e-10
2.6525e+03,5.5943e-10
2.6550e+03,6.4992e-10
2.6575e+03,6.4369e-10
2.6600e+03,5.9755e-10
2.6625e+03,5.4992e-10
2.6650e+03,5.5233e-10
2.6675e+03,5.6190e-10
2.6700e+03,5.6030e-10
2.6725e+03,5.6453e-10
2.6750e+03,6.2545e-10
2.6775e+03,5.7330e-10
2.6800e+03,5.5291e-10
2.6825e+03,5.6798e-10
2.6850e+03,5.7407e-10
2.6875e+03,5.4770e-10
2.6900e+03,5.1926e-10
2.6925e+03,5.4748e-10
2.6950e+03,5.1464e-10
2.6975e+03,5.3751e-10
2.7000e+03,6.2177e-10
2.7025e+03,6.5290e-10
2.7050e+03,6.5257e-10
2.7075e+03,6.0225e-10
2.7100e+03,5.7975e-10
2.7125e+03,5.7505e-10
2.7150e+03,5.2076e-10
2.7175e+03,4.2695e-10
2.7200e+03,3.5469e-10
2.7225e+03,4.0299e-10
2.7250e+03,4.4086e-10
2.7275e+03,5.2174e-10
2.7300e+03,5.8951e-10
2.7325e+03,5.1431e-10
2.7350e+03,4.2371e-10
2.7375e+03,3.5657e-10
2.7400e+03,3.1281e-10
2.7425e+03,2.9108e-10
2.7450e+03,2.9882e-10
2.7475e+03,2.8669e-10
2.7500e+03,3.2866e-10
2.7525e+03,4.0401e-10
2.7550e+03,3.7179e-10
2.7575e+03,4.7622e-10
2.7600e+03,5.5437e-10
2.7625e+03,5.3998e-10
2.7650e+03,5.8051e-10
2.7675e+03,5.5054e-10
2.7700e+03,5.4774e-10
2.7725e+03,5.8277e-10
2.7750e+03,5.4828e-10
2.7775e+03,4.5295e-10
2.7800e+03,3.8832e-10
2.7825e+03,3.7728e-10
2.7850e+03,3.7998e-10
2.7875e+03,3.3899e-10
2.7900e+03,2.6049e-10
2.7925e+03,2.0470e-10
2.7950e+03,1.8196e-10
2.7975e+03,1.7041e-10
2.8000e+03,1.7607e-10
2.8025e+03,1.8678e-10
2.8050e+03,2.1616e-10
2.8075e+03,2.9644e-10
2.8100e+03,3.6552e-10
2.8125e+03,4.2965e-10
2.8150e+03,5.0728e-10
2.8175e+03,5.5637e-10
2.8200e+03,6.0535e-10
2.8225e+03,6.4394e-10
2.8250e+03,6.6146e-10
2.8275e+03,6.6335e-10
2.8300e+03,7.2285e-10
2.8325e+03,7.3221e-10
2.8350e+03,6.8112e-10
2.8375e+03,6.8251e-10
2.8400e+03,7.0982e-10
2.8425e+03,6.3571e-10
2.8450e+03,5.5422e-10
2.8475e+03,4.1272e-10
2.8500e+03,2.4358e-10
2.8525e+03,2.0659e-10
2.8550e+03,3.1905e-10
2.8575e+03,4.9053e-10
2.8600e+03,6.6525e-10
2.8625e+03,7.4630e-10
2.8650e+03,7.7041e-10
2.8675e+03,7.2923e-10
2.8700e+03,7.7347e-10
2.8725e+03,8.5890e-10
2.8750e+03,7.8891e-10
2.8775e+03,6.9394e-10
2.8800e+03,4.9290e-10
2.8825e+03,5.2684e-10
2.8850e+03,7.9251e-10
2.8875e+03,8.7452e-10
2.8900e+03,8.7204e-10
2.8925e+03,9.0168e-10
2.8950e+03,1.0183e-09
2.8975e+03,1.1551e-09
2.9000e+03,1.2760e-09
2.9025e+03,1.3373e-09
2.9050e+03,1.3318e-09
2.9075e+03,1.2430e-09
2.9100e+03,1.2502e-09
2.9125e+03,1.2987e-09
2.9150e+03,1.2062e-09
2.9175e+03,1.1753e-09
2.9200e+03,1.1974e-09
2.9225e+03,1.1081e-09
2.9250e+03,1.0040e-09
2.9275e+03,1.0264e-09
2.9300e+03,1.2203e-09
2.9325e+03,1.3140e-09
2.9350e+03,1.1725e-09
2.9375e+03,9.9301e-10
2.9400e+03,1.0582e-09
2.9425e+03,1.1555e-09
2.9450e+03,1.1478e-09
2.9475e+03,9.8099e-10
2.9500e+03,1.0694e-09
2.9525e+03,1.1947e-09
2.9550e+03,1.1726e-09
2.9575e+03,1.2291e-09
2.9600e+03,1.2889e-09
2.9625e+03,1.2790e-09
2.9650e+03,1.0111e-09
2.9675e+03,8.3519e-10
2.9700e+03,8.9294e-10
2.9725e+03,9.7677e-10
2.9750e+03,1.1981e-09
2.9775e+03,1.3836e-09
2.9800e+03,1.1600e-09
2.9825e+03,8.2652e-10
2.9850e+03,7.3705e-10
2.9875e+03,9.6850e-10
2.9900e+03,1.2210e-09
2.9925e+03,1.1144e-09
2.9950e+03,9.9945e-10
2.9975e+03,1.0629e-09
3.0000e+03,7.4849e-10
3.0025e+03,7.8013e-10
3.0050e+03,9.3675e-10
3.0075e+03,8.7732e-10
3.0100e+03,9.9446e-10
3.0125e+03,1.1016e-09
3.0150e+03,1.0633e-09
3.0175e+03,8.3829e-10
3.0200e+03,6.5440e-10
3.0225e+03,8.8628e-10
3.0250e+03,1.0738e-09
3.0275e+03,1.2608e-09
3.0300e+03,1.3124e-09
3.0325e+03,1.4001e-09
3.0350e+03,1.3822e-09
3.0375e+03,1.1560e-09
3.0400e+03,1.1259e-09
3.0425e+03,1.2197e-09
3.0450e+03,1.3069e-09
3.0475e+03,1.1801e-09
3.0500e+03,1.3535e-09
3.0525e+03,1.4099e-09
3.0550e+03,1.1709e-09
3.0575e+03,9.1953e-10
3.0600e+03,1.0541e-09
3.0625e+03,1.2053e-09
3.0650e+03,1.0622e-09
3.0675e+03,1.1342e-09
3.0700e+03,1.2958e-09
3.0725e+03,1.2452e-09
3.0750e+03,1.2181e-09
3.0775e+03,1.2523e-09
3.0800e+03,1.2010e-09
3.0825e+03,1.1949e-09
3.0850e+03,1.3216e-09
3.0875e+03,1.1999e-09
3.0900e+03,1.0206e-09
3.0925e+03,8.8803e-10
3.0950e+03,9.5252e-10
3.0975e+03,9.1541e-10
3.1000e+03,9.1049e-10
3.1025e+03,1.0032e-09
3.1050e+03,1.0968e-09
3.1075e+03,1.1918e-09
3.1100e+03,1.2859e-09
3.1125e+03,1.3610e-09
3.1150e+03,1.3606e-09
3.1175e+03,1.3309e-09
3.1200e+03,1.2815e-09
3.1225e+03,1.2644e-09
3.1250e+03,1.2620e-09
3.1275e+03,1.2817e-09
3.1300e+03,1.2996e-09
3.1325e+03,1.3141e-09
3.1350e+03,1.3171e-09
3.1375e+03,1.3216e-09
3.1400e+03,1.3272e-09
3.1425e+03,1.3068e-09
3.1450e+03,1.3045e-09
3.1475e+03,1.3294e-09
3.1500e+03,1.3420e-09
3.1525e+03,1.3481e-09
3.1550e+03,1.3400e-09
3.1575e+03,1.2819e-09
3.1600e+03,1.1906e-09
3.1625e+03,1.1698e-09
3.1650e+03,1.1888e-09
3.1675e+03,1.2675e-09
3.1700e+03,1.3845e-09
3.1725e+03,1.4903e-09
3.1750e+03,1.5129e-09
3.1775e+03,1.4728e-09
3.1800e+03,1.3908e-09
3.1825e+03,1.3247e-09
3.1850e+03,1.2972e-09
3.1875e+03,1.3277e-09
3.1900e+03,1.3637e-09
3.1925e+03,1.3972e-09
3.1950e+03,1.4146e-09
3.1975e+03,1.4158e-09
3.2000e+03,1.4062e-09
3.2025e+03,1.3955e-09
3.2050e+03,1.3849e-09
3.2075e+03,1.3742e-09
3.2100e+03,1.3635e-09
3.2125e+03,1.3529e-09
3.2150e+03,1.3422e-09
3.2175e+03,1.3315e-09
3.2200e+03,1.3209e-09
3.2225e+03,1.3572e-09
3.2250e+03,1.3935e-09
3.2275e+03,1.4299e-09
3.2300e+03,1.4662e-09
3.2325e+03,1.5025e-09
3.2350e+03,1.5388e-09
3.2375e+03,1.5752e-09
3.2400e+03,1.6115e-09
3.2600e+03,1.6622e-09
3.2700e+03,1.7583e-09
3.2800e+03,1.5918e-09
3.2900e+03,1.7237e-09
3.3000e+03,1.8774e-09
3.3100e+03,1.7442e-09
3.3200e+03,1.7068e-09
3.3300e+03,1.6716e-09
3.3400e+03,1.6953e-09
3.3500e+03,1.8247e-09
3.3600e+03,1.6771e-09
3.3700e+03,1.4428e-09
3.3800e+03,1.6235e-09
3.3900e+03,1.7070e-09
3.4000e+03,1.7971e-09
3.4100e+03,1.7686e-09
3.4200e+03,1.7187e-09
3.4300e+03,1.7978e-09
3.4400e+03,1.4872e-09
3.4500e+03,1.5564e-09
3.4600e+03,1.6920e-09
3.4700e+03,1.6228e-09
3.4800e+03,1.6335e-09
3.4900e+03,1.5454e-09
3.5000e+03,1.7184e-09
3.5100e+03,1.8572e-09
3.5200e+03,1.7318e-09
3.5300e+03,1.7947e-09
3.5400e+03,1.9861e-09
3.5500e+03,1.9775e-09
3.5600e+03,1.7976e-09
3.5700e+03,1.6543e-09
3.5800e+03,1.3792e-09
3.5900e+03,1.5195e-09
3.6000e+03,1.8932e-09
3.6100e+03,1.7939e-09
3.6200e+03,1.7805e-09
3.6300e+03,1.8227e-09
3.6400e+03,1.8667e-09
3.6500e+03,2.0071e-09
3.6600e+03,2.2169e-09
3.6700e+03,2.2310e-09
3.6800e+03,2.0740e-09
3.6900e+03,2.1056e-09
3.7000e+03,2.1515e-09
3.7100e+03,2.2008e-09
3.7200e+03,2.0240e-09
3.7300e+03,1.7072e-09
3.7400e+03,1.6973e-09
3.7500e+03,1.9078e-09
3.7600e+03,1.9328e-09
3.7700e+03,2.0358e-09
3.7800e+03,2.3577e-09
3.7900e+03,2.1702e-09
3.8000e+03,1.9717e-09
3.8100e+03,2.0085e-09
3.8200e+03,1.6715e-09
3.8300e+03,1.2983e-09
3.8400e+03,1.3790e-09
3.8500e+03,1.5311e-09
3.8600e+03,1.5423e-09
3.8700e+03,1.5616e-09
3.8800e+03,1.5763e-09
3.8900e+03,1.8721e-09
3.9000e+03,2.1503e-09
3.9100e+03,2.4048e-09
3.9200e+03,2.2805e-09
3.9300e+03,1.5215e-09
3.9400e+03,1.4534e-09
3.9500e+03,2.2531e-09
3.9600e+03,2.1911e-09
3.9700e+03,1.6581e-09
3.9800e+03,2.4511e-09
3.9900e+03,3.1966e-09
4.0000e+03,3.3915e-09
4.0100e+03,3.4583e-09
4.0200e+03,3.5673e-09
4.0300e+03,3.4444e-09
4.0400e+03,3.2706e-09
4.0500e+03,3.3069e-09
4.0600e+03,3.2753e-09
4.0700e+03,3.2133e-09
4.0800e+03,3.3552e-09
4.0900e+03,3.5405e-09
4.1000e+03,3.3416e-09
4.1100e+03,3.4226e-09
4.1200e+03,3.6938e-09
4.1300e+03,3.5350e-09
4.1400e+03,3.4658e-09
4.1500e+03,3.3877e-09
4.1600e+03,3.4364e-09
4.1700e+03,3.3831e-09
4.1800e+03,3.2458e-09
4.1900e+03,3.3082e-09
4.2000e+03,3.3763e-09
4.2100e+03,3.4100e-09
4.2200e+03,3.3815e-09
4.2300e+03,3.3286e-09
4.2400e+03,3.4484e-09
4.2500e+03,3.4768e-09
4.2600e+03,3.4192e-09
4.2700e+03,3.2895e-09
4.2800e+03,3.1603e-09
4.2900e+03,3.1055e-09
4.3000e+03,2.5889e-09
4.3100e+03,2.6191e-09
4.3200e+03,3.1806e-09
4.3300e+03,3.5653e-09
4.3400e+03,3.5196e-09
4.3500e+03,3.4417e-09
4.3600e+03,3.7222e-09
4.3700e+03,3.7255e-09
4.3800e+03,3.3412e-09
4.3900e+03,3.2986e-09
4.4000e+03,3.3708e-09
4.4100e+03,3.5409e-09
4.4200e+03,3.7710e-09
4.4300e+03,3.7601e-09
4.4400e+03,3.7703e-09
4.4500e+03,3.7543e-09
4.4600e+03,3.6836e-09
4.4700e+03,3.8602e-09
4.4800e+03,3.9961e-09
4.4900e+03,3.9480e-09
4.5000e+03,4.0736e-09
4.5100e+03,4.2393e-09
4.5200e+03,4.0707e-09
4.5300e+03,3.8974e-09
4.5400e+03,3.9189e-09
4.5500e+03,3.9928e-09
4.5600e+03,3.9968e-09
4.5700e+03,4.1727e-09
4.5800e+03,4.0634e-09
4.5900e+03,3.9280e-09
4.6000e+03,4.0168e-09
4.6100e+03,4.1188e-09
4.6200e+03,4.2054e-09
4.6300e+03,4.1887e-09
4.6400e+03,4.0394e-09
4.6500e+03,3.9331e-09
4.6600e+03,3.9167e-09
4.6700e+03,3.9050e-09
4.6800e+03,3.9808e-09
4.6900e+03,3.9520e-09
4.7000e+03,3.8952e-09
4.7100e+03,3.8726e-09
4.7200e+03,4.1399e-09
4.7300e+03,4.1111e-09
4.7400e+03,4.1596e-09
4.7500e+03,4.2280e-09
4.7600e+03,4.0907e-09
4.7700e+03,4.1825e-09
4.7800e+03,4.3198e-09
4.7900e+03,4.3085e-09
4.8000e+03,4.3358e-09
4.8100e+03,4.3147e-09
4.8200e+03,4.3689e-09
4.8300e+03,4.2826e-09
4.8400e+03,4.2069e-09
4.8500e+03,4.0729e-09
4.8600e+03,3.6927e-09
4.8700e+03,3.6811e-09
4.8800e+03,4.0281e-09
4.8900e+03,4.0805e-09
4.9000e+03,4.1388e-09
4.9100e+03,4.0798e-09
4.9200e+03,3.8249e-09
4.9300e+03,3.8486e-09
4.9400e+03,3.9841e-09
4.9500e+03,4.0066e-09
4.9600e+03,4.0430e-09
4.9700e+03,4.0966e-09
4.9800e+03,3.9258e-09
4.9900e+03,3.8734e-09
5.0000e+03,3.8180e-09
5.0100e+03,3.6705e-09
5.0200e+03,3.6938e-09
5.0300e+03,3.7852e-09
5.0400e+03,3.7914e-09
5.0500e+03,3.6964e-09
5.0600e+03,3.8176e-09
5.0700e+03,3.8264e-09
5.0800e+03,3.7306e-09
5.0900e+03,3.7761e-09
5.1000e+03,3.7852e-09
5.1100e+03,3.7805e-09
5.1200e+03,3.7783e-09
5.1300e+03,3.6986e-09
5.1400e+03,3.6258e-09
5.1500e+03,3.6109e-09
5.1600e+03,3.5489e-09
5.1700e+03,3.3219e-09
5.1800e+03,3.3132e-09
5.1900e+03,3.4977e-09
5.2000e+03,3.6472e-09
5.2100e+03,3.7150e-09
5.2200e+03,3.6902e-09
5.2300e+03,3.6335e-09
5.2400e+03,3.7714e-09
5.2500e+03,3.8034e-09
5.2600e+03,3.5822e-09
5.2700e+03,3.4257e-09
5.2800e+03,3.5868e-09
5.2900e+03,3.8573e-09
5.3000e+03,3.8253e-09
5.3100e+03,3.8511e-09
5.3200e+03,3.8085e-09
5.3300e+03,3.6829e-09
5.3400e+03,3.6509e-09
5.3500e+03,3.7357e-09
5.3600e+03,3.7852e-09
5.3700e+03,3.7838e-09
5.3800e+03,3.7437e-09
5.3900e+03,3.7426e-09
5.4000e+03,3.6065e-09
5.4100e+03,3.5468e-09
5.4200e+03,3.7612e-09
5.4300e+03,3.8034e-09
5.4400e+03,3.8752e-09
5.4500e+03,3.8835e-09
5.4600e+03,3.8136e-09
5.4700e+03,3.8402e-09
5.4800e+03,3.7455e-09
5.4900e+03,3.7026e-09
5.5000e+03,3.7947e-09
5.5100e+03,3.7590e-09
5.5200e+03,3.7743e-09
5.5300e+03,3.7863e-09
5.5400e+03,3.7543e-09
5.5500e+03,3.8235e-09
5.5600e+03,3.7918e-09
5.5700e+03,3.7215e-09
5.5800e+03,3.7470e-09
5.5900e+03,3.6876e-09
5.6000e+03,3.6148e-09
5.6100e+03,3.7772e-09
5.6200e+03,3.6414e-09
5.6300e+03,3.6665e-09
5.6400e+03,3.6501e-09
5.6500e+03,3.6964e-09
5.6600e+03,3.5935e-09
5.6700e+03,3.6392e-09
5.6800e+03,3.6197e-09
5.6900e+03,3.7193e-09
5.7000e+03,3.5876e-09
5.7100e+03,3.6357e-09
5.7200e+03,3.5926e-09
5.7300e+03,3.7951e-09
5.7400e+03,3.5444e-09
5.7600e+03,3.4632e-09
5.7800e+03,3.2548e-09
5.8000e+03,3.2314e-09
5.8200e+03,3.4280e-09
5.8400e+03,3.5307e-09
5.8600e+03,3.4841e-09
5.8800e+03,3.4064e-09
5.9000e+03,3.3959e-09
5.9200e+03,3.3920e-09
5.9400e+03,3.5001e-09
5.9600e+03,3.5078e-09
5.9800e+03,3.4752e-09
6.0000e+03,3.4827e-09
6.0200e+03,3.4017e-09
6.0400e+03,3.4852e-09
6.0600e+03,3.5042e-09
6.0800e+03,3.4812e-09
6.1000e+03,3.4434e-09
6.1200e+03,3.4151e-09
6.1400e+03,3.3170e-09
6.1600e+03,3.2054e-09
6.1800e+03,3.2568e-09
6.2000e+03,3.3304e-09
6.2200e+03,3.3291e-09
6.2400e+03,3.2682e-09
6.2600e+03,3.2783e-09
6.2800e+03,3.2938e-09
6.3000e+03,3.2951e-09
6.3200e+03,3.2576e-09
6.3400e+03,3.2097e-09
6.3600e+03,3.2387e-09
6.3800e+03,3.2535e-09
6.4000e+03,3.2199e-09
6.4200e+03,3.2025e-09
6.4400e+03,3.2172e-09
6.4600e+03,3.1787e-09
6.4800e+03,3.1513e-09
6.5000e+03,3.1162e-09
6.5200e+03,3.1153e-09
6.5400e+03,3.1530e-09
6.5600e+03,2.9904e-09
6.5800e+03,2.9748e-09
6.6000e+03,3.1516e-09
6.6200e+03,3.1478e-09
6.6400e+03,3.1289e-09
6.6600e+03,3.0926e-09
6.6800e+03,3.1187e-09
6.7000e+03,3.0901e-09
6.7200e+03,3.0645e-09
6.7400e+03,3.0391e-09
6.7600e+03,3.0188e-09
6.7800e+03,3.0490e-09
6.8000e+03,3.0214e-09
6.8200e+03,3.0274e-09
6.8400e+03,3.0947e-09
6.8600e+03,2.9806e-09
6.8800e+03,2.8585e-09
6.9000e+03,2.8443e-09
6.9200e+03,2.8899e-09
6.9400e+03,2.9214e-09
6.9600e+03,2.9341e-09
6.9800e+03,2.8653e-09
7.0000e+03,2.8265e-09
7.0200e+03,2.8283e-09
7.0400e+03,2.8546e-09
7.0600e+03,2.8363e-09
7.0800e+03,2.8377e-09
7.1000e+03,2.8241e-09
7.1200e+03,2.7951e-09
7.1400e+03,2.7774e-09
7.1600e+03,2.8844e-09
7.1800e+03,2.8855e-09
7.2000e+03,2.6887e-09
7.2200e+03,2.6654e-09
7.2400e+03,2.6864e-09
7.2600e+03,2.6780e-09
7.2800e+03,2.6487e-09
7.3000e+03,2.6301e-09
7.3200e+03,2.6300e-09
7.3400e+03,2.6096e-09
7.3600e+03,2.6342e-09
7.3800e+03,2.6179e-09
7.4000e+03,2.6158e-09
7.4200e+03,2.5776e-09
7.4400e+03,2.6056e-09
7.4600e+03,2.6037e-09
7.4800e+03,2.5562e-09
7.5000e+03,2.5525e-09
7.5200e+03,2.5153e-09
7.5400e+03,2.4768e-09
7.5600e+03,2.4330e-09
7.5800e+03,2.6753e-09
7.6000e+03,2.4284e-09
7.6200e+03,2.2353e-09
7.6400e+03,2.3954e-09
7.6600e+03,2.3474e-09
7.6800e+03,2.2548e-09
7.7000e+03,2.4402e-09
7.7200e+03,2.4719e-09
7.7400e+03,2.4296e-09
7.7600e+03,2.4574e-09
7.7800e+03,2.4740e-09
7.8000e+03,2.4432e-09
7.8200e+03,2.4181e-09
7.8400e+03,2.4166e-09
7.8600e+03,2.4239e-09
7.8800e+03,2.3974e-09
7.9000e+03,2.3464e-09
7.9200e+03,2.3046e-09
7.9400e+03,2.2738e-09
7.9600e+03,2.2868e-09
7.9800e+03,2.3065e-09
8.0000e+03,2.2743e-09
8.0200e+03,2.2972e-09
8.0400e+03,2.2791e-09
8.0600e+03,2.2441e-09
8.0800e+03,2.2666e-09
8.1000e+03,2.2303e-09
8.1200e+03,2.2778e-09
8.1400e+03,2.3332e-09
8.1600e+03,2.2539e-09
8.1800e+03,2.1918e-09
8.2000e+03,2.2320e-09
8.2200e+03,2.1935e-09
8.2400e+03,2.2671e-09
8.2600e+03,2.2691e-09
8.2800e+03,2.2035e-09
8.3000e+03,2.1706e-09
8.3200e+03,2.0804e-09
8.3400e+03,2.1053e-09
8.3600e+03,2.0984e-09
8.3800e+03,2.1607e-09
8.4000e+03,2.1707e-09
8.4200e+03,2.2242e-09
8.4400e+03,2.1393e-09
8.4600e+03,2.1231e-09
8.4800e+03,2.1345e-09
8.5000e+03,2.0787e-09
8.5200e+03,2.0401e-09
8.5400e+03,1.9883e-09
8.5600e+03,1.9850e-09
8.5800e+03,2.0791e-09
8.6000e+03,2.0054e-09
8.6200e+03,2.0955e-09
8.6400e+03,2.0754e-09
8.6600e+03,1.9130e-09
8.6800e+03,1.9026e-09
8.7000e+03,2.0425e-09
8.7200e+03,2.0636e-09
8.7400e+03,2.0542e-09
8.7600e+03,1.9357e-09
8.7800e+03,1.9684e-09
8.8000e+03,1.9123e-09
8.8200e+03,1.9959e-09
8.8400e+03,1.9318e-09
8.8600e+03,1.9371e-09
8.8800e+03,1.8977e-09
8.9000e+03,1.8892e-09
8.9200e+03,1.9000e-09
8.9400e+03,1.9384e-09
8.9600e+03,1.9477e-09
8.9800e+03,1.9131e-09
9.0000e+03,1.9032e-09
9.0200e+03,1.8039e-09
9.0400e+03,1.8729e-09
9.0600e+03,1.9035e-09
9.0800e+03,1.7588e-09
9.1000e+03,1.7883e-09
9.1200e+03,1.7341e-09
9.1400e+03,1.8163e-09
9.1600e+03,1.7190e-09
9.1800e+03,1.7795e-09
9.2000e+03,1.8031e-09
9.2200e+03,1.7654e-09
9.2400e+03,1.7733e-09
9.2600e+03,1.7361e-09
9.2800e+03,1.8797e-09
9.3000e+03,1.7544e-09
9.3200e+03,1.9004e-09
9.3400e+03,1.9846e-09
9.3600e+03,1.7293e-09
9.3800e+03,1.6719e-09
9.4000e+03,1.8695e-09
9.4200e+03,1.7608e-09
9.4400e+03,1.6222e-09
9.4600e+03,1.7399e-09
9.4800e+03,1.7853e-09
9.5000e+03,1.6947e-09
9.5200e+03,1.7873e-09
9.5400e+03,1.7289e-09
9.5600e+03,1.6807e-09
9.5800e+03,1.6845e-09
9.6000e+03,1.6249e-09
9.6200e+03,1.6479e-09
9.6400e+03,1.5663e-09
9.6600e+03,1.6142e-09
9.6800e+03,1.5640e-09
9.7000e+03,1.5552e-09
9.7200e+03,1.6201e-09
9.7400e+03,1.5634e-09
9.7600e+03,1.5593e-09
9.7800e+03,1.5482e-09
9.8000e+03,1.5512e-09
9.8200e+03,1.5780e-09
9.8400e+03,1.5294e-09
9.8600e+03,1.5267e-09
9.8800e+03,1.5544e-09
9.9000e+03,1.5616e-09
9.9200e+03,1.5374e-09
9.9400e+03,1.5134e-09
9.9600e+03,1.5540e-09
9.9800e+03,1.4968e-09
1.0000e+04,1.5691e-09
1.0020e+04,1.5355e-09
1.0040e+04,1.4965e-09
1.0060e+04,1.4491e-09
1.0080e+04,1.5009e-09
1.0100e+04,1.4648e-09
1.0120e+04,1.4891e-09
1.0140e+04,1.4607e-09
1.0160e+04,1.4518e-09
1.0180e+04,1.4205e-09
1.0200e+04,1.4468e-09
1.0220e+04,1.4126e-09
1.0240e+04,1.4187e-09
1.0260e+04,1.4466e-09
1.0280e+04,1.4066e-09
1.0300e+04,1.4313e-09
1.0320e+04,1.4102e-09
1.0340e+04,1.3820e-09
1.0360e+04,1.3993e-09
1.0380e+04,1.4267e-09
1.0400e+04,1.3998e-09
1.0420e+04,1.4066e-09
1.0440e+04,1.4144e-09
1.0460e+04,1.3747e-09
1.0480e+04,1.3826e-09
1.0500e+04,1.3602e-09
1.0520e+04,1.3003e-09
1.0540e+04,1.3013e-09
1.0560e+04,1.3399e-09
1.0580e+04,1.3013e-09
1.0600e+04,1.3255e-09
1.0800e+04,1.2669e-09
1.1000e+04,1.2103e-09
1.1200e+04,1.1557e-09
1.1400e+04,1.1038e-09
1.1600e+04,1.0544e-09
1.1800e+04,1.0079e-09
1.2000e+04,9.6428e-10
1.2200e+04,9.2368e-10
1.2400e+04,8.8610e-10
1.2600e+04,8.5088e-10
1.2800e+04,8.1986e-10
1.3000e+04,7.8705e-10
1.3200e+04,7.6018e-10
1.3400e+04,7.3414e-10
1.3600e+04,7.0690e-10
1.3800e+04,6.7916e-10
1.4000e+04,6.5348e-10
1.4200e+04,6.3160e-10
1.4400e+04,6.1059e-10
1.4600e+04,5.8958e-10
1.4800e+04,5.6769e-10
1.5000e+04,5.4752e-10
1.5200e+04,5.2818e-10
1.5400e+04,5.0972e-10
1.5600e+04,4.9294e-10
1.5800e+04,4.7739e-10
1.6000e+04,4.6512e-10
1.6200e+04,4.5499e-10
1.6400e+04,4.3984e-10
1.6600e+04,4.2054e-10
1.6800e+04,4.0627e-10
1.7000e+04,3.9025e-10
1.7200e+04,3.7343e-10
1.7400e+04,3.5873e-10
1.7600e+04,3.4404e-10
1.7800e+04,3.3015e-10
1.8000e+04,3.1713e-10
1.8200e+04,3.0661e-10
1.8400e+04,2.9569e-10
1.8600e+04,2.8474e-10
1.8800e+04,2.7464e-10
1.9000e+04,2.6540e-10
1.9200e+04,2.5489e-10
1.9400e+04,2.4648e-10
1.9600e+04,2.3807e-10
1.9800e+04,2.2967e-10
2.0000e+04,2.2209e-10
2.0200e+04,2.1537e-10
2.0400e+04,2.0779e-10
2.0600e+04,2.0023e-10
2.0800e+04,1.9307e-10
2.1000e+04,1.8550e-10
2.1200e+04,1.7877e-10
2.1400e+04,1.7330e-10
2.1600e+04,1.6698e-10
2.1800e+04,1.6151e-10
2.2000e+04,1.5689e-10
2.2200e+04,1.5225e-10
2.2400e+04,1.4747e-10
2.2600e+04,1.4283e-10
2.2800e+04,1.3837e-10
2.3000e+04,1.3417e-10
2.3200e+04,1.2997e-10
2.3400e+04,1.2617e-10
2.3600e+04,1.2263e-10
2.3800e+04,1.1826e-10
2.4000e+04,1.1481e-10
2.4200e+04,1.1178e-10
2.4400e+04,1.0833e-10
2.4600e+04,1.0489e-10
2.4800e+04,1.0220e-10
2.5000e+04,9.9006e-11
2.5200e+04,9.6475e-11
2.5400e+04,9.3704e-11
2.5600e+04,9.1013e-11
