# wavelength, f_lambda
2.2900e+02,0.0000e+00
2.3400e+02,0.0000e+00
2.4300e+02,0.0000e+00
2.5200e+02,0.0000e+00
2.5600e+02,0.0000e+00
2.6000e+02,0.0000e+00
2.6600e+02,0.0000e+00
2.7500e+02,0.0000e+00
2.8300e+02,0.0000e+00
2.9300e+02,0.0000e+00
3.0100e+02,0.0000e+00
3.0900e+02,0.0000e+00
3.2500e+02,0.0000e+00
3.4200e+02,0.0000e+00
3.5100e+02,0.0000e+00
3.5600e+02,0.0000e+00
3.6500e+02,0.0000e+00
3.7500e+02,0.0000e+00
3.8400e+02,0.0000e+00
4.0000e+02,0.0000e+00
4.1500e+02,0.0000e+00
4.2500e+02,0.0000e+00
4.4500e+02,0.0000e+00
4.7200e+02,0.0000e+00
4.9400e+02,0.0000e+00
5.0600e+02,0.0000e+00
5.1600e+02,0.0000e+00
5.4000e+02,0.0000e+00
5.6400e+02,0.0000e+00
5.8700e+02,0.0000e+00
6.1200e+02,0.0000e+00
6.4000e+02,0.0000e+00
6.7100e+02,0.0000e+00
7.0500e+02,0.0000e+00
7.3600e+02,0.0000e+00
7.7000e+02,0.0000e+00
8.1000e+02,0.0000e+00
8.5000e+02,0.0000e+00
8.9000e+02,0.0000e+00
9.2000e+02,2.7728e-21
9.4000e+02,9.3708e-21
9.6200e+02,1.9943e-20
9.8700e+02,4.4742e-20
1.0120e+03,9.1068e-20
1.0370e+03,1.7138e-19
1.0620e+03,3.3176e-19
1.0870e+03,6.1737e-19
1.1120e+03,1.0108e-17
1.1200e+03,1.2437e-17
1.1400e+03,1.7995e-17
1.1600e+03,2.8441e-17
1.1800e+03,4.1060e-17
1.2000e+03,5.7726e-17
1.2200e+03,8.5337e-17
1.2400e+03,1.3011e-16
1.2600e+03,1.8690e-16
1.2800e+03,2.5595e-16
1.3000e+03,3.5409e-16
1.3200e+03,4.7012e-16
1.3400e+03,6.0641e-16
1.3600e+03,7.8795e-16
1.3800e+03,1.0401e-15
1.4000e+03,1.3710e-15
1.4200e+03,1.7849e-15
1.4400e+03,2.3208e-15
1.4600e+03,3.0241e-15
1.4800e+03,3.8644e-15
1.5000e+03,5.0106e-15
1.5200e+03,4.0763e-14
1.5400e+03,7.3277e-14
1.5600e+03,7.6243e-14
1.5800e+03,9.7547e-14
1.6000e+03,1.2637e-13
1.6200e+03,1.5521e-13
1.6400e+03,1.8069e-13
1.6600e+03,1.9771e-13
1.6800e+03,2.5421e-12
1.7000e+03,3.8758e-12
1.7200e+03,4.8387e-12
1.7400e+03,6.3776e-12
1.7600e+03,6.2841e-12
1.7800e+03,8.7060e-12
1.8000e+03,8.2495e-12
1.8200e+03,6.7003e-12
1.8400e+03,6.9760e-12
1.8600e+03,8.9751e-12
1.8800e+03,1.0349e-11
1.9000e+03,1.2078e-11
1.9200e+03,1.4441e-11
1.9400e+03,1.2812e-11
1.9600e+03,1.2935e-11
1.9800e+03,1.8273e-11
2.0000e+03,1.9189e-11
2.0025e+03,2.0262e-11
2.0050e+03,2.5148e-11
2.0075e+03,2.6860e-11
2.0100e+03,2.7754e-11
2.0125e+03,2.7975e-11
2.0150e+03,2.8086e-11
2.0175e+03,2.7623e-11
2.0200e+03,2.7460e-11
2.0225e+03,2.7533e-11
2.0250e+03,2.7525e-11
2.0275e+03,2.7512e-11
2.0300e+03,2.8678e-11
2.0325e+03,3.0478e-11
2.0350e+03,3.3496e-11
2.0375e+03,3.5459e-11
2.0400e+03,3.6719e-11
2.0425e+03,3.7573e-11
2.0450e+03,3.8050e-11
2.0475e+03,3.8787e-11
2.0500e+03,3.9355e-11
2.0525e+03,3.9517e-11
2.0550e+03,3.9531e-11
2.0575e+03,3.9091e-11
2.0600e+03,3.9700e-11
2.0625e+03,4.0947e-11
2.0650e+03,4.3304e-11
2.0675e+03,4.5659e-11
2.0700e+03,4.6685e-11
2.0725e+03,4.8009e-11
2.0750e+03,4.9963e-11
2.0775e+03,5.2523e-11
2.0800e+03,5.5368e-11
2.0825e+03,5.9006e-11
2.0850e+03,6.3178e-11
2.0875e+03,6.2896e-11
2.0900e+03,6.3296e-11
2.0925e+03,6.4715e-11
2.0950e+03,6.5763e-11
2.0975e+03,6.6016e-11
2.1000e+03,6.6269e-11
2.1025e+03,6.5254e-11
2.1050e+03,7.1898e-11
2.1075e+03,6.9496e-11
2.1100e+03,6.7905e-11
2.1125e+03,7.3214e-11
2.1150e+03,8.0980e-11
2.1175e+03,9.2186e-11
2.1200e+03,9.0415e-11
2.1225e+03,7.1722e-11
2.1250e+03,6.5353e-11
2.1275e+03,7.5048e-11
2.1300e+03,7.7578e-11
2.1325e+03,7.5279e-11
2.1350e+03,7.6764e-11
2.1375e+03,8.0621e-11
2.1400e+03,8.9872e-11
2.1425e+03,1.0390e-10
2.1450e+03,1.0516e-10
2.1475e+03,9.6311e-11
2.1500e+03,9.4393e-11
2.1525e+03,9.7213e-11
2.1550e+03,9.2861e-11
2.1575e+03,8.0504e-11
2.1600e+03,8.2473e-11
2.1625e+03,9.1101e-11
2.1650e+03,8.2363e-11
2.1675e+03,7.3805e-11
2.1700e+03,7.9550e-11
2.1725e+03,8.3382e-11
2.1750e+03,8.0573e-11
2.1775e+03,9.1082e-11
2.1800e+03,1.1387e-10
2.1825e+03,1.2020e-10
2.1850e+03,1.0649e-10
2.1875e+03,9.5695e-11
2.1900e+03,1.0228e-10
2.1925e+03,1.1504e-10
2.1950e+03,1.1692e-10
2.1975e+03,1.1515e-10
2.2000e+03,1.1865e-10
2.2025e+03,1.2802e-10
2.2050e+03,1.2354e-10
2.2075e+03,9.8035e-11
2.2100e+03,8.3687e-11
2.2125e+03,9.0690e-11
2.2150e+03,9.3242e-11
2.2175e+03,9.4914e-11
2.2200e+03,1.1229e-10
2.2225e+03,1.2269e-10
2.2250e+03,1.1823e-10
2.2275e+03,1.1710e-10
2.2300e+03,1.2860e-10
2.2325e+03,1.5459e-10
2.2350e+03,1.6831e-10
2.2375e+03,1.5535e-10
2.2400e+03,1.4047e-10
2.2425e+03,1.2977e-10
2.2450e+03,1.3333e-10
2.2475e+03,1.4297e-10
2.2500e+03,1.3613e-10
2.2525e+03,1.2613e-10
2.2550e+03,1.2116e-10
2.2575e+03,1.1808e-10
2.2600e+03,1.1389e-10
2.2625e+03,1.0462e-10
2.2650e+03,9.0859e-11
2.2675e+03,8.0152e-11
2.2700e+03,7.7724e-11
2.2725e+03,8.2781e-11
2.2750e+03,9.0976e-11
2.2775e+03,1.0150e-10
2.2800e+03,1.1802e-10
2.2825e+03,1.2972e-10
2.2850e+03,1.2565e-10
2.2875e+03,1.1458e-10
2.2900e+03,1.0959e-10
2.2925e+03,1.1396e-10
2.2950e+03,1.1498e-10
2.2975e+03,1.0210e-10
2.3000e+03,9.6253e-11
2.3025e+03,1.0991e-10
2.3050e+03,1.3361e-10
2.3075e+03,1.3792e-10
2.3100e+03,1.1085e-10
2.3125e+03,9.9637e-11
2.3150e+03,1.1662e-10
2.3175e+03,1.2049e-10
2.3200e+03,1.1522e-10
2.3225e+03,1.2623e-10
2.3250e+03,1.2551e-10
2.3275e+03,1.1498e-10
2.3300e+03,1.0921e-10
2.3325e+03,1.0408e-10
2.3350e+03,1.0524e-10
2.3375e+03,9.8053e-11
2.3400e+03,9.2916e-11
2.3425e+03,8.6499e-11
2.3450e+03,7.7468e-11
2.3475e+03,8.6778e-11
2.3500e+03,1.1034e-10
2.3525e+03,1.2626e-10
2.3550e+03,1.2881e-10
2.3575e+03,1.2039e-10
2.3600e+03,1.0735e-10
2.3625e+03,1.0578e-10
2.3650e+03,1.0419e-10
2.3675e+03,1.0715e-10
2.3700e+03,1.2154e-10
2.3725e+03,1.1949e-10
2.3750e+03,1.1299e-10
2.3775e+03,1.1035e-10
2.3800e+03,9.0646e-11
2.3825e+03,7.9961e-11
2.3850e+03,9.2160e-11
2.3875e+03,1.0181e-10
2.3900e+03,1.1137e-10
2.3925e+03,1.1167e-10
2.3950e+03,9.4533e-11
2.3975e+03,8.9300e-11
2.4000e+03,9.8431e-11
2.4025e+03,1.0088e-10
2.4050e+03,8.3984e-11
2.4075e+03,8.9396e-11
2.4100e+03,8.8505e-11
2.4125e+03,9.0089e-11
2.4150e+03,1.1058e-10
2.4175e+03,1.3471e-10
2.4200e+03,1.5370e-10
2.4225e+03,1.5699e-10
2.4250e+03,1.5216e-10
2.4275e+03,1.5918e-10
2.4300e+03,1.5451e-10
2.4325e+03,1.4509e-10
2.4350e+03,1.3538e-10
2.4375e+03,1.3762e-10
2.4400e+03,1.4474e-10
2.4425e+03,1.4923e-10
2.4450e+03,1.3809e-10
2.4475e+03,1.2264e-10
2.4500e+03,1.1195e-10
2.4525e+03,1.0684e-10
2.4550e+03,1.0878e-10
2.4575e+03,1.1297e-10
2.4600e+03,1.0790e-10
2.4625e+03,1.0069e-10
2.4650e+03,1.0854e-10
2.4675e+03,1.1889e-10
2.4700e+03,1.2248e-10
2.4725e+03,1.2213e-10
2.4750e+03,1.2837e-10
2.4775e+03,1.2151e-10
2.4800e+03,1.1215e-10
2.4825e+03,1.0016e-10
2.4850e+03,9.7950e-11
2.4875e+03,9.4331e-11
2.4900e+03,8.2664e-11
2.4925e+03,1.0759e-10
2.4950e+03,1.3831e-10
2.4975e+03,1.4350e-10
2.5000e+03,1.3564e-10
2.5025e+03,1.3258e-10
2.5050e+03,1.2142e-10
2.5075e+03,1.1817e-10
2.5100e+03,1.2350e-10
2.5125e+03,1.0694e-10
2.5150e+03,8.9117e-11
2.5175e+03,8.8879e-11
2.5200e+03,9.6891e-11
2.5225e+03,9.2553e-11
2.5250e+03,9.3099e-11
2.5275e+03,9.1335e-11
2.5300e+03,1.0004e-10
2.5325e+03,1.1712e-10
2.5350e+03,1.1782e-10
2.5375e+03,1.1809e-10
2.5400e+03,1.2283e-10
2.5425e+03,1.2946e-10
2.5450e+03,1.3241e-10
2.5475e+03,1.2437e-10
2.5500e+03,1.3845e-10
2.5525e+03,1.7429e-10
2.5550e+03,1.8265e-10
2.5575e+03,1.8490e-10
2.5600e+03,1.9444e-10
2.5625e+03,1.7823e-10
2.5650e+03,1.9988e-10
2.5675e+03,2.4864e-10
2.5700e+03,2.7746e-10
2.5725e+03,2.8010e-10
2.5750e+03,2.2811e-10
2.5775e+03,2.3874e-10
2.5800e+03,3.1834e-10
2.5825e+03,3.0046e-10
2.5850e+03,2.1760e-10
2.5875e+03,2.4575e-10
2.5900e+03,3.0414e-10
2.5925e+03,2.5274e-10
2.5950e+03,2.2012e-10
2.5975e+03,1.7440e-10
2.6000e+03,1.6082e-10
2.6025e+03,2.1828e-10
2.6050e+03,1.9778e-10
2.6075e+03,1.7324e-10
2.6100e+03,1.8309e-10
2.6125e+03,1.6053e-10
2.6150e+03,1.8987e-10
2.6175e+03,2.2107e-10
2.6200e+03,2.3797e-10
2.6225e+03,2.5197e-10
2.6250e+03,2.3751e-10
2.6275e+03,2.0508e-10
2.6300e+03,1.8359e-10
2.6325e+03,2.1532e-10
2.6350e+03,3.1972e-10
2.6375e+03,4.4067e-10
2.6400e+03,5.1899e-10
2.6425e+03,5.5830e-10
2.6450e+03,5.6365e-10
2.6475e+03,4.6652e-10
2.6500e+03,4.1981e-10
2.6525e+03,4.9142e-10
2.6550e+03,5.7088e-10
2.6575e+03,5.6545e-10
2.6600e+03,5.2493e-10
2.6625e+03,4.8306e-10
2.6650e+03,4.8519e-10
2.6675e+03,4.9358e-10
2.6700e+03,4.9219e-10
2.6725e+03,4.9589e-10
2.6750e+03,5.4943e-10
2.6775e+03,5.0359e-10
2.6800e+03,4.8570e-10
2.6825e+03,4.9894e-10
2.6850e+03,5.0425e-10
2.6875e+03,4.8112e-10
2.6900e+03,4.5615e-10
2.6925e+03,4.8090e-10
2.6950e+03,4.5208e-10
2.6975e+03,4.7217e-10
2.7000e+03,5.4616e-10
2.7025e+03,5.7352e-10
2.7050e+03,5.7323e-10
2.7075e+03,5.2904e-10
2.7100e+03,5.0928e-10
2.7125e+03,5.0513e-10
2.7150e+03,4.5743e-10
2.7175e+03,3.7507e-10
2.7200e+03,3.1157e-10
2.7225e+03,3.5401e-10
2.7250e+03,3.8725e-10
2.7275e+03,4.5831e-10
2.7300e+03,5.1782e-10
2.7325e+03,4.5178e-10
2.7350e+03,3.7221e-10
2.7375e+03,3.1322e-10
2.7400e+03,2.7478e-10
2.7425e+03,2.5569e-10
2.7450e+03,2.6249e-10
2.7475e+03,2.5183e-10
2.7500e+03,2.8870e-10
2.7525e+03,3.5491e-10
2.7550e+03,3.2658e-10
2.7575e+03,4.1834e-10
2.7600e+03,4.8695e-10
2.7625e+03,4.7437e-10
2.7650e+03,5.0994e-10
2.7675e+03,4.8361e-10
2.7700e+03,4.8115e-10
2.7725e+03,5.1192e-10
2.7750e+03,4.8163e-10
2.7775e+03,3.9788e-10
2.7800e+03,3.4110e-10
2.7825e+03,3.3141e-10
2.7850e+03,3.3379e-10
2.7875e+03,2.9778e-10
2.7900e+03,2.2882e-10
2.7925e+03,1.7982e-10
2.7950e+03,1.5984e-10
2.7975e+03,1.4969e-10
2.8000e+03,1.5466e-10
2.8025e+03,1.6408e-10
2.8050e+03,1.8988e-10
2.8075e+03,2.6040e-10
2.8100e+03,3.2107e-10
2.8125e+03,3.7742e-10
2.8150e+03,4.4562e-10
2.8175e+03,4.8871e-10
2.8200e+03,5.3175e-10
2.8225e+03,5.6567e-10
2.8250e+03,5.8104e-10
2.8275e+03,5.8272e-10
2.8300e+03,6.3497e-10
2.8325e+03,6.4322e-10
2.8350e+03,5.9831e-10
2.8375e+03,5.9952e-10
2.8400e+03,6.2353e-10
2.8425e+03,5.5841e-10
2.8450e+03,4.8684e-10
2.8475e+03,3.6254e-10
2.8500e+03,2.1397e-10
2.8525e+03,1.8148e-10
2.8550e+03,2.8026e-10
2.8575e+03,4.3092e-10
2.8600e+03,5.8437e-10
2.8625e+03,6.5558e-10
2.8650e+03,6.7674e-10
2.8675e+03,6.4055e-10
2.8700e+03,6.7945e-10
2.8725e+03,7.5447e-10
2.8750e+03,6.9302e-10
2.8775e+03,6.0960e-10
2.8800e+03,4.3297e-10
2.8825e+03,4.6278e-10
2.8850e+03,6.9617e-10
2.8875e+03,7.6822e-10
2.8900e+03,7.6602e-10
2.8925e+03,7.9206e-10
2.8950e+03,8.9454e-10
2.8975e+03,1.0147e-09
2.9000e+03,1.1209e-09
2.9025e+03,1.1748e-09
2.9050e+03,1.1699e-09
2.9075e+03,1.0919e-09
2.9100e+03,1.0982e-09
2.9125e+03,1.1408e-09
2.9150e+03,1.0596e-09
2.9175e+03,1.0325e-09
2.9200e+03,1.0518e-09
2.9225e+03,9.7342e-10
2.9250e+03,8.8197e-10
2.9275e+03,9.0158e-10
2.9300e+03,1.0720e-09
2.9325e+03,1.1543e-09
2.9350e+03,1.0299e-09
2.9375e+03,8.7229e-10
2.9400e+03,9.2952e-10
2.9425e+03,1.0150e-09
2.9450e+03,1.0082e-09
2.9475e+03,8.6173e-10
2.9500e+03,9.3942e-10
2.9525e+03,1.0495e-09
2.9550e+03,1.0301e-09
2.9575e+03,1.0797e-09
2.9600e+03,1.1322e-09
2.9625e+03,1.1235e-09
2.9650e+03,8.8813e-10
2.9675e+03,7.3368e-10
2.9700e+03,7.8436e-10
2.9725e+03,8.5802e-10
2.9750e+03,1.0524e-09
2.9775e+03,1.2154e-09
2.9800e+03,1.0190e-09
2.9825e+03,7.2606e-10
2.9850e+03,6.4744e-10
2.9875e+03,8.5076e-10
2.9900e+03,1.0725e-09
2.9925e+03,9.7895e-10
2.9950e+03,8.7797e-10
2.9975e+03,9.3370e-10
3.0000e+03,6.5749e-10
3.0025e+03,6.8528e-10
3.0050e+03,8.2286e-10
3.0075e+03,7.7068e-10
3.0100e+03,8.7357e-10
3.0125e+03,9.6766e-10
3.0150e+03,9.3407e-10
3.0175e+03,7.3640e-10
3.0200e+03,5.7484e-10
3.0225e+03,7.7856e-10
3.0250e+03,9.4331e-10
3.0275e+03,1.1075e-09
3.0300e+03,1.1529e-09
3.0325e+03,1.2299e-09
3.0350e+03,1.2141e-09
3.0375e+03,1.0154e-09
3.0400e+03,9.8900e-10
3.0425e+03,1.0714e-09
3.0450e+03,1.1480e-09
3.0475e+03,1.0366e-09
3.0500e+03,1.1889e-09
3.0525e+03,1.2386e-09
3.0550e+03,1.0286e-09
3.0575e+03,8.0771e-10
3.0600e+03,9.2597e-10
3.0625e+03,1.0587e-09
3.0650e+03,9.3304e-10
3.0675e+03,9.9633e-10
3.0700e+03,1.1382e-09
3.0725e+03,1.0938e-09
3.0750e+03,1.0700e-09
3.0775e+03,1.1001e-09
3.0800e+03,1.0550e-09
3.0825e+03,1.0496e-09
3.0850e+03,1.1609e-09
3.0875e+03,1.0540e-09
3.0900e+03,8.9649e-10
3.0925e+03,7.8007e-10
3.0950e+03,8.3672e-10
3.0975e+03,8.0412e-10
3.1000e+03,7.9979e-10
3.1025e+03,8.8123e-10
3.1050e+03,9.6348e-10
3.1075e+03,1.0469e-09
3.1100e+03,1.1296e-09
3.1125e+03,1.1955e-09
3.1150e+03,1.1952e-09
3.1175e+03,1.1690e-09
3.1200e+03,1.1257e-09
3.1225e+03,1.1107e-09
3.1250e+03,1.1086e-09
3.1275e+03,1.1259e-09
3.1300e+03,1.1416e-09
3.1325e+03,1.1544e-09
3.1350e+03,1.1570e-09
3.1375e+03,1.1610e-09
3.1400e+03,1.1658e-09
3.1425e+03,1.1479e-09
3.1450e+03,1.1459e-09
3.1475e+03,1.1678e-09
3.1500e+03,1.1789e-09
3.1525e+03,1.1843e-09
3.1550e+03,1.1771e-09
3.1575e+03,1.1261e-09
3.1600e+03,1.0459e-09
3.1625e+03,1.0276e-09
3.1650e+03,1.0443e-09
3.1675e+03,1.1134e-09
3.1700e+03,1.2162e-09
3.1725e+03,1.3091e-09
3.1750e+03,1.3290e-09
3.1775e+03,1.2937e-09
3.1800e+03,1.2217e-09
3.1825e+03,1.1636e-09
3.1850e+03,1.1395e-09
3.1875e+03,1.1663e-09
3.1900e+03,1.1979e-09
3.1925e+03,1.2273e-09
3.1950e+03,1.2427e-09
3.1975e+03,1.2437e-09
3.2000e+03,1.2352e-09
3.2025e+03,1.2259e-09
3.2050e+03,1.2165e-09
3.2075e+03,1.2071e-09
3.2100e+03,1.1977e-09
3.2125e+03,1.1884e-09
3.2150e+03,1.1790e-09
3.2175e+03,1.1697e-09
3.2200e+03,1.1603e-09
3.2225e+03,1.1922e-09
3.2250e+03,1.2241e-09
3.2275e+03,1.2560e-09
3.2300e+03,1.2880e-09
3.2325e+03,1.3199e-09
3.2350e+03,1.3518e-09
3.2375e+03,1.3837e-09
3.2400e+03,1.4156e-09
3.2600e+03,1.4601e-09
3.2700e+03,1.5587e-09
3.2800e+03,1.4826e-09
3.2900e+03,1.5143e-09
3.3000e+03,1.6137e-09
3.3100e+03,1.5243e-09
3.3200e+03,1.5021e-09
3.3300e+03,1.4533e-09
3.3400e+03,1.4723e-09
3.3500e+03,1.5865e-09
3.3600e+03,1.4265e-09
3.3700e+03,1.3082e-09
3.3800e+03,1.4667e-09
3.3900e+03,1.6078e-09
3.4000e+03,1.6577e-09
3.4100e+03,1.5758e-09
3.4200e+03,1.5817e-09
3.4300e+03,1.4598e-09
3.4400e+03,1.3040e-09
3.4500e+03,1.3363e-09
3.4600e+03,1.4807e-09
3.4700e+03,1.4245e-09
3.4800e+03,1.3964e-09
3.4900e+03,1.3983e-09
3.5000e+03,1.5417e-09
3.5100e+03,1.6503e-09
3.5200e+03,1.5483e-09
3.5300e+03,1.5971e-09
3.5400e+03,1.7819e-09
3.5500e+03,1.7105e-09
3.5600e+03,1.5067e-09
3.5700e+03,1.2836e-09
3.5800e+03,1.1748e-09
3.5900e+03,1.4260e-09
3.6000e+03,1.6710e-09
3.6100e+03,1.5085e-09
3.6200e+03,1.5987e-09
3.6300e+03,1.6737e-09
3.6400e+03,1.7037e-09
3.6500e+03,1.8758e-09
3.6600e+03,2.0262e-09
3.6700e+03,2.0857e-09
3.6800e+03,1.9570e-09
3.6900e+03,2.0015e-09
3.7000e+03,1.9810e-09
3.7100e+03,1.8822e-09
3.7200e+03,1.8425e-09
3.7300e+03,1.5630e-09
3.7400e+03,1.3667e-09
3.7500e+03,1.5463e-09
3.7600e+03,1.8058e-09
3.7700e+03,1.8895e-09
3.7800e+03,2.0602e-09
3.7900e+03,1.8381e-09
3.8000e+03,1.7070e-09
3.8100e+03,1.6835e-09
3.8200e+03,1.3305e-09
3.8300e+03,1.0241e-09
3.8400e+03,1.1693e-09
3.8500e+03,1.3196e-09
3.8600e+03,1.2461e-09
3.8700e+03,1.3797e-09
3.8800e+03,1.5038e-09
3.8900e+03,1.7937e-09
3.9000e+03,2.0269e-09
3.9100e+03,2.0556e-09
3.9200e+03,1.7484e-09
3.9300e+03,1.2800e-09
3.9400e+03,1.3915e-09
3.9500e+03,2.0545e-09
3.9600e+03,1.7949e-09
3.9700e+03,1.5400e-09
3.9800e+03,2.2529e-09
3.9900e+03,2.9134e-09
4.0000e+03,3.2238e-09
4.0100e+03,3.3217e-09
4.0200e+03,3.3660e-09
4.0300e+03,3.2704e-09
4.0400e+03,3.1664e-09
4.0500e+03,3.0552e-09
4.0600e+03,2.9618e-09
4.0700e+03,2.9553e-09
4.0800e+03,3.1914e-09
4.0900e+03,3.2465e-09
4.1000e+03,3.0822e-09
4.1100e+03,3.2247e-09
4.1200e+03,3.3014e-09
4.1300e+03,3.2259e-09
4.1400e+03,3.1769e-09
4.1500e+03,3.1873e-09
4.1600e+03,3.2702e-09
4.1700e+03,3.2056e-09
4.1800e+03,3.1682e-09
4.1900e+03,3.1398e-09
4.2000e+03,3.2914e-09
4.2100e+03,3.4670e-09
4.2200e+03,3.2578e-09
4.2300e+03,3.2350e-09
4.2400e+03,3.3309e-09
4.2500e+03,3.3256e-09
4.2600e+03,3.2894e-09
4.2700e+03,3.2158e-09
4.2800e+03,3.0984e-09
4.2900e+03,2.9142e-09
4.3000e+03,2.4231e-09
4.3100e+03,2.7191e-09
4.3200e+03,3.3950e-09
4.3300e+03,3.3498e-09
4.3400e+03,3.3766e-09
4.3500e+03,3.6417e-09
4.3600e+03,3.7691e-09
4.3700e+03,3.5264e-09
4.3800e+03,3.2796e-09
4.3900e+03,3.4187e-09
4.4000e+03,3.4762e-09
4.4100e+03,3.5513e-09
4.4200e+03,3.7284e-09
4.4300e+03,3.7353e-09
4.4400e+03,3.7614e-09
4.4500e+03,3.6465e-09
4.4600e+03,3.6058e-09
4.4700e+03,3.8475e-09
4.4800e+03,3.9777e-09
4.4900e+03,4.0151e-09
4.5000e+03,4.2014e-09
4.5100e+03,4.2248e-09
4.5200e+03,3.9088e-09
4.5300e+03,3.8464e-09
4.5400e+03,3.9880e-09
4.5500e+03,4.0485e-09
4.5600e+03,4.1104e-09
4.5700e+03,4.1134e-09
4.5800e+03,4.0492e-09
4.5900e+03,3.9751e-09
4.6000e+03,4.0261e-09
4.6100e+03,4.1790e-09
4.6200e+03,4.2384e-09
4.6300e+03,4.2043e-09
4.6400e+03,3.9913e-09
4.6500e+03,3.9645e-09
4.6600e+03,3.8769e-09
4.6700e+03,3.8409e-09
4.6800e+03,3.9744e-09
4.6900e+03,3.8890e-09
4.7000e+03,3.8277e-09
4.7100e+03,4.0727e-09
4.7200e+03,4.1585e-09
4.7300e+03,4.0635e-09
4.7400e+03,4.1775e-09
4.7500e+03,4.2105e-09
4.7600e+03,4.0976e-09
4.7700e+03,4.2289e-09
4.7800e+03,4.2575e-09
4.7900e+03,4.2897e-09
4.8000e+03,4.3458e-09
4.8100e+03,4.3667e-09
4.8200e+03,4.3040e-09
4.8300e+03,4.1874e-09
4.8400e+03,4.1761e-09
4.8500e+03,3.7845e-09
4.8600e+03,3.5012e-09
4.8700e+03,3.8204e-09
4.8800e+03,3.9000e-09
4.8900e+03,4.0532e-09
4.9000e+03,4.1819e-09
4.9100e+03,3.9883e-09
4.9200e+03,3.8805e-09
4.9300e+03,3.9601e-09
4.9400e+03,4.0437e-09
4.9500e+03,4.0855e-09
4.9600e+03,4.0631e-09
4.9700e+03,4.0133e-09
4.9800e+03,3.8615e-09
4.9900e+03,3.8776e-09
5.0000e+03,3.7588e-09
5.0100e+03,3.6315e-09
5.0200e+03,3.6679e-09
5.0300e+03,3.6367e-09
5.0400e+03,3.6132e-09
5.0500e+03,3.7449e-09
5.0600e+03,3.7181e-09
5.0700e+03,3.6066e-09
5.0800e+03,3.5454e-09
5.0900e+03,3.5809e-09
5.1000e+03,3.5962e-09
5.1100e+03,3.6723e-09
5.1200e+03,3.7020e-09
5.1300e+03,3.6092e-09
5.1400e+03,3.5646e-09
5.1500e+03,3.5758e-09
5.1600e+03,3.2556e-09
5.1700e+03,3.1100e-09
5.1800e+03,3.3259e-09
5.1900e+03,3.4951e-09
5.2000e+03,3.6510e-09
5.2100e+03,3.6682e-09
5.2200e+03,3.6656e-09
5.2300e+03,3.6822e-09
5.2400e+03,3.7526e-09
5.2500e+03,3.8204e-09
5.2600e+03,3.5427e-09
5.2700e+03,3.4065e-09
5.2800e+03,3.7328e-09
5.2900e+03,3.8633e-09
5.3000e+03,3.8882e-09
5.3100e+03,3.9304e-09
5.3200e+03,3.6741e-09
5.3300e+03,3.6325e-09
5.3400e+03,3.7713e-09
5.3500e+03,3.8186e-09
5.3600e+03,3.7386e-09
5.3700e+03,3.6708e-09
5.3800e+03,3.6921e-09
5.3900e+03,3.6113e-09
5.4000e+03,3.4757e-09
5.4100e+03,3.5055e-09
5.4200e+03,3.6271e-09
5.4300e+03,3.6564e-09
5.4400e+03,3.7181e-09
5.4500e+03,3.7720e-09
5.4600e+03,3.7397e-09
5.4700e+03,3.6763e-09
5.4800e+03,3.6595e-09
5.4900e+03,3.7284e-09
5.5000e+03,3.7001e-09
5.5100e+03,3.6686e-09
5.5200e+03,3.6553e-09
5.5300e+03,3.7141e-09
5.5400e+03,3.7331e-09
5.5500e+03,3.8274e-09
5.5600e+03,3.7419e-09
5.5700e+03,3.6573e-09
5.5800e+03,3.6372e-09
5.5900e+03,3.5714e-09
5.6000e+03,3.5902e-09
5.6100e+03,3.6932e-09
5.6200e+03,3.6065e-09
5.6300e+03,3.6704e-09
5.6400e+03,3.6055e-09
5.6500e+03,3.5789e-09
5.6600e+03,3.5732e-09
5.6700e+03,3.6016e-09
5.6800e+03,3.5856e-09
5.6900e+03,3.5798e-09
5.7000e+03,3.5706e-09
5.7100e+03,3.4565e-09
5.7200e+03,3.5964e-09
5.7300e+03,3.6610e-09
5.7400e+03,3.6888e-09
5.7600e+03,3.6531e-09
5.7800e+03,3.6972e-09
5.8000e+03,3.7636e-09
5.8200e+03,3.7900e-09
5.8400e+03,3.6928e-09
5.8600e+03,3.5903e-09
5.8800e+03,3.4670e-09
5.9000e+03,3.5197e-09
5.9200e+03,3.6316e-09
5.9400e+03,3.6103e-09
5.9600e+03,3.6264e-09
5.9800e+03,3.6144e-09
6.0000e+03,3.5629e-09
6.0200e+03,3.5756e-09
6.0400e+03,3.5580e-09
6.0600e+03,3.5978e-09
6.0800e+03,3.5771e-09
6.1000e+03,3.5803e-09
6.1200e+03,3.5690e-09
6.1400e+03,3.3876e-09
6.1600e+03,3.3802e-09
6.1800e+03,3.4508e-09
6.2000e+03,3.4601e-09
6.2200e+03,3.4094e-09
6.2400e+03,3.3280e-09
6.2600e+03,3.3323e-09
6.2800e+03,3.3390e-09
6.3000e+03,3.3095e-09
6.3200e+03,3.3299e-09
6.3400e+03,3.3171e-09
6.3600e+03,3.3320e-09
6.3800e+03,3.3489e-09
6.4000e+03,3.2931e-09
6.4200e+03,3.2699e-09
6.4400e+03,3.2762e-09
6.4600e+03,3.2744e-09
6.4800e+03,3.2650e-09
6.5000e+03,3.2866e-09
6.5200e+03,3.2742e-09
6.5400e+03,3.0968e-09
6.5600e+03,3.0754e-09
6.5800e+03,3.2173e-09
6.6000e+03,3.2104e-09
6.6200e+03,3.1760e-09
6.6400e+03,3.1394e-09
6.6600e+03,3.1033e-09
6.6800e+03,3.1093e-09
6.7000e+03,3.0440e-09
6.7200e+03,3.0235e-09
6.7400e+03,3.0276e-09
6.7600e+03,3.0049e-09
6.7800e+03,2.9992e-09
6.8000e+03,3.0220e-09
6.8200e+03,3.0066e-09
6.8400e+03,3.0860e-09
6.8600e+03,2.9156e-09
6.8800e+03,2.9033e-09
6.9000e+03,2.9584e-09
6.9200e+03,2.9689e-09
6.9400e+03,2.9036e-09
6.9600e+03,2.8962e-09
6.9800e+03,2.7979e-09
7.0000e+03,2.7775e-09
7.0200e+03,2.8177e-09
7.0400e+03,2.8263e-09
7.0600e+03,2.8280e-09
7.0800e+03,2.8098e-09
7.1000e+03,2.8159e-09
7.1200e+03,2.7654e-09
7.1400e+03,2.7628e-09
7.1600e+03,2.7367e-09
7.1800e+03,2.7151e-09
7.2000e+03,2.7085e-09
7.2200e+03,2.7273e-09
7.2400e+03,2.6766e-09
7.2600e+03,2.6597e-09
7.2800e+03,2.6617e-09
7.3000e+03,2.7010e-09
7.3200e+03,2.6822e-09
7.3400e+03,2.6511e-09
7.3600e+03,2.6306e-09
7.3800e+03,2.6143e-09
7.4000e+03,2.6165e-09
7.4200e+03,2.6284e-09
7.4400e+03,2.6421e-09
7.4600e+03,2.6341e-09
7.4800e+03,2.6100e-09
7.5000e+03,2.6100e-09
7.5200e+03,2.6447e-09
7.5400e+03,2.6950e-09
7.5600e+03,2.6865e-09
7.5800e+03,2.2785e-09
7.6000e+03,1.8886e-09
7.6200e+03,2.6538e-09
7.6400e+03,2.5378e-09
7.6600e+03,2.5452e-09
7.6800e+03,2.3300e-09
7.7000e+03,2.3737e-09
7.7200e+03,2.3836e-09
7.7400e+03,2.4394e-09
7.7600e+03,2.4599e-09
7.7800e+03,2.4089e-09
7.8000e+03,2.4311e-09
7.8200e+03,2.4187e-09
7.8400e+03,2.3920e-09
7.8600e+03,2.4155e-09
7.8800e+03,2.3926e-09
7.9000e+03,2.3363e-09
7.9200e+03,2.3157e-09
7.9400e+03,2.2884e-09
7.9600e+03,2.3240e-09
7.9800e+03,2.3192e-09
8.0000e+03,2.3214e-09
8.0200e+03,2.2754e-09
8.0400e+03,2.2556e-09
8.0600e+03,2.2582e-09
8.0800e+03,2.2233e-09
8.1000e+03,2.2006e-09
8.1200e+03,2.2683e-09
8.1400e+03,2.2356e-09
8.1600e+03,2.1518e-09
8.1800e+03,2.1775e-09
8.2000e+03,2.1407e-09
8.2200e+03,2.1825e-09
8.2400e+03,2.1507e-09
8.2600e+03,2.2472e-09
8.2800e+03,2.1155e-09
8.3000e+03,2.1662e-09
8.3200e+03,2.1288e-09
8.3400e+03,2.1455e-09
8.3600e+03,2.1858e-09
8.3800e+03,2.1346e-09
8.4000e+03,2.1385e-09
8.4200e+03,2.1673e-09
8.4400e+03,2.0810e-09
8.4600e+03,2.0929e-09
8.4800e+03,2.0292e-09
8.5000e+03,2.0090e-09
8.5200e+03,1.9114e-09
8.5400e+03,1.9252e-09
8.5600e+03,2.0488e-09
8.5800e+03,2.0827e-09
8.6000e+03,2.0835e-09
8.6200e+03,2.0723e-09
8.6400e+03,1.9444e-09
8.6600e+03,1.8942e-09
8.6800e+03,2.0408e-09
8.7000e+03,2.0489e-09
8.7200e+03,2.0164e-09
8.7400e+03,2.0244e-09
8.7600e+03,1.9923e-09
8.7800e+03,1.9861e-09
8.8000e+03,1.9329e-09
8.8200e+03,1.9609e-09
8.8400e+03,1.9323e-09
8.8600e+03,1.9010e-09
8.8800e+03,1.9247e-09
8.9000e+03,1.8897e-09
8.9200e+03,1.8631e-09
8.9400e+03,1.8617e-09
8.9600e+03,1.7998e-09
8.9800e+03,1.7986e-09
9.0000e+03,1.7620e-09
9.0200e+03,1.8872e-09
9.0400e+03,1.9261e-09
9.0600e+03,1.7253e-09
9.0800e+03,1.7592e-09
9.1000e+03,1.8288e-09
9.1200e+03,1.7544e-09
9.1400e+03,1.7309e-09
9.1600e+03,1.7720e-09
9.1800e+03,1.7434e-09
9.2000e+03,1.7631e-09
9.2200e+03,1.7114e-09
9.2400e+03,1.6885e-09
9.2600e+03,1.6863e-09
9.2800e+03,1.6623e-09
9.3000e+03,1.6374e-09
9.3200e+03,1.5160e-09
9.3400e+03,1.5374e-09
9.3600e+03,1.5031e-09
9.3800e+03,1.6158e-09
9.4000e+03,1.5678e-09
9.4200e+03,1.3907e-09
9.4400e+03,1.4467e-09
9.4600e+03,1.4813e-09
9.4800e+03,1.4886e-09
9.5000e+03,1.4591e-09
9.5200e+03,1.5188e-09
9.5400e+03,1.5488e-09
9.5600e+03,1.5363e-09
9.5800e+03,1.5467e-09
9.6000e+03,1.5678e-09
9.6200e+03,1.5815e-09
9.6400e+03,1.5180e-09
9.6600e+03,1.5968e-09
9.6800e+03,1.6445e-09
9.7000e+03,1.5802e-09
9.7200e+03,1.6380e-09
9.7400e+03,1.6010e-09
9.7600e+03,1.6188e-09
9.7800e+03,1.5960e-09
9.8000e+03,1.5516e-09
9.8200e+03,1.5418e-09
9.8400e+03,1.5253e-09
9.8600e+03,1.4896e-09
9.8800e+03,1.5141e-09
9.9000e+03,1.5306e-09
9.9200e+03,1.4850e-09
9.9400e+03,1.5048e-09
9.9600e+03,1.4966e-09
9.9800e+03,1.5039e-09
1.0000e+04,1.4581e-09
1.0020e+04,1.4622e-09
1.0040e+04,1.4826e-09
1.0060e+04,1.4451e-09
1.0080e+04,1.4764e-09
1.0100e+04,1.3958e-09
1.0120e+04,1.4442e-09
1.0140e+04,1.3645e-09
1.0160e+04,1.4756e-09
1.0180e+04,1.4135e-09
1.0200e+04,1.3760e-09
1.0220e+04,1.4045e-09
1.0240e+04,1.3780e-09
1.0260e+04,1.3557e-09
1.0280e+04,1.4028e-09
1.0300e+04,1.3785e-09
1.0320e+04,1.3256e-09
1.0340e+04,1.3783e-09
1.0360e+04,1.3925e-09
1.0380e+04,1.3636e-09
1.0400e+04,1.4216e-09
1.0420e+04,1.3175e-09
1.0440e+04,1.3084e-09
1.0460e+04,1.3367e-09
1.0480e+04,1.3688e-09
1.0500e+04,1.3666e-09
1.0520e+04,1.2996e-09
1.0540e+04,1.3135e-09
1.0560e+04,1.2660e-09
1.0580e+04,1.2534e-09
1.0600e+04,1.2750e-09
1.0800e+04,1.2198e-09
1.1000e+04,1.1697e-09
1.1200e+04,1.1237e-09
1.1400e+04,1.0811e-09
1.1600e+04,1.0413e-09
1.1800e+04,1.0035e-09
1.2000e+04,9.6718e-10
1.2200e+04,9.3205e-10
1.2400e+04,8.9751e-10
1.2600e+04,8.6242e-10
1.2800e+04,8.3133e-10
1.3000e+04,7.9825e-10
1.3200e+04,7.7116e-10
1.3400e+04,7.4490e-10
1.3600e+04,7.1766e-10
1.3800e+04,6.8957e-10
1.4000e+04,6.6343e-10
1.4200e+04,6.4117e-10
1.4400e+04,6.1987e-10
1.4600e+04,5.9853e-10
1.4800e+04,5.7627e-10
1.5000e+04,5.5592e-10
1.5200e+04,5.3648e-10
1.5400e+04,5.1786e-10
1.5600e+04,5.0081e-10
1.5800e+04,4.8508e-10
1.6000e+04,4.7254e-10
1.6200e+04,4.6194e-10
1.6400e+04,4.4650e-10
1.6600e+04,4.2707e-10
1.6800e+04,4.1255e-10
1.7000e+04,3.9627e-10
1.7200e+04,3.7922e-10
1.7400e+04,3.6431e-10
1.7600e+04,3.4955e-10
1.7800e+04,3.3542e-10
1.8000e+04,3.2224e-10
1.8200e+04,3.1158e-10
1.8400e+04,3.0052e-10
1.8600e+04,2.8931e-10
1.8800e+04,2.7905e-10
1.9000e+04,2.6973e-10
1.9200e+04,2.5908e-10
1.9400e+04,2.5055e-10
1.9600e+04,2.4202e-10
1.9800e+04,2.3350e-10
2.0000e+04,2.2576e-10
2.0200e+04,2.1897e-10
2.0400e+04,2.1124e-10
2.0600e+04,2.0358e-10
2.0800e+04,1.9631e-10
2.1000e+04,1.8859e-10
2.1200e+04,1.8179e-10
2.1400e+04,1.7619e-10
2.1600e+04,1.6972e-10
2.1800e+04,1.6412e-10
2.2000e+04,1.5946e-10
2.2200e+04,1.5472e-10
2.2400e+04,1.4987e-10
2.2600e+04,1.4514e-10
2.2800e+04,1.4059e-10
2.3000e+04,1.3633e-10
2.3200e+04,1.3207e-10
2.3400e+04,1.2820e-10
2.3600e+04,1.2454e-10
2.3800e+04,1.2009e-10
2.4000e+04,1.1660e-10
2.4200e+04,1.1350e-10
2.4400e+04,1.1001e-10
2.4600e+04,1.0652e-10
2.4800e+04,1.0381e-10
2.5000e+04,1.0060e-10
2.5200e+04,9.7998e-11
2.5400e+04,9.5186e-11
2.5600e+04,9.2472e-11
