# wavelength, f_lambda
2.2900e+02,0.0000e+00
2.3400e+02,0.0000e+00
2.4300e+02,0.0000e+00
2.5200e+02,0.0000e+00
2.5600e+02,0.0000e+00
2.6000e+02,0.0000e+00
2.6600e+02,0.0000e+00
2.7500e+02,0.0000e+00
2.8300e+02,0.0000e+00
2.9300e+02,0.0000e+00
3.0100e+02,0.0000e+00
3.0900e+02,0.0000e+00
3.2500e+02,0.0000e+00
3.4200e+02,0.0000e+00
3.5100e+02,0.0000e+00
3.5600e+02,0.0000e+00
3.6500e+02,0.0000e+00
3.7500e+02,0.0000e+00
3.8400e+02,0.0000e+00
4.0000e+02,0.0000e+00
4.1500e+02,0.0000e+00
4.2500e+02,0.0000e+00
4.4500e+02,0.0000e+00
4.7200e+02,0.0000e+00
4.9400e+02,0.0000e+00
5.0600e+02,0.0000e+00
5.1600e+02,0.0000e+00
5.4000e+02,0.0000e+00
5.6400e+02,0.0000e+00
5.8700e+02,0.0000e+00
6.1200e+02,0.0000e+00
6.4000e+02,0.0000e+00
6.7100e+02,0.0000e+00
7.0500e+02,0.0000e+00
7.3600e+02,0.0000e+00
7.7000e+02,0.0000e+00
8.1000e+02,0.0000e+00
8.5000e+02,0.0000e+00
8.9000e+02,0.0000e+00
9.2000e+02,0.0000e+00
9.4000e+02,0.0000e+00
9.6200e+02,0.0000e+00
9.8700e+02,0.0000e+00
1.0120e+03,0.0000e+00
1.0370e+03,0.0000e+00
1.0620e+03,0.0000e+00
1.0870e+03,0.0000e+00
1.1120e+03,0.0000e+00
1.1200e+03,0.0000e+00
1.1400e+03,0.0000e+00
1.1600e+03,0.0000e+00
1.1800e+03,0.0000e+00
1.2000e+03,0.0000e+00
1.2200e+03,0.0000e+00
1.2400e+03,0.0000e+00
1.2600e+03,0.0000e+00
1.2800e+03,0.0000e+00
1.3000e+03,0.0000e+00
1.3200e+03,0.0000e+00
1.3400e+03,0.0000e+00
1.3600e+03,0.0000e+00
1.3800e+03,0.0000e+00
1.4000e+03,0.0000e+00
1.4200e+03,0.0000e+00
1.4400e+03,0.0000e+00
1.4600e+03,0.0000e+00
1.4800e+03,0.0000e+00
1.5000e+03,0.0000e+00
1.5200e+03,0.0000e+00
1.5400e+03,0.0000e+00
1.5600e+03,0.0000e+00
1.5800e+03,0.0000e+00
1.6000e+03,0.0000e+00
1.6200e+03,0.0000e+00
1.6400e+03,0.0000e+00
1.6600e+03,0.0000e+00
1.6800e+03,0.0000e+00
1.7000e+03,0.0000e+00
1.7200e+03,0.0000e+00
1.7400e+03,0.0000e+00
1.7600e+03,0.0000e+00
1.7800e+03,0.0000e+00
1.8000e+03,0.0000e+00
1.8200e+03,0.0000e+00
1.8400e+03,0.0000e+00
1.8600e+03,0.0000e+00
1.8800e+03,0.0000e+00
1.9000e+03,0.0000e+00
1.9200e+03,0.0000e+00
1.9400e+03,0.0000e+00
1.9600e+03,0.0000e+00
1.9800e+03,0.0000e+00
2.0000e+03,1.6243e-12
2.0025e+03,1.6243e-12
2.0050e+03,1.6981e-12
2.0075e+03,1.7334e-12
2.0100e+03,1.6468e-12
2.0125e+03,1.6845e-12
2.0150e+03,1.7909e-12
2.0175e+03,1.8645e-12
2.0200e+03,1.9382e-12
2.0225e+03,2.2121e-12
2.0250e+03,2.3514e-12
2.0275e+03,2.2368e-12
2.0300e+03,2.2185e-12
2.0325e+03,2.2456e-12
2.0350e+03,2.2020e-12
2.0375e+03,2.1114e-12
2.0400e+03,1.7973e-12
2.0425e+03,1.5898e-12
2.0450e+03,1.5423e-12
2.0475e+03,1.5044e-12
2.0500e+03,1.4870e-12
2.0525e+03,1.4602e-12
2.0550e+03,1.4562e-12
2.0575e+03,1.6462e-12
2.0600e+03,1.8437e-12
2.0625e+03,2.2221e-12
2.0650e+03,2.4880e-12
2.0675e+03,2.6107e-12
2.0700e+03,2.6668e-12
2.0725e+03,2.7018e-12
2.0750e+03,2.8298e-12
2.0775e+03,2.9874e-12
2.0800e+03,2.9816e-12
2.0825e+03,2.9655e-12
2.0850e+03,2.9383e-12
2.0875e+03,2.9023e-12
2.0900e+03,2.8533e-12
2.0925e+03,3.0460e-12
2.0950e+03,3.2687e-12
2.0975e+03,3.3697e-12
2.1000e+03,3.4403e-12
2.1025e+03,3.2872e-12
2.1050e+03,3.1593e-12
2.1075e+03,3.0635e-12
2.1100e+03,3.0817e-12
2.1125e+03,3.1216e-12
2.1150e+03,3.2266e-12
2.1175e+03,3.3446e-12
2.1200e+03,3.4220e-12
2.1225e+03,3.4977e-12
2.1250e+03,3.5723e-12
2.1275e+03,3.7191e-12
2.1300e+03,3.9446e-12
2.1325e+03,4.1103e-12
2.1350e+03,4.1384e-12
2.1375e+03,3.8337e-12
2.1400e+03,3.5975e-12
2.1425e+03,3.6349e-12
2.1450e+03,3.6414e-12
2.1475e+03,3.6195e-12
2.1500e+03,3.5486e-12
2.1525e+03,3.4151e-12
2.1550e+03,3.4144e-12
2.1575e+03,3.4766e-12
2.1600e+03,3.6582e-12
2.1625e+03,3.7742e-12
2.1650e+03,3.5441e-12
2.1675e+03,3.5364e-12
2.1700e+03,3.7035e-12
2.1725e+03,3.7859e-12
2.1750e+03,3.8647e-12
2.1775e+03,3.8760e-12
2.1800e+03,3.8873e-12
2.1825e+03,3.9224e-12
2.1850e+03,3.9753e-12
2.1875e+03,4.0402e-12
2.1900e+03,4.1526e-12
2.1925e+03,4.3095e-12
2.1950e+03,4.6153e-12
2.1975e+03,4.8145e-12
2.2000e+03,4.7605e-12
2.2025e+03,4.6777e-12
2.2050e+03,4.5018e-12
2.2075e+03,4.2971e-12
2.2100e+03,4.0774e-12
2.2125e+03,3.8906e-12
2.2150e+03,3.7038e-12
2.2175e+03,3.4552e-12
2.2200e+03,3.3197e-12
2.2225e+03,3.4823e-12
2.2250e+03,3.7626e-12
2.2275e+03,4.0982e-12
2.2300e+03,4.5120e-12
2.2325e+03,4.9779e-12
2.2350e+03,5.4158e-12
2.2375e+03,5.8358e-12
2.2400e+03,6.2287e-12
2.2425e+03,6.6498e-12
2.2450e+03,7.1307e-12
2.2475e+03,7.4773e-12
2.2500e+03,7.7524e-12
2.2525e+03,7.8863e-12
2.2550e+03,8.0184e-12
2.2575e+03,8.1056e-12
2.2600e+03,8.1180e-12
2.2625e+03,7.9969e-12
2.2650e+03,7.7966e-12
2.2675e+03,7.5715e-12
2.2700e+03,7.3317e-12
2.2725e+03,7.1081e-12
2.2750e+03,7.1471e-12
2.2775e+03,7.1216e-12
2.2800e+03,7.0263e-12
2.2825e+03,6.9432e-12
2.2850e+03,6.8782e-12
2.2875e+03,6.7764e-12
2.2900e+03,6.6607e-12
2.2925e+03,6.5265e-12
2.2950e+03,6.3816e-12
2.2975e+03,6.1598e-12
2.3000e+03,6.0634e-12
2.3025e+03,6.1273e-12
2.3050e+03,6.0974e-12
2.3075e+03,6.0499e-12
2.3100e+03,6.2324e-12
2.3125e+03,6.5385e-12
2.3150e+03,7.1165e-12
2.3175e+03,7.6313e-12
2.3200e+03,8.0972e-12
2.3225e+03,8.7029e-12
2.3250e+03,9.4600e-12
2.3275e+03,1.0338e-11
2.3300e+03,1.1029e-11
2.3325e+03,1.1194e-11
2.3350e+03,1.1357e-11
2.3375e+03,1.1515e-11
2.3400e+03,1.1611e-11
2.3425e+03,1.1650e-11
2.3450e+03,1.1391e-11
2.3475e+03,1.1107e-11
2.3500e+03,1.1022e-11
2.3525e+03,1.1074e-11
2.3550e+03,1.1443e-11
2.3575e+03,1.1595e-11
2.3600e+03,1.1626e-11
2.3625e+03,1.1726e-11
2.3650e+03,1.1879e-11
2.3675e+03,1.2000e-11
2.3700e+03,1.2119e-11
2.3725e+03,1.2138e-11
2.3750e+03,1.2153e-11
2.3775e+03,1.2209e-11
2.3800e+03,1.2213e-11
2.3825e+03,1.2182e-11
2.3850e+03,1.2119e-11
2.3875e+03,1.2027e-11
2.3900e+03,1.2094e-11
2.3925e+03,1.2117e-11
2.3950e+03,1.2016e-11
2.3975e+03,1.1830e-11
2.4000e+03,1.1371e-11
2.4025e+03,1.1208e-11
2.4050e+03,1.1206e-11
2.4075e+03,1.1042e-11
2.4100e+03,1.0878e-11
2.4125e+03,1.0759e-11
2.4150e+03,1.0776e-11
2.4175e+03,1.1136e-11
2.4200e+03,1.1497e-11
2.4225e+03,1.1858e-11
2.4250e+03,1.2508e-11
2.4275e+03,1.3350e-11
2.4300e+03,1.4025e-11
2.4325e+03,1.4565e-11
2.4350e+03,1.4902e-11
2.4375e+03,1.5152e-11
2.4400e+03,1.5222e-11
2.4425e+03,1.5366e-11
2.4450e+03,1.5581e-11
2.4475e+03,1.6107e-11
2.4500e+03,1.6632e-11
2.4525e+03,1.7125e-11
2.4550e+03,1.7512e-11
2.4575e+03,1.7709e-11
2.4600e+03,1.7286e-11
2.4625e+03,1.6667e-11
2.4650e+03,1.6288e-11
2.4675e+03,1.6039e-11
2.4700e+03,1.5988e-11
2.4725e+03,1.6110e-11
2.4750e+03,1.6420e-11
2.4775e+03,1.6454e-11
2.4800e+03,1.6071e-11
2.4825e+03,1.5594e-11
2.4850e+03,1.5035e-11
2.4875e+03,1.4245e-11
2.4900e+03,1.3673e-11
2.4925e+03,1.4689e-11
2.4950e+03,1.5393e-11
2.4975e+03,1.5698e-11
2.5000e+03,1.5889e-11
2.5025e+03,1.6275e-11
2.5050e+03,1.6658e-11
2.5075e+03,1.6794e-11
2.5100e+03,1.6694e-11
2.5125e+03,1.5931e-11
2.5150e+03,1.5395e-11
2.5175e+03,1.4719e-11
2.5200e+03,1.3626e-11
2.5225e+03,1.2591e-11
2.5250e+03,1.4222e-11
2.5275e+03,1.6971e-11
2.5300e+03,1.8746e-11
2.5325e+03,2.1436e-11
2.5350e+03,2.5164e-11
2.5375e+03,2.7150e-11
2.5400e+03,2.6479e-11
2.5425e+03,2.6990e-11
2.5450e+03,2.7864e-11
2.5475e+03,2.8476e-11
2.5500e+03,2.9060e-11
2.5525e+03,2.9181e-11
2.5550e+03,2.9017e-11
2.5575e+03,2.8129e-11
2.5600e+03,2.6950e-11
2.5625e+03,2.6798e-11
2.5650e+03,2.7514e-11
2.5675e+03,2.8917e-11
2.5700e+03,3.0024e-11
2.5725e+03,3.1758e-11
2.5750e+03,2.8422e-11
2.5775e+03,2.5950e-11
2.5800e+03,2.5019e-11
2.5825e+03,2.4812e-11
2.5850e+03,2.4294e-11
2.5875e+03,2.6578e-11
2.5900e+03,3.0854e-11
2.5925e+03,3.3119e-11
2.5950e+03,3.4087e-11
2.5975e+03,3.4182e-11
2.6000e+03,3.4978e-11
2.6025e+03,3.5312e-11
2.6050e+03,3.5013e-11
2.6075e+03,3.4658e-11
2.6100e+03,3.5160e-11
2.6125e+03,3.6250e-11
2.6150e+03,3.6253e-11
2.6175e+03,3.6619e-11
2.6200e+03,3.7607e-11
2.6225e+03,3.8870e-11
2.6250e+03,3.9486e-11
2.6275e+03,4.1457e-11
2.6300e+03,4.4500e-11
2.6325e+03,4.6915e-11
2.6350e+03,5.0827e-11
2.6375e+03,5.7774e-11
2.6400e+03,6.3258e-11
2.6425e+03,6.5254e-11
2.6450e+03,6.6494e-11
2.6475e+03,6.7399e-11
2.6500e+03,6.7133e-11
2.6525e+03,6.7173e-11
2.6550e+03,6.8680e-11
2.6575e+03,7.0683e-11
2.6600e+03,7.2796e-11
2.6625e+03,7.4930e-11
2.6650e+03,7.6977e-11
2.6675e+03,7.6083e-11
2.6700e+03,7.4810e-11
2.6725e+03,7.4241e-11
2.6750e+03,7.3759e-11
2.6775e+03,7.3058e-11
2.6800e+03,7.4087e-11
2.6825e+03,7.7338e-11
2.6850e+03,7.7590e-11
2.6875e+03,7.6590e-11
2.6900e+03,7.5302e-11
2.6925e+03,7.4711e-11
2.6950e+03,7.3325e-11
2.6975e+03,7.3500e-11
2.7000e+03,7.5445e-11
2.7025e+03,7.7721e-11
2.7050e+03,8.0936e-11
2.7075e+03,8.4140e-11
2.7100e+03,8.5216e-11
2.7125e+03,8.3917e-11
2.7150e+03,8.0907e-11
2.7175e+03,7.5477e-11
2.7200e+03,7.0898e-11
2.7225e+03,7.0107e-11
2.7250e+03,7.2318e-11
2.7275e+03,7.5791e-11
2.7300e+03,7.9403e-11
2.7325e+03,8.0783e-11
2.7350e+03,7.7798e-11
2.7375e+03,7.3233e-11
2.7400e+03,6.8530e-11
2.7425e+03,6.6669e-11
2.7450e+03,6.6593e-11
2.7475e+03,6.9559e-11
2.7500e+03,7.3981e-11
2.7525e+03,7.8966e-11
2.7550e+03,8.4001e-11
2.7575e+03,8.8788e-11
2.7600e+03,9.4447e-11
2.7625e+03,9.9282e-11
2.7650e+03,1.0177e-10
2.7675e+03,1.0465e-10
2.7700e+03,1.0699e-10
2.7725e+03,1.0721e-10
2.7750e+03,1.0540e-10
2.7775e+03,1.0311e-10
2.7800e+03,9.9212e-11
2.7825e+03,9.3199e-11
2.7850e+03,8.7102e-11
2.7875e+03,8.3016e-11
2.7900e+03,8.1148e-11
2.7925e+03,7.9940e-11
2.7950e+03,7.8579e-11
2.7975e+03,7.8659e-11
2.8000e+03,7.9900e-11
2.8025e+03,7.8842e-11
2.8050e+03,7.8196e-11
2.8075e+03,8.0250e-11
2.8100e+03,8.7737e-11
2.8125e+03,9.6147e-11
2.8150e+03,1.0465e-10
2.8175e+03,1.1409e-10
2.8200e+03,1.2409e-10
2.8225e+03,1.2820e-10
2.8250e+03,1.3001e-10
2.8275e+03,1.2998e-10
2.8300e+03,1.2922e-10
2.8325e+03,1.2782e-10
2.8350e+03,1.2802e-10
2.8375e+03,1.2590e-10
2.8400e+03,1.1788e-10
2.8425e+03,1.0952e-10
2.8450e+03,9.5936e-11
2.8475e+03,7.9093e-11
2.8500e+03,6.4159e-11
2.8525e+03,5.9441e-11
2.8550e+03,6.0507e-11
2.8575e+03,6.8089e-11
2.8600e+03,8.2596e-11
2.8625e+03,1.0466e-10
2.8650e+03,1.2281e-10
2.8675e+03,1.3671e-10
2.8700e+03,1.4925e-10
2.8725e+03,1.5707e-10
2.8750e+03,1.5151e-10
2.8775e+03,1.5281e-10
2.8800e+03,1.5741e-10
2.8825e+03,1.6545e-10
2.8850e+03,1.8004e-10
2.8875e+03,1.9893e-10
2.8900e+03,2.2221e-10
2.8925e+03,2.4324e-10
2.8950e+03,2.6631e-10
2.8975e+03,2.9374e-10
2.9000e+03,3.2286e-10
2.9025e+03,3.4005e-10
2.9050e+03,3.5046e-10
2.9075e+03,3.5516e-10
2.9100e+03,3.5739e-10
2.9125e+03,3.5918e-10
2.9150e+03,3.6546e-10
2.9175e+03,3.6812e-10
2.9200e+03,3.6126e-10
2.9225e+03,3.5132e-10
2.9250e+03,3.4388e-10
2.9275e+03,3.4373e-10
2.9300e+03,3.4417e-10
2.9325e+03,3.4688e-10
2.9350e+03,3.4768e-10
2.9375e+03,3.5003e-10
2.9400e+03,3.4746e-10
2.9425e+03,3.3487e-10
2.9450e+03,3.3111e-10
2.9475e+03,3.3521e-10
2.9500e+03,3.4921e-10
2.9525e+03,3.5252e-10
2.9550e+03,3.6149e-10
2.9575e+03,3.6571e-10
2.9600e+03,3.5730e-10
2.9625e+03,3.3661e-10
2.9650e+03,3.0350e-10
2.9675e+03,2.8039e-10
2.9700e+03,2.7398e-10
2.9725e+03,2.8835e-10
2.9750e+03,3.0991e-10
2.9775e+03,3.2471e-10
2.9800e+03,3.2445e-10
2.9825e+03,3.1398e-10
2.9850e+03,3.0221e-10
2.9875e+03,2.8819e-10
2.9900e+03,2.8225e-10
2.9925e+03,2.8756e-10
2.9950e+03,2.8085e-10
2.9975e+03,2.6636e-10
3.0000e+03,2.4991e-10
3.0025e+03,2.3690e-10
3.0050e+03,2.3474e-10
3.0075e+03,2.4451e-10
3.0100e+03,2.5808e-10
3.0125e+03,2.6465e-10
3.0150e+03,2.6279e-10
3.0175e+03,2.5516e-10
3.0200e+03,2.5260e-10
3.0225e+03,2.6355e-10
3.0250e+03,2.8360e-10
3.0275e+03,3.2906e-10
3.0300e+03,3.7793e-10
3.0325e+03,4.1252e-10
3.0350e+03,4.1683e-10
3.0375e+03,4.1584e-10
3.0400e+03,4.0884e-10
3.0425e+03,4.0005e-10
3.0450e+03,4.0596e-10
3.0475e+03,4.2387e-10
3.0500e+03,4.3584e-10
3.0525e+03,4.3434e-10
3.0550e+03,4.2044e-10
3.0575e+03,4.0172e-10
3.0600e+03,3.8235e-10
3.0625e+03,3.6710e-10
3.0650e+03,3.7228e-10
3.0675e+03,3.9818e-10
3.0700e+03,4.2643e-10
3.0725e+03,4.5430e-10
3.0750e+03,4.7995e-10
3.0775e+03,5.0060e-10
3.0800e+03,5.1691e-10
3.0825e+03,5.2870e-10
3.0850e+03,5.2319e-10
3.0875e+03,5.0520e-10
3.0900e+03,4.8393e-10
3.0925e+03,4.5284e-10
3.0950e+03,4.1913e-10
3.0975e+03,4.1617e-10
3.1000e+03,4.4190e-10
3.1025e+03,4.8678e-10
3.1050e+03,5.5271e-10
3.1075e+03,6.2711e-10
3.1100e+03,6.7786e-10
3.1125e+03,6.9753e-10
3.1150e+03,6.8424e-10
3.1175e+03,6.5290e-10
3.1200e+03,6.1371e-10
3.1225e+03,5.8299e-10
3.1250e+03,5.6497e-10
3.1275e+03,5.6763e-10
3.1300e+03,5.7719e-10
3.1325e+03,5.9773e-10
3.1350e+03,6.2331e-10
3.1375e+03,6.4367e-10
3.1400e+03,6.4852e-10
3.1425e+03,6.4477e-10
3.1450e+03,6.4436e-10
3.1475e+03,6.4451e-10
3.1500e+03,6.3885e-10
3.1525e+03,6.3010e-10
3.1550e+03,6.1375e-10
3.1575e+03,5.9518e-10
3.1600e+03,5.7613e-10
3.1625e+03,5.8285e-10
3.1650e+03,6.1091e-10
3.1675e+03,6.6451e-10
3.1700e+03,7.2504e-10
3.1725e+03,7.7627e-10
3.1750e+03,7.9330e-10
3.1775e+03,7.6240e-10
3.1800e+03,7.3587e-10
3.1825e+03,7.1267e-10
3.1850e+03,6.9665e-10
3.1875e+03,6.8377e-10
3.1900e+03,6.9961e-10
3.1925e+03,7.1405e-10
3.1950e+03,7.1387e-10
3.1975e+03,7.1741e-10
3.2000e+03,7.3394e-10
3.2025e+03,7.2540e-10
3.2050e+03,7.1686e-10
3.2075e+03,7.0833e-10
3.2100e+03,6.9979e-10
3.2125e+03,6.9121e-10
3.2150e+03,6.8268e-10
3.2175e+03,6.7414e-10
3.2200e+03,6.6560e-10
3.2225e+03,6.8946e-10
3.2250e+03,7.1336e-10
3.2275e+03,7.3722e-10
3.2300e+03,7.6112e-10
3.2325e+03,7.8499e-10
3.2350e+03,8.0888e-10
3.2375e+03,8.3275e-10
3.2400e+03,8.5661e-10
3.2600e+03,1.0628e-09
3.2700e+03,1.0056e-09
3.2800e+03,9.6607e-10
3.2900e+03,1.0882e-09
3.3000e+03,1.1091e-09
3.3100e+03,1.0913e-09
3.3200e+03,1.0105e-09
3.3300e+03,9.6304e-10
3.3400e+03,1.0956e-09
3.3500e+03,1.2479e-09
3.3600e+03,8.9021e-10
3.3700e+03,7.6736e-10
3.3800e+03,8.9058e-10
3.3900e+03,1.1223e-09
3.4000e+03,1.1291e-09
3.4100e+03,1.1749e-09
3.4200e+03,1.1444e-09
3.4300e+03,1.2478e-09
3.4400e+03,1.1536e-09
3.4500e+03,1.0436e-09
3.4600e+03,1.2031e-09
3.4700e+03,1.1309e-09
3.4800e+03,1.1564e-09
3.4900e+03,1.0789e-09
3.5000e+03,1.1658e-09
3.5100e+03,1.2679e-09
3.5200e+03,1.1643e-09
3.5300e+03,1.1239e-09
3.5400e+03,1.2721e-09
3.5500e+03,1.3089e-09
3.5600e+03,1.1041e-09
3.5700e+03,1.0589e-09
3.5800e+03,7.9922e-10
3.5900e+03,8.7190e-10
3.6000e+03,1.2096e-09
3.6100e+03,1.2140e-09
3.6200e+03,1.1397e-09
3.6300e+03,1.2098e-09
3.6400e+03,1.2976e-09
3.6500e+03,1.3437e-09
3.6600e+03,1.5380e-09
3.6700e+03,1.6070e-09
3.6800e+03,1.4805e-09
3.6900e+03,1.4570e-09
3.7000e+03,1.4961e-09
3.7100e+03,1.5419e-09
3.7200e+03,1.3136e-09
3.7300e+03,1.0853e-09
3.7400e+03,1.0519e-09
3.7500e+03,1.1084e-09
3.7600e+03,1.1872e-09
3.7700e+03,1.3593e-09
3.7800e+03,1.6566e-09
3.7900e+03,1.4975e-09
3.8000e+03,1.3332e-09
3.8100e+03,1.3240e-09
3.8200e+03,1.0409e-09
3.8300e+03,8.0301e-10
3.8400e+03,9.3170e-10
3.8500e+03,1.0307e-09
3.8600e+03,1.0031e-09
3.8700e+03,9.8016e-10
3.8800e+03,9.7957e-10
3.8900e+03,1.2547e-09
3.9000e+03,1.4441e-09
3.9100e+03,1.5656e-09
3.9200e+03,1.5274e-09
3.9300e+03,9.3615e-10
3.9400e+03,8.5150e-10
3.9500e+03,1.4731e-09
3.9600e+03,1.5122e-09
3.9700e+03,1.0501e-09
3.9800e+03,1.5453e-09
3.9900e+03,2.2629e-09
4.0000e+03,2.4162e-09
4.0100e+03,2.4992e-09
4.0200e+03,2.5683e-09
4.0300e+03,2.4949e-09
4.0400e+03,2.4310e-09
4.0500e+03,2.4622e-09
4.0600e+03,2.4508e-09
4.0700e+03,2.2750e-09
4.0800e+03,2.5206e-09
4.0900e+03,2.6612e-09
4.1000e+03,2.5883e-09
4.1100e+03,2.5763e-09
4.1200e+03,2.6219e-09
4.1300e+03,2.4580e-09
4.1400e+03,2.3732e-09
4.1500e+03,2.3585e-09
4.1600e+03,2.4745e-09
4.1700e+03,2.5104e-09
4.1800e+03,2.3697e-09
4.1900e+03,2.4102e-09
4.2000e+03,2.4269e-09
4.2100e+03,2.4573e-09
4.2200e+03,2.5022e-09
4.2300e+03,2.4193e-09
4.2400e+03,2.5396e-09
4.2500e+03,2.5614e-09
4.2600e+03,2.5494e-09
4.2700e+03,2.4251e-09
4.2800e+03,2.3594e-09
4.2900e+03,2.2841e-09
4.3000e+03,1.8268e-09
4.3100e+03,1.9125e-09
4.3200e+03,2.4233e-09
4.3300e+03,2.8113e-09
4.3400e+03,2.8548e-09
4.3500e+03,2.8119e-09
4.3600e+03,2.9574e-09
4.3700e+03,2.8946e-09
4.3800e+03,2.7053e-09
4.3900e+03,2.6258e-09
4.4000e+03,2.8884e-09
4.4100e+03,2.8531e-09
4.4200e+03,3.1326e-09
4.4300e+03,3.0683e-09
4.4400e+03,3.1618e-09
4.4500e+03,3.0659e-09
4.4600e+03,3.0588e-09
4.4700e+03,3.2186e-09
4.4800e+03,3.3659e-09
4.4900e+03,3.4020e-09
4.5000e+03,3.5875e-09
4.5100e+03,3.7159e-09
4.5200e+03,3.4085e-09
4.5300e+03,3.2995e-09
4.5400e+03,3.4612e-09
4.5500e+03,3.4722e-09
4.5600e+03,3.6619e-09
4.5700e+03,3.6830e-09
4.5800e+03,3.5667e-09
4.5900e+03,3.5018e-09
4.6000e+03,3.6644e-09
4.6100e+03,3.6827e-09
4.6200e+03,3.7246e-09
4.6300e+03,3.7038e-09
4.6400e+03,3.6196e-09
4.6500e+03,3.6158e-09
4.6600e+03,3.5330e-09
4.6700e+03,3.5717e-09
4.6800e+03,3.5595e-09
4.6900e+03,3.6264e-09
4.7000e+03,3.5173e-09
4.7100e+03,3.4814e-09
4.7200e+03,3.6117e-09
4.7300e+03,3.6509e-09
4.7400e+03,3.7064e-09
4.7500e+03,3.7432e-09
4.7600e+03,3.6739e-09
4.7700e+03,3.6298e-09
4.7800e+03,3.7111e-09
4.7900e+03,3.7910e-09
4.8000e+03,3.7877e-09
4.8100e+03,3.8312e-09
4.8200e+03,3.8691e-09
4.8300e+03,3.7465e-09
4.8400e+03,3.6910e-09
4.8500e+03,3.6706e-09
4.8600e+03,3.4849e-09
4.8700e+03,3.2769e-09
4.8800e+03,3.5759e-09
4.8900e+03,3.5386e-09
4.9000e+03,3.6896e-09
4.9100e+03,3.6783e-09
4.9200e+03,3.5088e-09
4.9300e+03,3.4700e-09
4.9400e+03,3.6666e-09
4.9500e+03,3.7107e-09
4.9600e+03,3.6932e-09
4.9700e+03,3.7662e-09
4.9800e+03,3.5957e-09
4.9900e+03,3.5680e-09
5.0000e+03,3.5781e-09
5.0100e+03,3.4051e-09
5.0200e+03,3.4645e-09
5.0300e+03,3.5640e-09
5.0400e+03,3.6139e-09
5.0500e+03,3.5758e-09
5.0600e+03,3.6651e-09
5.0700e+03,3.6226e-09
5.0800e+03,3.5306e-09
5.0900e+03,3.4877e-09
5.1000e+03,3.4941e-09
5.1100e+03,3.4062e-09
5.1200e+03,3.5133e-09
5.1300e+03,3.4290e-09
5.1400e+03,3.4575e-09
5.1500e+03,3.3815e-09
5.1600e+03,3.3376e-09
5.1700e+03,3.1636e-09
5.1800e+03,3.0957e-09
5.1900e+03,3.2622e-09
5.2000e+03,3.4879e-09
5.2100e+03,3.5063e-09
5.2200e+03,3.4954e-09
5.2300e+03,3.5148e-09
5.2400e+03,3.6761e-09
5.2500e+03,3.6122e-09
5.2600e+03,3.4020e-09
5.2700e+03,3.2687e-09
5.2800e+03,3.4883e-09
5.2900e+03,3.7440e-09
5.3000e+03,3.6976e-09
5.3100e+03,3.7538e-09
5.3200e+03,3.7326e-09
5.3300e+03,3.5996e-09
5.3400e+03,3.6172e-09
5.3500e+03,3.7002e-09
5.3600e+03,3.8731e-09
5.3700e+03,3.7498e-09
5.3800e+03,3.7629e-09
5.3900e+03,3.7764e-09
5.4000e+03,3.6485e-09
5.4100e+03,3.5549e-09
5.4200e+03,3.5945e-09
5.4300e+03,3.6812e-09
5.4400e+03,3.7060e-09
5.4500e+03,3.7907e-09
5.4600e+03,3.6253e-09
5.4700e+03,3.7480e-09
5.4800e+03,3.6191e-09
5.4900e+03,3.6126e-09
5.5000e+03,3.7184e-09
5.5100e+03,3.6538e-09
5.5200e+03,3.6441e-09
5.5300e+03,3.6141e-09
5.5400e+03,3.6396e-09
5.5500e+03,3.7341e-09
5.5600e+03,3.7852e-09
5.5700e+03,3.6505e-09
5.5800e+03,3.6337e-09
5.5900e+03,3.6032e-09
5.6000e+03,3.5551e-09
5.6100e+03,3.6863e-09
5.6200e+03,3.6943e-09
5.6300e+03,3.6743e-09
5.6400e+03,3.6473e-09
5.6500e+03,3.6450e-09
5.6600e+03,3.6390e-09
5.6700e+03,3.6088e-09
5.6800e+03,3.6717e-09
5.6900e+03,3.7031e-09
5.7000e+03,3.6221e-09
5.7100e+03,3.5450e-09
5.7200e+03,3.6273e-09
5.7300e+03,3.7191e-09
5.7400e+03,3.7264e-09
5.7600e+03,3.6841e-09
5.7800e+03,3.7345e-09
5.8000e+03,3.7319e-09
5.8200e+03,3.9023e-09
5.8400e+03,3.8987e-09
5.8600e+03,3.7622e-09
5.8800e+03,3.6823e-09
5.9000e+03,3.6194e-09
5.9200e+03,3.8129e-09
5.9400e+03,3.8439e-09
5.9600e+03,3.8333e-09
5.9800e+03,3.7958e-09
6.0000e+03,3.7549e-09
6.0200e+03,3.7425e-09
6.0400e+03,3.7903e-09
6.0600e+03,3.7892e-09
6.0800e+03,3.7735e-09
6.1000e+03,3.7932e-09
6.1200e+03,3.7658e-09
6.1400e+03,3.6706e-09
6.1600e+03,3.6353e-09
6.1800e+03,3.6757e-09
6.2000e+03,3.6837e-09
6.2200e+03,3.6972e-09
6.2400e+03,3.6082e-09
6.2600e+03,3.5399e-09
6.2800e+03,3.5960e-09
6.3000e+03,3.6151e-09
6.3200e+03,3.6366e-09
6.3400e+03,3.5805e-09
6.3600e+03,3.6046e-09
6.3800e+03,3.5874e-09
6.4000e+03,3.5840e-09
6.4200e+03,3.5617e-09
6.4400e+03,3.4915e-09
6.4600e+03,3.4938e-09
6.4800e+03,3.4089e-09
6.5000e+03,3.4693e-09
6.5200e+03,3.5393e-09
6.5400e+03,3.4634e-09
6.5600e+03,3.3881e-09
6.5800e+03,3.4621e-09
6.6000e+03,3.5530e-09
6.6200e+03,3.4658e-09
6.6400e+03,3.4877e-09
6.6600e+03,3.4619e-09
6.6800e+03,3.4932e-09
6.7000e+03,3.4626e-09
6.7200e+03,3.4689e-09
6.7400e+03,3.4630e-09
6.7600e+03,3.5444e-09
6.7800e+03,3.4969e-09
6.8000e+03,3.4739e-09
6.8200e+03,3.5609e-09
6.8400e+03,3.6724e-09
6.8600e+03,3.4558e-09
6.8800e+03,3.3680e-09
6.9000e+03,3.4857e-09
6.9200e+03,3.4978e-09
6.9400e+03,3.4227e-09
6.9600e+03,3.3597e-09
6.9800e+03,3.3427e-09
7.0000e+03,3.2602e-09
7.0200e+03,3.3653e-09
7.0400e+03,3.3485e-09
7.0600e+03,3.3073e-09
7.0800e+03,3.2887e-09
7.1000e+03,3.2680e-09
7.1200e+03,3.2605e-09
7.1400e+03,3.2096e-09
7.1600e+03,3.2026e-09
7.1800e+03,3.1332e-09
7.2000e+03,3.0881e-09
7.2200e+03,3.1433e-09
7.2400e+03,3.0921e-09
7.2600e+03,3.1087e-09
7.2800e+03,3.1040e-09
7.3000e+03,3.0975e-09
7.3200e+03,3.1530e-09
7.3400e+03,3.1070e-09
7.3600e+03,3.1495e-09
7.3800e+03,3.1242e-09
7.4000e+03,3.1073e-09
7.4200e+03,3.1087e-09
7.4400e+03,3.1221e-09
7.4600e+03,3.1073e-09
7.4800e+03,3.0769e-09
7.5000e+03,3.0624e-09
7.5200e+03,3.1499e-09
7.5400e+03,3.2930e-09
7.5600e+03,3.3530e-09
7.5800e+03,3.2795e-09
7.6000e+03,2.7619e-09
7.6200e+03,3.0259e-09
7.6400e+03,3.0119e-09
7.6600e+03,2.9737e-09
7.6800e+03,2.7572e-09
7.7000e+03,2.8794e-09
7.7200e+03,2.9610e-09
7.7400e+03,2.9975e-09
7.7600e+03,3.0280e-09
7.7800e+03,2.9922e-09
7.8000e+03,2.9551e-09
7.8200e+03,2.9563e-09
7.8400e+03,2.9197e-09
7.8600e+03,2.8905e-09
7.8800e+03,2.8260e-09
7.9000e+03,2.8259e-09
7.9200e+03,2.7762e-09
7.9400e+03,2.7763e-09
7.9600e+03,2.7729e-09
7.9800e+03,2.8008e-09
8.0000e+03,2.8058e-09
8.0200e+03,2.7730e-09
8.0400e+03,2.8019e-09
8.0600e+03,2.7625e-09
8.0800e+03,2.7607e-09
8.1000e+03,2.7488e-09
8.1200e+03,2.7873e-09
8.1400e+03,2.7468e-09
8.1600e+03,2.6852e-09
8.1800e+03,2.5927e-09
8.2000e+03,2.8220e-09
8.2200e+03,2.7461e-09
8.2400e+03,2.7083e-09
8.2600e+03,2.9159e-09
8.2800e+03,2.7759e-09
8.3000e+03,2.7770e-09
8.3200e+03,2.6341e-09
8.3400e+03,2.7106e-09
8.3600e+03,2.5629e-09
8.3800e+03,2.7005e-09
8.4000e+03,2.8290e-09
8.4200e+03,2.8031e-09
8.4400e+03,2.7090e-09
8.4600e+03,2.7936e-09
8.4800e+03,2.7112e-09
8.5000e+03,2.7474e-09
8.5200e+03,2.5790e-09
8.5400e+03,2.5198e-09
8.5600e+03,2.5656e-09
8.5800e+03,2.6693e-09
8.6000e+03,2.6091e-09
8.6200e+03,2.7221e-09
8.6400e+03,2.5642e-09
8.6600e+03,2.5420e-09
8.6800e+03,2.5171e-09
8.7000e+03,2.7148e-09
8.7200e+03,2.6091e-09
8.7400e+03,2.5841e-09
8.7600e+03,2.6228e-09
8.7800e+03,2.5061e-09
8.8000e+03,2.5632e-09
8.8200e+03,2.5318e-09
8.8400e+03,2.5486e-09
8.8600e+03,2.5203e-09
8.8800e+03,2.5595e-09
8.9000e+03,2.5004e-09
8.9200e+03,2.5867e-09
8.9400e+03,2.4906e-09
8.9600e+03,2.4064e-09
8.9800e+03,2.4862e-09
9.0000e+03,2.2388e-09
9.0200e+03,2.4044e-09
9.0400e+03,2.6917e-09
9.0600e+03,2.3953e-09
9.0800e+03,2.2035e-09
9.1000e+03,2.4051e-09
9.1200e+03,2.4079e-09
9.1400e+03,2.2940e-09
9.1600e+03,2.2867e-09
9.1800e+03,2.3030e-09
9.2000e+03,2.4630e-09
9.2200e+03,2.4080e-09
9.2400e+03,2.3561e-09
9.2600e+03,2.3575e-09
9.2800e+03,2.5904e-09
9.3000e+03,2.3399e-09
9.3200e+03,2.0380e-09
9.3400e+03,2.3681e-09
9.3600e+03,2.0875e-09
9.3800e+03,2.1001e-09
9.4000e+03,2.5723e-09
9.4200e+03,2.0623e-09
9.4400e+03,1.8970e-09
9.4600e+03,2.2751e-09
9.4800e+03,2.1557e-09
9.5000e+03,2.0449e-09
9.5200e+03,2.3528e-09
9.5400e+03,2.4925e-09
9.5600e+03,2.3536e-09
9.5800e+03,2.2437e-09
9.6000e+03,2.1683e-09
9.6200e+03,2.1844e-09
9.6400e+03,2.1348e-09
9.6600e+03,2.2613e-09
9.6800e+03,2.1385e-09
9.7000e+03,2.2085e-09
9.7200e+03,2.2077e-09
9.7400e+03,2.1998e-09
9.7600e+03,2.1908e-09
9.7800e+03,2.1332e-09
9.8000e+03,2.1187e-09
9.8200e+03,2.2100e-09
9.8400e+03,2.2262e-09
9.8600e+03,2.0885e-09
9.8800e+03,2.1561e-09
9.9000e+03,2.2410e-09
9.9200e+03,2.2298e-09
9.9400e+03,2.1637e-09
9.9600e+03,2.2521e-09
9.9800e+03,2.1831e-09
1.0000e+04,2.2474e-09
1.0020e+04,2.2793e-09
1.0040e+04,2.1691e-09
1.0060e+04,2.1878e-09
1.0080e+04,2.1803e-09
1.0100e+04,2.1587e-09
1.0120e+04,2.1296e-09
1.0140e+04,2.1922e-09
1.0160e+04,2.1890e-09
1.0180e+04,2.2337e-09
1.0200e+04,2.2091e-09
1.0220e+04,2.1920e-09
1.0240e+04,2.1539e-09
1.0260e+04,2.1812e-09
1.0280e+04,2.1769e-09
1.0300e+04,2.1465e-09
1.0320e+04,2.0946e-09
1.0340e+04,2.0026e-09
1.0360e+04,2.1238e-09
1.0380e+04,2.0170e-09
1.0400e+04,1.9755e-09
1.0420e+04,2.1290e-09
1.0440e+04,2.0732e-09
1.0460e+04,1.9529e-09
1.0480e+04,2.1491e-09
1.0500e+04,2.0736e-09
1.0520e+04,1.9907e-09
1.0540e+04,2.0878e-09
1.0560e+04,2.1265e-09
1.0580e+04,2.0493e-09
1.0600e+04,2.0057e-09
1.0800e+04,1.9082e-09
1.1000e+04,1.8078e-09
1.1200e+04,1.7080e-09
1.1400e+04,1.6116e-09
1.1600e+04,1.5210e-09
1.1800e+04,1.4377e-09
1.2000e+04,1.3632e-09
1.2200e+04,1.2984e-09
1.2400e+04,1.2441e-09
1.2600e+04,1.2020e-09
1.2800e+04,1.1600e-09
1.3000e+04,1.1257e-09
1.3200e+04,1.0923e-09
1.3400e+04,1.0583e-09
1.3600e+04,1.0247e-09
1.3800e+04,9.9409e-10
1.4000e+04,9.6461e-10
1.4200e+04,9.2404e-10
1.4400e+04,8.9587e-10
1.4600e+04,8.7416e-10
1.4800e+04,8.5095e-10
1.5000e+04,8.2968e-10
1.5200e+04,8.0560e-10
1.5400e+04,7.8261e-10
1.5600e+04,7.5959e-10
1.5800e+04,7.3923e-10
1.6000e+04,7.2318e-10
1.6200e+04,7.0606e-10
1.6400e+04,6.8738e-10
1.6600e+04,6.6549e-10
1.6800e+04,6.4079e-10
1.7000e+04,6.1671e-10
1.7200e+04,5.9263e-10
1.7400e+04,5.6902e-10
1.7600e+04,5.4796e-10
1.7800e+04,5.2761e-10
1.8000e+04,5.0659e-10
1.8200e+04,4.8926e-10
1.8400e+04,4.7193e-10
1.8600e+04,4.5412e-10
1.8800e+04,4.3894e-10
1.9000e+04,4.2529e-10
1.9200e+04,4.1231e-10
1.9400e+04,3.9756e-10
1.9600e+04,3.8282e-10
1.9800e+04,3.6914e-10
2.0000e+04,3.5657e-10
2.0200e+04,3.4662e-10
2.0400e+04,3.3512e-10
2.0600e+04,3.2385e-10
2.0800e+04,3.1257e-10
2.1000e+04,3.0001e-10
2.1200e+04,2.9002e-10
2.1400e+04,2.8006e-10
2.1600e+04,2.6988e-10
2.1800e+04,2.5990e-10
2.2000e+04,2.5144e-10
2.2200e+04,2.4387e-10
2.2400e+04,2.3642e-10
2.2600e+04,2.2773e-10
2.2800e+04,2.2133e-10
2.3000e+04,2.1396e-10
2.3200e+04,2.0658e-10
2.3400e+04,2.0029e-10
2.3600e+04,1.9392e-10
2.3800e+04,1.8754e-10
2.4000e+04,1.8144e-10
2.4200e+04,1.7532e-10
2.4400e+04,1.7029e-10
2.4600e+04,1.6527e-10
2.4800e+04,1.6041e-10
2.5000e+04,1.5660e-10
2.5200e+04,1.5269e-10
2.5400e+04,1.4888e-10
2.5600e+04,1.4511e-10
