# wavelength, f_lambda
2.2900e+02,0.0000e+00
2.3400e+02,0.0000e+00
2.4300e+02,0.0000e+00
2.5200e+02,0.0000e+00
2.5600e+02,0.0000e+00
2.6000e+02,0.0000e+00
2.6600e+02,0.0000e+00
2.7500e+02,0.0000e+00
2.8300e+02,0.0000e+00
2.9300e+02,0.0000e+00
3.0100e+02,0.0000e+00
3.0900e+02,0.0000e+00
3.2500e+02,0.0000e+00
3.4200e+02,0.0000e+00
3.5100e+02,0.0000e+00
3.5600e+02,0.0000e+00
3.6500e+02,0.0000e+00
3.7500e+02,0.0000e+00
3.8400e+02,0.0000e+00
4.0000e+02,0.0000e+00
4.1500e+02,0.0000e+00
4.2500e+02,0.0000e+00
4.4500e+02,0.0000e+00
4.7200e+02,0.0000e+00
4.9400e+02,0.0000e+00
5.0600e+02,0.0000e+00
5.1600e+02,0.0000e+00
5.4000e+02,0.0000e+00
5.6400e+02,0.0000e+00
5.8700e+02,0.0000e+00
6.1200e+02,0.0000e+00
6.4000e+02,0.0000e+00
6.7100e+02,0.0000e+00
7.0500e+02,0.0000e+00
7.3600e+02,0.0000e+00
7.7000e+02,0.0000e+00
8.1000e+02,0.0000e+00
8.5000e+02,0.0000e+00
8.9000e+02,0.0000e+00
9.2000e+02,0.0000e+00
9.4000e+02,0.0000e+00
9.6200e+02,0.0000e+00
9.8700e+02,0.0000e+00
1.0120e+03,0.0000e+00
1.0370e+03,0.0000e+00
1.0620e+03,0.0000e+00
1.0870e+03,0.0000e+00
1.1120e+03,0.0000e+00
1.1200e+03,0.0000e+00
1.1400e+03,0.0000e+00
1.1600e+03,0.0000e+00
1.1800e+03,0.0000e+00
1.2000e+03,0.0000e+00
1.2200e+03,0.0000e+00
1.2400e+03,0.0000e+00
1.2600e+03,0.0000e+00
1.2800e+03,0.0000e+00
1.3000e+03,0.0000e+00
1.3200e+03,0.0000e+00
1.3400e+03,0.0000e+00
1.3600e+03,0.0000e+00
1.3800e+03,0.0000e+00
1.4000e+03,0.0000e+00
1.4200e+03,0.0000e+00
1.4400e+03,0.0000e+00
1.4600e+03,0.0000e+00
1.4800e+03,0.0000e+00
1.5000e+03,0.0000e+00
1.5200e+03,0.0000e+00
1.5400e+03,0.0000e+00
1.5600e+03,0.0000e+00
1.5800e+03,0.0000e+00
1.6000e+03,0.0000e+00
1.6200e+03,0.0000e+00
1.6400e+03,0.0000e+00
1.6600e+03,0.0000e+00
1.6800e+03,0.0000e+00
1.7000e+03,0.0000e+00
1.7200e+03,0.0000e+00
1.7400e+03,0.0000e+00
1.7600e+03,0.0000e+00
1.7800e+03,0.0000e+00
1.8000e+03,0.0000e+00
1.8200e+03,0.0000e+00
1.8400e+03,0.0000e+00
1.8600e+03,0.0000e+00
1.8800e+03,0.0000e+00
1.9000e+03,0.0000e+00
1.9200e+03,0.0000e+00
1.9400e+03,0.0000e+00
1.9600e+03,0.0000e+00
1.9800e+03,0.0000e+00
2.0000e+03,9.5629e-13
2.0025e+03,6.7793e-12
2.0050e+03,7.3905e-12
2.0075e+03,5.8288e-12
2.0100e+03,4.7838e-12
2.0125e+03,4.2989e-12
2.0150e+03,3.9990e-12
2.0175e+03,3.5826e-12
2.0200e+03,2.8002e-12
2.0225e+03,2.6163e-12
2.0250e+03,3.1003e-12
2.0275e+03,2.7829e-12
2.0300e+03,2.5275e-12
2.0325e+03,3.7074e-12
2.0350e+03,4.8823e-12
2.0375e+03,4.6152e-12
2.0400e+03,4.2756e-12
2.0425e+03,3.8530e-12
2.0450e+03,4.1256e-12
2.0475e+03,4.5251e-12
2.0500e+03,4.0081e-12
2.0525e+03,3.3374e-12
2.0550e+03,2.7067e-12
2.0575e+03,2.7808e-12
2.0600e+03,3.6538e-12
2.0625e+03,5.0275e-12
2.0650e+03,6.7472e-12
2.0675e+03,6.5377e-12
2.0700e+03,6.4111e-12
2.0725e+03,7.0281e-12
2.0750e+03,7.8819e-12
2.0775e+03,9.2699e-12
2.0800e+03,9.6472e-12
2.0825e+03,9.3407e-12
2.0850e+03,9.3268e-12
2.0875e+03,9.4239e-12
2.0900e+03,9.4855e-12
2.0925e+03,9.3549e-12
2.0950e+03,8.9131e-12
2.0975e+03,8.3672e-12
2.1000e+03,7.7852e-12
2.1025e+03,7.1204e-12
2.1050e+03,6.4341e-12
2.1075e+03,6.1711e-12
2.1100e+03,5.9262e-12
2.1125e+03,7.0362e-12
2.1150e+03,8.2796e-12
2.1175e+03,9.6661e-12
2.1200e+03,1.0276e-11
2.1225e+03,1.0580e-11
2.1250e+03,1.1068e-11
2.1275e+03,1.1733e-11
2.1300e+03,1.1716e-11
2.1325e+03,1.1779e-11
2.1350e+03,1.2107e-11
2.1375e+03,1.2030e-11
2.1400e+03,1.1096e-11
2.1425e+03,1.0605e-11
2.1450e+03,1.0406e-11
2.1475e+03,1.0880e-11
2.1500e+03,1.1304e-11
2.1525e+03,1.1567e-11
2.1550e+03,1.1314e-11
2.1575e+03,1.0336e-11
2.1600e+03,1.1069e-11
2.1625e+03,1.2101e-11
2.1650e+03,1.2070e-11
2.1675e+03,1.1846e-11
2.1700e+03,1.2513e-11
2.1725e+03,1.3042e-11
2.1750e+03,1.3393e-11
2.1775e+03,1.3987e-11
2.1800e+03,1.4853e-11
2.1825e+03,1.4934e-11
2.1850e+03,1.5070e-11
2.1875e+03,1.6087e-11
2.1900e+03,1.6976e-11
2.1925e+03,1.7086e-11
2.1950e+03,1.7085e-11
2.1975e+03,1.7050e-11
2.2000e+03,1.6382e-11
2.2025e+03,1.5578e-11
2.2050e+03,1.4843e-11
2.2075e+03,1.4064e-11
2.2100e+03,1.3092e-11
2.2125e+03,1.2931e-11
2.2150e+03,1.3718e-11
2.2175e+03,1.4220e-11
2.2200e+03,1.4468e-11
2.2225e+03,1.5084e-11
2.2250e+03,1.5725e-11
2.2275e+03,1.6448e-11
2.2300e+03,1.7250e-11
2.2325e+03,1.7824e-11
2.2350e+03,1.7846e-11
2.2375e+03,1.7585e-11
2.2400e+03,1.7875e-11
2.2425e+03,1.8570e-11
2.2450e+03,1.9689e-11
2.2475e+03,2.0647e-11
2.2500e+03,2.1415e-11
2.2525e+03,2.1909e-11
2.2550e+03,2.2389e-11
2.2575e+03,2.1985e-11
2.2600e+03,2.1129e-11
2.2625e+03,2.0718e-11
2.2650e+03,2.0172e-11
2.2675e+03,1.9766e-11
2.2700e+03,1.9434e-11
2.2725e+03,1.9141e-11
2.2750e+03,1.9346e-11
2.2775e+03,1.9743e-11
2.2800e+03,1.9788e-11
2.2825e+03,1.9877e-11
2.2850e+03,2.0682e-11
2.2875e+03,2.1164e-11
2.2900e+03,2.1142e-11
2.2925e+03,2.1033e-11
2.2950e+03,2.0741e-11
2.2975e+03,2.0072e-11
2.3000e+03,1.9545e-11
2.3025e+03,2.0540e-11
2.3050e+03,2.0869e-11
2.3075e+03,2.0150e-11
2.3100e+03,2.0006e-11
2.3125e+03,2.0582e-11
2.3150e+03,2.1281e-11
2.3175e+03,2.2070e-11
2.3200e+03,2.3252e-11
2.3225e+03,2.4646e-11
2.3250e+03,2.5581e-11
2.3275e+03,2.6487e-11
2.3300e+03,2.7385e-11
2.3325e+03,2.7821e-11
2.3350e+03,2.7834e-11
2.3375e+03,2.7543e-11
2.3400e+03,2.7170e-11
2.3425e+03,2.6576e-11
2.3450e+03,2.5772e-11
2.3475e+03,2.5270e-11
2.3500e+03,2.5342e-11
2.3525e+03,2.5574e-11
2.3550e+03,2.5727e-11
2.3575e+03,2.5506e-11
2.3600e+03,2.5462e-11
2.3625e+03,2.5778e-11
2.3650e+03,2.7143e-11
2.3675e+03,2.7600e-11
2.3700e+03,2.7248e-11
2.3725e+03,2.7312e-11
2.3750e+03,2.7945e-11
2.3775e+03,2.8188e-11
2.3800e+03,2.8165e-11
2.3825e+03,2.7839e-11
2.3850e+03,2.7469e-11
2.3875e+03,2.7456e-11
2.3900e+03,2.7355e-11
2.3925e+03,2.7280e-11
2.3950e+03,2.6810e-11
2.3975e+03,2.6350e-11
2.4000e+03,2.6979e-11
2.4025e+03,2.7289e-11
2.4050e+03,2.5347e-11
2.4075e+03,2.5028e-11
2.4100e+03,2.5164e-11
2.4125e+03,2.5121e-11
2.4150e+03,2.5568e-11
2.4175e+03,2.9225e-11
2.4200e+03,3.1786e-11
2.4225e+03,3.3769e-11
2.4250e+03,3.5849e-11
2.4275e+03,3.7954e-11
2.4300e+03,3.8625e-11
2.4325e+03,3.8169e-11
2.4350e+03,3.8330e-11
2.4375e+03,3.8961e-11
2.4400e+03,3.9245e-11
2.4425e+03,3.8830e-11
2.4450e+03,3.8056e-11
2.4475e+03,3.7487e-11
2.4500e+03,3.6196e-11
2.4525e+03,3.5895e-11
2.4550e+03,3.6159e-11
2.4575e+03,3.6615e-11
2.4600e+03,3.7735e-11
2.4625e+03,3.8213e-11
2.4650e+03,3.8260e-11
2.4675e+03,3.7093e-11
2.4700e+03,3.7330e-11
2.4725e+03,3.8158e-11
2.4750e+03,3.8563e-11
2.4775e+03,3.8800e-11
2.4800e+03,4.0315e-11
2.4825e+03,3.9665e-11
2.4850e+03,3.6476e-11
2.4875e+03,3.4961e-11
2.4900e+03,3.4615e-11
2.4925e+03,3.5402e-11
2.4950e+03,3.7669e-11
2.4975e+03,4.1278e-11
2.5000e+03,4.3759e-11
2.5025e+03,4.5186e-11
2.5050e+03,4.5620e-11
2.5075e+03,4.4230e-11
2.5100e+03,4.1975e-11
2.5125e+03,3.9928e-11
2.5150e+03,3.7753e-11
2.5175e+03,3.5555e-11
2.5200e+03,3.2862e-11
2.5225e+03,3.2083e-11
2.5250e+03,3.2904e-11
2.5275e+03,3.4545e-11
2.5300e+03,3.7155e-11
2.5325e+03,4.0570e-11
2.5350e+03,4.3635e-11
2.5375e+03,4.5605e-11
2.5400e+03,4.7397e-11
2.5425e+03,4.9195e-11
2.5450e+03,5.0688e-11
2.5475e+03,5.2505e-11
2.5500e+03,5.4979e-11
2.5525e+03,5.7248e-11
2.5550e+03,5.8886e-11
2.5575e+03,6.0678e-11
2.5600e+03,6.3491e-11
2.5625e+03,6.6447e-11
2.5650e+03,6.9935e-11
2.5675e+03,7.4310e-11
2.5700e+03,7.9217e-11
2.5725e+03,7.7520e-11
2.5750e+03,7.5831e-11
2.5775e+03,7.4897e-11
2.5800e+03,7.4222e-11
2.5825e+03,7.4525e-11
2.5850e+03,7.8589e-11
2.5875e+03,8.2537e-11
2.5900e+03,8.1333e-11
2.5925e+03,8.0301e-11
2.5950e+03,7.7623e-11
2.5975e+03,7.4930e-11
2.6000e+03,7.3127e-11
2.6025e+03,7.3901e-11
2.6050e+03,7.4773e-11
2.6075e+03,7.5619e-11
2.6100e+03,7.6309e-11
2.6125e+03,7.8203e-11
2.6150e+03,8.0596e-11
2.6175e+03,8.2844e-11
2.6200e+03,8.4249e-11
2.6225e+03,8.6204e-11
2.6250e+03,8.6292e-11
2.6275e+03,8.6628e-11
2.6300e+03,9.3859e-11
2.6325e+03,1.0597e-10
2.6350e+03,1.2198e-10
2.6375e+03,1.3474e-10
2.6400e+03,1.4796e-10
2.6425e+03,1.5448e-10
2.6450e+03,1.5677e-10
2.6475e+03,1.5696e-10
2.6500e+03,1.5930e-10
2.6525e+03,1.6092e-10
2.6550e+03,1.6427e-10
2.6575e+03,1.6806e-10
2.6600e+03,1.7078e-10
2.6625e+03,1.7263e-10
2.6650e+03,1.7540e-10
2.6675e+03,1.7719e-10
2.6700e+03,1.7813e-10
2.6725e+03,1.7797e-10
2.6750e+03,1.7530e-10
2.6775e+03,1.7196e-10
2.6800e+03,1.6935e-10
2.6825e+03,1.6891e-10
2.6850e+03,1.6572e-10
2.6875e+03,1.6135e-10
2.6900e+03,1.5849e-10
2.6925e+03,1.5582e-10
2.6950e+03,1.5304e-10
2.6975e+03,1.5361e-10
2.7000e+03,1.5843e-10
2.7025e+03,1.6475e-10
2.7050e+03,1.7088e-10
2.7075e+03,1.7531e-10
2.7100e+03,1.7537e-10
2.7125e+03,1.7154e-10
2.7150e+03,1.6350e-10
2.7175e+03,1.5508e-10
2.7200e+03,1.4654e-10
2.7225e+03,1.4702e-10
2.7250e+03,1.4795e-10
2.7275e+03,1.5242e-10
2.7300e+03,1.5610e-10
2.7325e+03,1.5643e-10
2.7350e+03,1.5027e-10
2.7375e+03,1.3934e-10
2.7400e+03,1.3143e-10
2.7425e+03,1.2276e-10
2.7450e+03,1.1927e-10
2.7475e+03,1.2096e-10
2.7500e+03,1.2996e-10
2.7525e+03,1.4022e-10
2.7550e+03,1.5080e-10
2.7575e+03,1.5957e-10
2.7600e+03,1.6699e-10
2.7625e+03,1.7260e-10
2.7650e+03,1.7524e-10
2.7675e+03,1.7822e-10
2.7700e+03,1.8064e-10
2.7725e+03,1.8032e-10
2.7750e+03,1.7428e-10
2.7775e+03,1.6589e-10
2.7800e+03,1.5401e-10
2.7825e+03,1.4161e-10
2.7850e+03,1.2973e-10
2.7875e+03,1.2426e-10
2.7900e+03,1.2527e-10
2.7925e+03,1.3546e-10
2.7950e+03,1.4101e-10
2.7975e+03,1.5030e-10
2.8000e+03,1.5545e-10
2.8025e+03,1.5432e-10
2.8050e+03,1.4395e-10
2.8075e+03,1.4231e-10
2.8100e+03,1.4322e-10
2.8125e+03,1.4901e-10
2.8150e+03,1.6097e-10
2.8175e+03,1.7714e-10
2.8200e+03,1.8967e-10
2.8225e+03,2.0201e-10
2.8250e+03,2.1395e-10
2.8275e+03,2.2065e-10
2.8300e+03,2.2377e-10
2.8325e+03,2.2510e-10
2.8350e+03,2.2651e-10
2.8375e+03,2.1764e-10
2.8400e+03,2.0320e-10
2.8425e+03,1.8603e-10
2.8450e+03,1.6885e-10
2.8475e+03,1.4339e-10
2.8500e+03,1.1764e-10
2.8525e+03,1.1131e-10
2.8550e+03,1.2939e-10
2.8575e+03,1.4771e-10
2.8600e+03,1.7565e-10
2.8625e+03,2.0527e-10
2.8650e+03,2.3514e-10
2.8675e+03,2.5016e-10
2.8700e+03,2.5683e-10
2.8725e+03,2.5724e-10
2.8750e+03,2.5470e-10
2.8775e+03,2.5267e-10
2.8800e+03,2.5663e-10
2.8825e+03,2.7097e-10
2.8850e+03,2.8893e-10
2.8875e+03,3.1409e-10
2.8900e+03,3.4311e-10
2.8925e+03,3.7432e-10
2.8950e+03,4.1015e-10
2.8975e+03,4.4292e-10
2.9000e+03,4.7510e-10
2.9025e+03,5.0275e-10
2.9050e+03,5.2220e-10
2.9075e+03,5.2859e-10
2.9100e+03,5.2979e-10
2.9125e+03,5.2574e-10
2.9150e+03,5.1739e-10
2.9175e+03,4.9991e-10
2.9200e+03,4.8385e-10
2.9225e+03,4.6915e-10
2.9250e+03,4.6612e-10
2.9275e+03,4.8462e-10
2.9300e+03,4.9885e-10
2.9325e+03,5.0969e-10
2.9350e+03,5.1129e-10
2.9375e+03,5.1096e-10
2.9400e+03,4.8980e-10
2.9425e+03,4.7605e-10
2.9450e+03,4.7170e-10
2.9475e+03,4.7353e-10
2.9500e+03,4.7656e-10
2.9525e+03,4.9148e-10
2.9550e+03,5.0666e-10
2.9575e+03,5.0078e-10
2.9600e+03,4.8885e-10
2.9625e+03,4.7003e-10
2.9650e+03,4.4427e-10
2.9675e+03,4.0829e-10
2.9700e+03,4.1873e-10
2.9725e+03,4.3474e-10
2.9750e+03,4.4277e-10
2.9775e+03,4.4926e-10
2.9800e+03,4.4664e-10
2.9825e+03,4.4062e-10
2.9850e+03,4.3197e-10
2.9875e+03,4.3186e-10
2.9900e+03,4.3255e-10
2.9925e+03,4.2807e-10
2.9950e+03,4.1621e-10
2.9975e+03,3.8428e-10
3.0000e+03,3.7979e-10
3.0025e+03,3.7162e-10
3.0050e+03,3.7855e-10
3.0075e+03,4.0070e-10
3.0100e+03,4.0741e-10
3.0125e+03,4.0909e-10
3.0150e+03,4.0639e-10
3.0175e+03,4.0285e-10
3.0200e+03,4.0136e-10
3.0225e+03,4.2091e-10
3.0250e+03,4.5244e-10
3.0275e+03,4.9298e-10
3.0300e+03,5.4242e-10
3.0325e+03,5.6205e-10
3.0350e+03,5.7000e-10
3.0375e+03,5.7412e-10
3.0400e+03,5.7182e-10
3.0425e+03,5.5723e-10
3.0450e+03,5.6453e-10
3.0475e+03,5.8591e-10
3.0500e+03,5.7668e-10
3.0525e+03,5.6398e-10
3.0550e+03,5.5303e-10
3.0575e+03,5.3377e-10
3.0600e+03,4.9925e-10
3.0625e+03,4.9684e-10
3.0650e+03,5.0914e-10
3.0675e+03,5.2388e-10
3.0700e+03,5.4318e-10
3.0725e+03,5.7339e-10
3.0750e+03,5.9671e-10
3.0775e+03,6.1043e-10
3.0800e+03,6.1882e-10
3.0825e+03,6.2396e-10
3.0850e+03,6.1225e-10
3.0875e+03,5.8726e-10
3.0900e+03,5.5683e-10
3.0925e+03,5.3348e-10
3.0950e+03,5.1374e-10
3.0975e+03,5.0845e-10
3.1000e+03,5.3297e-10
3.1025e+03,5.7423e-10
3.1050e+03,6.1393e-10
3.1075e+03,6.5662e-10
3.1100e+03,6.9719e-10
3.1125e+03,6.9752e-10
3.1150e+03,6.7716e-10
3.1175e+03,6.5235e-10
3.1200e+03,6.2648e-10
3.1225e+03,6.0109e-10
3.1250e+03,5.9291e-10
3.1275e+03,5.9591e-10
3.1300e+03,6.0693e-10
3.1325e+03,6.1999e-10
3.1350e+03,6.3549e-10
3.1375e+03,6.4695e-10
3.1400e+03,6.4808e-10
3.1425e+03,6.4772e-10
3.1450e+03,6.4786e-10
3.1475e+03,6.4473e-10
3.1500e+03,6.3652e-10
3.1525e+03,6.1605e-10
3.1550e+03,5.9634e-10
3.1575e+03,5.8029e-10
3.1600e+03,5.6143e-10
3.1625e+03,5.3734e-10
3.1650e+03,5.6675e-10
3.1675e+03,6.0897e-10
3.1700e+03,6.4480e-10
3.1725e+03,6.7300e-10
3.1750e+03,6.9639e-10
3.1775e+03,6.9220e-10
3.1800e+03,6.6863e-10
3.1825e+03,6.5961e-10
3.1850e+03,6.5381e-10
3.1875e+03,6.3717e-10
3.1900e+03,6.2360e-10
3.1925e+03,6.1572e-10
3.1950e+03,6.0809e-10
3.1975e+03,5.9791e-10
3.2000e+03,6.0215e-10
3.2025e+03,5.9751e-10
3.2050e+03,5.9288e-10
3.2075e+03,5.8821e-10
3.2100e+03,5.8357e-10
3.2125e+03,5.7894e-10
3.2150e+03,5.7431e-10
3.2175e+03,5.6967e-10
3.2200e+03,5.6500e-10
3.2225e+03,5.5887e-10
3.2250e+03,5.5271e-10
3.2275e+03,5.4658e-10
3.2300e+03,5.4041e-10
3.2325e+03,5.3424e-10
3.2350e+03,5.2811e-10
3.2375e+03,5.2195e-10
3.2400e+03,5.1582e-10
3.2600e+03,7.6681e-10
3.2700e+03,7.4995e-10
3.2800e+03,6.9957e-10
3.2900e+03,8.3274e-10
3.3000e+03,8.5854e-10
3.3100e+03,7.3894e-10
3.3200e+03,7.5116e-10
3.3300e+03,7.1007e-10
3.3400e+03,7.8776e-10
3.3500e+03,8.2202e-10
3.3600e+03,7.1923e-10
3.3700e+03,6.8348e-10
3.3800e+03,6.9650e-10
3.3900e+03,8.1410e-10
3.4000e+03,8.1709e-10
3.4100e+03,7.3324e-10
3.4200e+03,8.0954e-10
3.4300e+03,8.3552e-10
3.4400e+03,7.5262e-10
3.4500e+03,7.4313e-10
3.4600e+03,7.8911e-10
3.4700e+03,7.5630e-10
3.4800e+03,7.3744e-10
3.4900e+03,7.2084e-10
3.5000e+03,8.5124e-10
3.5100e+03,8.8649e-10
3.5200e+03,8.0264e-10
3.5300e+03,8.4095e-10
3.5400e+03,8.9174e-10
3.5500e+03,8.2833e-10
3.5600e+03,7.3489e-10
3.5700e+03,6.0244e-10
3.5800e+03,5.4413e-10
3.5900e+03,6.1619e-10
3.6000e+03,8.1249e-10
3.6100e+03,8.6000e-10
3.6200e+03,9.3126e-10
3.6300e+03,9.7833e-10
3.6400e+03,9.8635e-10
3.6500e+03,1.1172e-09
3.6600e+03,1.3170e-09
3.6700e+03,1.3312e-09
3.6800e+03,1.2201e-09
3.6900e+03,1.2208e-09
3.7000e+03,1.2798e-09
3.7100e+03,1.2544e-09
3.7200e+03,1.1220e-09
3.7300e+03,8.6449e-10
3.7400e+03,8.4800e-10
3.7500e+03,9.3400e-10
3.7600e+03,9.8154e-10
3.7700e+03,1.0955e-09
3.7800e+03,1.2161e-09
3.7900e+03,1.0462e-09
3.8000e+03,9.4330e-10
3.8100e+03,9.4144e-10
3.8200e+03,7.3671e-10
3.8300e+03,5.8956e-10
3.8400e+03,6.4334e-10
3.8500e+03,6.8745e-10
3.8600e+03,6.6866e-10
3.8700e+03,6.9110e-10
3.8800e+03,7.9451e-10
3.8900e+03,1.0546e-09
3.9000e+03,1.3098e-09
3.9100e+03,1.3843e-09
3.9200e+03,1.2576e-09
3.9300e+03,7.8371e-10
3.9400e+03,8.1684e-10
3.9500e+03,1.2982e-09
3.9600e+03,1.1582e-09
3.9700e+03,9.4155e-10
3.9800e+03,1.5221e-09
3.9900e+03,2.0159e-09
4.0000e+03,2.1312e-09
4.0100e+03,2.3175e-09
4.0200e+03,2.4177e-09
4.0300e+03,2.3103e-09
4.0400e+03,2.1889e-09
4.0500e+03,2.1106e-09
4.0600e+03,2.1015e-09
4.0700e+03,2.0498e-09
4.0800e+03,2.2314e-09
4.0900e+03,2.3940e-09
4.1000e+03,2.2722e-09
4.1100e+03,2.2534e-09
4.1200e+03,2.1928e-09
4.1300e+03,2.1017e-09
4.1400e+03,2.0308e-09
4.1500e+03,1.9529e-09
4.1600e+03,2.0248e-09
4.1700e+03,1.9935e-09
4.1800e+03,1.9953e-09
4.1900e+03,2.0804e-09
4.2000e+03,2.1484e-09
4.2100e+03,2.2094e-09
4.2200e+03,2.3302e-09
4.2300e+03,2.4262e-09
4.2400e+03,2.5602e-09
4.2500e+03,2.6364e-09
4.2600e+03,2.6046e-09
4.2700e+03,2.5426e-09
4.2800e+03,2.4177e-09
4.2900e+03,2.2885e-09
4.3000e+03,1.8531e-09
4.3100e+03,2.1528e-09
4.3200e+03,2.6644e-09
4.3300e+03,2.8040e-09
4.3400e+03,2.9110e-09
4.3500e+03,2.8889e-09
4.3600e+03,3.0638e-09
4.3700e+03,2.9263e-09
4.3800e+03,2.6786e-09
4.3900e+03,2.6101e-09
4.4000e+03,2.7567e-09
4.4100e+03,2.8706e-09
4.4200e+03,3.0089e-09
4.4300e+03,2.9852e-09
4.4400e+03,2.9926e-09
4.4500e+03,2.9512e-09
4.4600e+03,2.9374e-09
4.4700e+03,3.1743e-09
4.4800e+03,3.2854e-09
4.4900e+03,3.2345e-09
4.5000e+03,3.4290e-09
4.5100e+03,3.5287e-09
4.5200e+03,3.3435e-09
4.5300e+03,3.0956e-09
4.5400e+03,3.2077e-09
4.5500e+03,3.3092e-09
4.5600e+03,3.3634e-09
4.5700e+03,3.4940e-09
4.5800e+03,3.4043e-09
4.5900e+03,3.3196e-09
4.6000e+03,3.3972e-09
4.6100e+03,3.5717e-09
4.6200e+03,3.7771e-09
4.6300e+03,3.6556e-09
4.6400e+03,3.4202e-09
4.6500e+03,3.3917e-09
4.6600e+03,3.4037e-09
4.6700e+03,3.3546e-09
4.6800e+03,3.4494e-09
4.6900e+03,3.3049e-09
4.7000e+03,3.3334e-09
4.7100e+03,3.3268e-09
4.7200e+03,3.5151e-09
4.7300e+03,3.5620e-09
4.7400e+03,3.6077e-09
4.7500e+03,3.6618e-09
4.7600e+03,3.5036e-09
4.7700e+03,3.6437e-09
4.7800e+03,3.7870e-09
4.7900e+03,3.7863e-09
4.8000e+03,3.8005e-09
4.8100e+03,3.8085e-09
4.8200e+03,3.8118e-09
4.8300e+03,3.7217e-09
4.8400e+03,3.7002e-09
4.8500e+03,3.4769e-09
4.8600e+03,3.3098e-09
4.8700e+03,3.2887e-09
4.8800e+03,3.4250e-09
4.8900e+03,3.6061e-09
4.9000e+03,3.7293e-09
4.9100e+03,3.6171e-09
4.9200e+03,3.4730e-09
4.9300e+03,3.5227e-09
4.9400e+03,3.7407e-09
4.9500e+03,3.8184e-09
4.9600e+03,3.7556e-09
4.9700e+03,3.7574e-09
4.9800e+03,3.6108e-09
4.9900e+03,3.5301e-09
5.0000e+03,3.5032e-09
5.0100e+03,3.2178e-09
5.0200e+03,3.3131e-09
5.0300e+03,3.5000e-09
5.0400e+03,3.4321e-09
5.0500e+03,3.5627e-09
5.0600e+03,3.6556e-09
5.0700e+03,3.5773e-09
5.0800e+03,3.4327e-09
5.0900e+03,3.4385e-09
5.1000e+03,3.5110e-09
5.1100e+03,3.5681e-09
5.1200e+03,3.4933e-09
5.1300e+03,3.3918e-09
5.1400e+03,3.3929e-09
5.1500e+03,3.3709e-09
5.1600e+03,3.2926e-09
5.1700e+03,3.0425e-09
5.1800e+03,3.1187e-09
5.1900e+03,3.2694e-09
5.2000e+03,3.3748e-09
5.2100e+03,3.4541e-09
5.2200e+03,3.4108e-09
5.2300e+03,3.4087e-09
5.2400e+03,3.5700e-09
5.2500e+03,3.5527e-09
5.2600e+03,3.3623e-09
5.2700e+03,3.2220e-09
5.2800e+03,3.4680e-09
5.2900e+03,3.6870e-09
5.3000e+03,3.7348e-09
5.3100e+03,3.7979e-09
5.3200e+03,3.6892e-09
5.3300e+03,3.4469e-09
5.3400e+03,3.5893e-09
5.3500e+03,3.7319e-09
5.3600e+03,3.8009e-09
5.3700e+03,3.7326e-09
5.3800e+03,3.6987e-09
5.3900e+03,3.6474e-09
5.4000e+03,3.4439e-09
5.4100e+03,3.4671e-09
5.4200e+03,3.7195e-09
5.4300e+03,3.6655e-09
5.4400e+03,3.7034e-09
5.4500e+03,3.7735e-09
5.4600e+03,3.7560e-09
5.4700e+03,3.7089e-09
5.4800e+03,3.6156e-09
5.4900e+03,3.5480e-09
5.5000e+03,3.7158e-09
5.5100e+03,3.6768e-09
5.5200e+03,3.6455e-09
5.5300e+03,3.7625e-09
5.5400e+03,3.7385e-09
5.5500e+03,3.8147e-09
5.5600e+03,3.7793e-09
5.5700e+03,3.6874e-09
5.5800e+03,3.7706e-09
5.5900e+03,3.6969e-09
5.6000e+03,3.5844e-09
5.6100e+03,3.7724e-09
5.6200e+03,3.7483e-09
5.6300e+03,3.6863e-09
5.6400e+03,3.6867e-09
5.6500e+03,3.6011e-09
5.6600e+03,3.6648e-09
5.6700e+03,3.6479e-09
5.6800e+03,3.7107e-09
5.6900e+03,3.8348e-09
5.7000e+03,3.6914e-09
5.7100e+03,3.6242e-09
5.7200e+03,3.7166e-09
5.7300e+03,3.8082e-09
5.7400e+03,3.8184e-09
5.7600e+03,3.7552e-09
5.7800e+03,3.7392e-09
5.8000e+03,3.8417e-09
5.8200e+03,3.9136e-09
5.8400e+03,3.9030e-09
5.8600e+03,3.7443e-09
5.8800e+03,3.5877e-09
5.9000e+03,3.5885e-09
5.9200e+03,3.7542e-09
5.9400e+03,3.8355e-09
5.9600e+03,3.8286e-09
5.9800e+03,3.8833e-09
6.0000e+03,3.8023e-09
6.0200e+03,3.8290e-09
6.0400e+03,3.8884e-09
6.0600e+03,3.8782e-09
6.0800e+03,3.8884e-09
6.1000e+03,3.8902e-09
6.1200e+03,3.8082e-09
6.1400e+03,3.6456e-09
6.1600e+03,3.6717e-09
6.1800e+03,3.6943e-09
6.2000e+03,3.7396e-09
6.2200e+03,3.6212e-09
6.2400e+03,3.5893e-09
6.2600e+03,3.5637e-09
6.2800e+03,3.6001e-09
6.3000e+03,3.6471e-09
6.3200e+03,3.6322e-09
6.3400e+03,3.6560e-09
6.3600e+03,3.6742e-09
6.3800e+03,3.6812e-09
6.4000e+03,3.6123e-09
6.4200e+03,3.6434e-09
6.4400e+03,3.6531e-09
6.4600e+03,3.6197e-09
6.4800e+03,3.5236e-09
6.5000e+03,3.4968e-09
6.5200e+03,3.6082e-09
6.5400e+03,3.4749e-09
6.5600e+03,3.4278e-09
6.5800e+03,3.4378e-09
6.6000e+03,3.5364e-09
6.6200e+03,3.5303e-09
6.6400e+03,3.4790e-09
6.6600e+03,3.5055e-09
6.6800e+03,3.4870e-09
6.7000e+03,3.4613e-09
6.7200e+03,3.4432e-09
6.7400e+03,3.4276e-09
6.7600e+03,3.4316e-09
6.7800e+03,3.4211e-09
6.8000e+03,3.4967e-09
6.8200e+03,3.5287e-09
6.8400e+03,3.5792e-09
6.8600e+03,3.4076e-09
6.8800e+03,3.3201e-09
6.9000e+03,3.4519e-09
6.9200e+03,3.4436e-09
6.9400e+03,3.3179e-09
6.9600e+03,3.2853e-09
6.9800e+03,3.2643e-09
7.0000e+03,3.2025e-09
7.0200e+03,3.2540e-09
7.0400e+03,3.3049e-09
7.0600e+03,3.3396e-09
7.0800e+03,3.2897e-09
7.1000e+03,3.2404e-09
7.1200e+03,3.1851e-09
7.1400e+03,3.1499e-09
7.1600e+03,3.1863e-09
7.1800e+03,3.0956e-09
7.2000e+03,3.0805e-09
7.2200e+03,3.1103e-09
7.2400e+03,3.0825e-09
7.2600e+03,3.0362e-09
7.2800e+03,3.0299e-09
7.3000e+03,3.0133e-09
7.3200e+03,3.0714e-09
7.3400e+03,3.0710e-09
7.3600e+03,3.0687e-09
7.3800e+03,3.0949e-09
7.4000e+03,3.0720e-09
7.4200e+03,3.1359e-09
7.4400e+03,3.1472e-09
7.4600e+03,3.1164e-09
7.4800e+03,3.1234e-09
7.5000e+03,3.1383e-09
7.5200e+03,3.2900e-09
7.5400e+03,3.4149e-09
7.5600e+03,3.4937e-09
7.5800e+03,3.1650e-09
7.6000e+03,2.6710e-09
7.6200e+03,3.3473e-09
7.6400e+03,3.1933e-09
7.6600e+03,3.1085e-09
7.6800e+03,2.8108e-09
7.7000e+03,2.9475e-09
7.7200e+03,2.9509e-09
7.7400e+03,3.0318e-09
7.7600e+03,3.0511e-09
7.7800e+03,3.0391e-09
7.8000e+03,3.0199e-09
7.8200e+03,3.0208e-09
7.8400e+03,2.9674e-09
7.8600e+03,2.9327e-09
7.8800e+03,2.9071e-09
7.9000e+03,2.8587e-09
7.9200e+03,2.7843e-09
7.9400e+03,2.7949e-09
7.9600e+03,2.8786e-09
7.9800e+03,2.8434e-09
8.0000e+03,2.8725e-09
8.0200e+03,2.8376e-09
8.0400e+03,2.8817e-09
8.0600e+03,2.8776e-09
8.0800e+03,2.8226e-09
8.1000e+03,2.8020e-09
8.1200e+03,2.8253e-09
8.1400e+03,2.7830e-09
8.1600e+03,2.6761e-09
8.1800e+03,2.6879e-09
8.2000e+03,2.6830e-09
8.2200e+03,2.6715e-09
8.2400e+03,2.7548e-09
8.2600e+03,2.8325e-09
8.2800e+03,2.6912e-09
8.3000e+03,2.6589e-09
8.3200e+03,2.6014e-09
8.3400e+03,2.5666e-09
8.3600e+03,2.6336e-09
8.3800e+03,2.6006e-09
8.4000e+03,2.6383e-09
8.4200e+03,2.6556e-09
8.4400e+03,2.6522e-09
8.4600e+03,2.7343e-09
8.4800e+03,2.6135e-09
8.5000e+03,2.6027e-09
8.5200e+03,2.4685e-09
8.5400e+03,2.4797e-09
8.5600e+03,2.5391e-09
8.5800e+03,2.6446e-09
8.6000e+03,2.6609e-09
8.6200e+03,2.6545e-09
8.6400e+03,2.4671e-09
8.6600e+03,2.4248e-09
8.6800e+03,2.5400e-09
8.7000e+03,2.5752e-09
8.7200e+03,2.6494e-09
8.7400e+03,2.5894e-09
8.7600e+03,2.6136e-09
8.7800e+03,2.6175e-09
8.8000e+03,2.5241e-09
8.8200e+03,2.5682e-09
8.8400e+03,2.6076e-09
8.8600e+03,2.5958e-09
8.8800e+03,2.6039e-09
8.9000e+03,2.5348e-09
8.9200e+03,2.5096e-09
8.9400e+03,2.4526e-09
8.9600e+03,2.4555e-09
8.9800e+03,2.4281e-09
9.0000e+03,2.3284e-09
9.0200e+03,2.4732e-09
9.0400e+03,2.6264e-09
9.0600e+03,2.4002e-09
9.0800e+03,2.2728e-09
9.1000e+03,2.3136e-09
9.1200e+03,2.2715e-09
9.1400e+03,2.2059e-09
9.1600e+03,2.1237e-09
9.1800e+03,2.2262e-09
9.2000e+03,2.2937e-09
9.2200e+03,2.2916e-09
9.2400e+03,2.2947e-09
9.2600e+03,2.2227e-09
9.2800e+03,2.2865e-09
9.3000e+03,2.1871e-09
9.3200e+03,2.0068e-09
9.3400e+03,2.2560e-09
9.3600e+03,2.0099e-09
9.3800e+03,2.1876e-09
9.4000e+03,2.3238e-09
9.4200e+03,1.9369e-09
9.4400e+03,1.9263e-09
9.4600e+03,2.0567e-09
9.4800e+03,2.0826e-09
9.5000e+03,2.0763e-09
9.5200e+03,2.2460e-09
9.5400e+03,2.3364e-09
9.5600e+03,2.1920e-09
9.5800e+03,2.2361e-09
9.6000e+03,2.1822e-09
9.6200e+03,2.1493e-09
9.6400e+03,2.0749e-09
9.6600e+03,2.1280e-09
9.6800e+03,2.2232e-09
9.7000e+03,2.1457e-09
9.7200e+03,2.1311e-09
9.7400e+03,2.0873e-09
9.7600e+03,2.1624e-09
9.7800e+03,2.1420e-09
9.8000e+03,2.1794e-09
9.8200e+03,2.1613e-09
9.8400e+03,2.1309e-09
9.8600e+03,2.1563e-09
9.8800e+03,2.1727e-09
9.9000e+03,2.1661e-09
9.9200e+03,2.2193e-09
9.9400e+03,2.1947e-09
9.9600e+03,2.2249e-09
9.9800e+03,2.2038e-09
1.0000e+04,2.2182e-09
1.0020e+04,2.2016e-09
1.0040e+04,2.1853e-09
1.0060e+04,2.1941e-09
1.0080e+04,2.2040e-09
1.0100e+04,2.1658e-09
1.0120e+04,2.1433e-09
1.0140e+04,2.1273e-09
1.0160e+04,2.1350e-09
1.0180e+04,2.0999e-09
1.0200e+04,2.1140e-09
1.0220e+04,2.1270e-09
1.0240e+04,2.0933e-09
1.0260e+04,2.1788e-09
1.0280e+04,2.1808e-09
1.0300e+04,2.1504e-09
1.0320e+04,2.1161e-09
1.0340e+04,2.1079e-09
1.0360e+04,2.0472e-09
1.0380e+04,2.0629e-09
1.0400e+04,2.1052e-09
1.0420e+04,2.1512e-09
1.0440e+04,2.0769e-09
1.0460e+04,2.0861e-09
1.0480e+04,2.0963e-09
1.0500e+04,2.1044e-09
1.0520e+04,2.0694e-09
1.0540e+04,2.0217e-09
1.0560e+04,2.0498e-09
1.0580e+04,2.1083e-09
1.0600e+04,2.0457e-09
1.0800e+04,1.9696e-09
1.1000e+04,1.8838e-09
1.1200e+04,1.7932e-09
1.1400e+04,1.7015e-09
1.1600e+04,1.6124e-09
1.1800e+04,1.5286e-09
1.2000e+04,1.4522e-09
1.2200e+04,1.3850e-09
1.2400e+04,1.3284e-09
1.2600e+04,1.2842e-09
1.2800e+04,1.2405e-09
1.3000e+04,1.2069e-09
1.3200e+04,1.1725e-09
1.3400e+04,1.1372e-09
1.3600e+04,1.1033e-09
1.3800e+04,1.0710e-09
1.4000e+04,1.0397e-09
1.4200e+04,9.9858e-10
1.4400e+04,9.6880e-10
1.4600e+04,9.4560e-10
1.4800e+04,9.2144e-10
1.5000e+04,9.0134e-10
1.5200e+04,8.7832e-10
1.5400e+04,8.5402e-10
1.5600e+04,8.3117e-10
1.5800e+04,8.1111e-10
1.6000e+04,7.9640e-10
1.6200e+04,7.7841e-10
1.6400e+04,7.5791e-10
1.6600e+04,7.3222e-10
1.6800e+04,7.0591e-10
1.7000e+04,6.8140e-10
1.7200e+04,6.5607e-10
1.7400e+04,6.2999e-10
1.7600e+04,6.0583e-10
1.7800e+04,5.8416e-10
1.8000e+04,5.6157e-10
1.8200e+04,5.4183e-10
1.8400e+04,5.2213e-10
1.8600e+04,5.0316e-10
1.8800e+04,4.8696e-10
1.9000e+04,4.7167e-10
1.9200e+04,4.5737e-10
1.9400e+04,4.4113e-10
1.9600e+04,4.2409e-10
1.9800e+04,4.0884e-10
2.0000e+04,3.9530e-10
2.0200e+04,3.8293e-10
2.0400e+04,3.7038e-10
2.0600e+04,3.5857e-10
2.0800e+04,3.4601e-10
2.1000e+04,3.3248e-10
2.1200e+04,3.2166e-10
2.1400e+04,3.1084e-10
2.1600e+04,3.0000e-10
2.1800e+04,2.8918e-10
2.2000e+04,2.7933e-10
2.2200e+04,2.7043e-10
2.2400e+04,2.6231e-10
2.2600e+04,2.5284e-10
2.2800e+04,2.4531e-10
2.3000e+04,2.3641e-10
2.3200e+04,2.2789e-10
2.3400e+04,2.2076e-10
2.3600e+04,2.1283e-10
2.3800e+04,2.0567e-10
2.4000e+04,1.9929e-10
2.4200e+04,1.9253e-10
2.4400e+04,1.8728e-10
2.4600e+04,1.8202e-10
2.4800e+04,1.7691e-10
2.5000e+04,1.7246e-10
2.5200e+04,1.6779e-10
2.5400e+04,1.6372e-10
2.5600e+04,1.5982e-10
