# wavelength, f_lambda
2.2900e+02,0.0000e+00
2.3400e+02,0.0000e+00
2.4300e+02,0.0000e+00
2.5200e+02,0.0000e+00
2.5600e+02,0.0000e+00
2.6000e+02,0.0000e+00
2.6600e+02,0.0000e+00
2.7500e+02,0.0000e+00
2.8300e+02,0.0000e+00
2.9300e+02,0.0000e+00
3.0100e+02,0.0000e+00
3.0900e+02,0.0000e+00
3.2500e+02,0.0000e+00
3.4200e+02,0.0000e+00
3.5100e+02,0.0000e+00
3.5600e+02,0.0000e+00
3.6500e+02,0.0000e+00
3.7500e+02,0.0000e+00
3.8400e+02,0.0000e+00
4.0000e+02,0.0000e+00
4.1500e+02,0.0000e+00
4.2500e+02,0.0000e+00
4.4500e+02,0.0000e+00
4.7200e+02,0.0000e+00
4.9400e+02,0.0000e+00
5.0600e+02,0.0000e+00
5.1600e+02,0.0000e+00
5.4000e+02,0.0000e+00
5.6400e+02,0.0000e+00
5.8700e+02,0.0000e+00
6.1200e+02,0.0000e+00
6.4000e+02,0.0000e+00
6.7100e+02,0.0000e+00
7.0500e+02,0.0000e+00
7.3600e+02,0.0000e+00
7.7000e+02,0.0000e+00
8.1000e+02,0.0000e+00
8.5000e+02,0.0000e+00
8.9000e+02,0.0000e+00
9.2000e+02,0.0000e+00
9.4000e+02,0.0000e+00
9.6200e+02,0.0000e+00
9.8700e+02,0.0000e+00
1.0120e+03,0.0000e+00
1.0370e+03,0.0000e+00
1.0620e+03,0.0000e+00
1.0870e+03,0.0000e+00
1.1120e+03,0.0000e+00
1.1200e+03,0.0000e+00
1.1400e+03,0.0000e+00
1.1600e+03,0.0000e+00
1.1800e+03,0.0000e+00
1.2000e+03,0.0000e+00
1.2200e+03,0.0000e+00
1.2400e+03,0.0000e+00
1.2600e+03,0.0000e+00
1.2800e+03,0.0000e+00
1.3000e+03,0.0000e+00
1.3200e+03,0.0000e+00
1.3400e+03,0.0000e+00
1.3600e+03,0.0000e+00
1.3800e+03,0.0000e+00
1.4000e+03,0.0000e+00
1.4200e+03,0.0000e+00
1.4400e+03,0.0000e+00
1.4600e+03,0.0000e+00
1.4800e+03,0.0000e+00
1.5000e+03,0.0000e+00
1.5200e+03,0.0000e+00
1.5400e+03,0.0000e+00
1.5600e+03,0.0000e+00
1.5800e+03,0.0000e+00
1.6000e+03,0.0000e+00
1.6200e+03,0.0000e+00
1.6400e+03,0.0000e+00
1.6600e+03,0.0000e+00
1.6800e+03,0.0000e+00
1.7000e+03,0.0000e+00
1.7200e+03,0.0000e+00
1.7400e+03,0.0000e+00
1.7600e+03,0.0000e+00
1.7800e+03,0.0000e+00
1.8000e+03,0.0000e+00
1.8200e+03,0.0000e+00
1.8400e+03,0.0000e+00
1.8600e+03,0.0000e+00
1.8800e+03,0.0000e+00
1.9000e+03,0.0000e+00
1.9200e+03,0.0000e+00
1.9400e+03,0.0000e+00
1.9600e+03,0.0000e+00
1.9800e+03,0.0000e+00
2.0000e+03,1.2068e-12
2.0025e+03,1.2068e-12
2.0050e+03,1.2616e-12
2.0075e+03,1.2879e-12
2.0100e+03,1.2235e-12
2.0125e+03,1.2516e-12
2.0150e+03,1.3306e-12
2.0175e+03,1.3853e-12
2.0200e+03,1.4400e-12
2.0225e+03,1.6435e-12
2.0250e+03,1.7470e-12
2.0275e+03,1.6619e-12
2.0300e+03,1.6483e-12
2.0325e+03,1.6684e-12
2.0350e+03,1.6361e-12
2.0375e+03,1.5687e-12
2.0400e+03,1.3353e-12
2.0425e+03,1.1812e-12
2.0450e+03,1.1459e-12
2.0475e+03,1.1178e-12
2.0500e+03,1.1048e-12
2.0525e+03,1.0849e-12
2.0550e+03,1.0819e-12
2.0575e+03,1.2231e-12
2.0600e+03,1.3698e-12
2.0625e+03,1.6510e-12
2.0650e+03,1.8486e-12
2.0675e+03,1.9397e-12
2.0700e+03,1.9814e-12
2.0725e+03,2.0074e-12
2.0750e+03,2.1025e-12
2.0775e+03,2.2195e-12
2.0800e+03,2.2152e-12
2.0825e+03,2.2033e-12
2.0850e+03,2.1831e-12
2.0875e+03,2.1564e-12
2.0900e+03,2.1199e-12
2.0925e+03,2.2631e-12
2.0950e+03,2.4286e-12
2.0975e+03,2.5036e-12
2.1000e+03,2.5560e-12
2.1025e+03,2.4423e-12
2.1050e+03,2.3473e-12
2.1075e+03,2.2761e-12
2.1100e+03,2.2896e-12
2.1125e+03,2.3193e-12
2.1150e+03,2.3973e-12
2.1175e+03,2.4849e-12
2.1200e+03,2.5424e-12
2.1225e+03,2.5987e-12
2.1250e+03,2.6541e-12
2.1275e+03,2.7633e-12
2.1300e+03,2.9307e-12
2.1325e+03,3.0538e-12
2.1350e+03,3.0747e-12
2.1375e+03,2.8483e-12
2.1400e+03,2.6729e-12
2.1425e+03,2.7006e-12
2.1450e+03,2.7055e-12
2.1475e+03,2.6892e-12
2.1500e+03,2.6365e-12
2.1525e+03,2.5373e-12
2.1550e+03,2.5368e-12
2.1575e+03,2.5831e-12
2.1600e+03,2.7180e-12
2.1625e+03,2.8041e-12
2.1650e+03,2.6332e-12
2.1675e+03,2.6274e-12
2.1700e+03,2.7515e-12
2.1725e+03,2.8128e-12
2.1750e+03,2.8714e-12
2.1775e+03,2.8798e-12
2.1800e+03,2.8883e-12
2.1825e+03,2.9144e-12
2.1850e+03,2.9537e-12
2.1875e+03,3.0017e-12
2.1900e+03,3.0853e-12
2.1925e+03,3.2018e-12
2.1950e+03,3.4289e-12
2.1975e+03,3.5771e-12
2.2000e+03,3.5370e-12
2.2025e+03,3.4753e-12
2.2050e+03,3.3448e-12
2.2075e+03,3.1927e-12
2.2100e+03,3.0294e-12
2.2125e+03,2.8907e-12
2.2150e+03,2.7519e-12
2.2175e+03,2.5671e-12
2.2200e+03,2.4665e-12
2.2225e+03,2.5873e-12
2.2250e+03,2.7956e-12
2.2275e+03,3.0450e-12
2.2300e+03,3.3524e-12
2.2325e+03,3.6984e-12
2.2350e+03,4.0239e-12
2.2375e+03,4.3358e-12
2.2400e+03,4.6278e-12
2.2425e+03,4.9408e-12
2.2450e+03,5.2980e-12
2.2475e+03,5.5553e-12
2.2500e+03,5.7597e-12
2.2525e+03,5.8592e-12
2.2550e+03,5.9573e-12
2.2575e+03,6.0225e-12
2.2600e+03,6.0316e-12
2.2625e+03,5.9416e-12
2.2650e+03,5.7929e-12
2.2675e+03,5.6256e-12
2.2700e+03,5.4474e-12
2.2725e+03,5.2812e-12
2.2750e+03,5.3100e-12
2.2775e+03,5.2914e-12
2.2800e+03,5.2204e-12
2.2825e+03,5.1588e-12
2.2850e+03,5.1103e-12
2.2875e+03,5.0348e-12
2.2900e+03,4.9488e-12
2.2925e+03,4.8490e-12
2.2950e+03,4.7415e-12
2.2975e+03,4.5764e-12
2.3000e+03,4.5049e-12
2.3025e+03,4.5523e-12
2.3050e+03,4.5305e-12
2.3075e+03,4.4951e-12
2.3100e+03,4.6303e-12
2.3125e+03,4.8581e-12
2.3150e+03,5.2874e-12
2.3175e+03,5.6697e-12
2.3200e+03,6.0159e-12
2.3225e+03,6.4660e-12
2.3250e+03,7.0287e-12
2.3275e+03,7.6811e-12
2.3300e+03,8.1942e-12
2.3325e+03,8.3167e-12
2.3350e+03,8.4381e-12
2.3375e+03,8.5551e-12
2.3400e+03,8.6265e-12
2.3425e+03,8.6553e-12
2.3450e+03,8.4636e-12
2.3475e+03,8.2522e-12
2.3500e+03,8.1888e-12
2.3525e+03,8.2281e-12
2.3550e+03,8.5018e-12
2.3575e+03,8.6152e-12
2.3600e+03,8.6381e-12
2.3625e+03,8.7121e-12
2.3650e+03,8.8255e-12
2.3675e+03,8.9155e-12
2.3700e+03,9.0041e-12
2.3725e+03,9.0179e-12
2.3750e+03,9.0296e-12
2.3775e+03,9.0707e-12
2.3800e+03,9.0737e-12
2.3825e+03,9.0511e-12
2.3850e+03,9.0044e-12
2.3875e+03,8.9355e-12
2.3900e+03,8.9855e-12
2.3925e+03,9.0022e-12
2.3950e+03,8.9279e-12
2.3975e+03,8.7894e-12
2.4000e+03,8.4483e-12
2.4025e+03,8.3276e-12
2.4050e+03,8.3255e-12
2.4075e+03,8.2037e-12
2.4100e+03,8.0816e-12
2.4125e+03,7.9934e-12
2.4150e+03,8.0058e-12
2.4175e+03,8.2737e-12
2.4200e+03,8.5419e-12
2.4225e+03,8.8105e-12
2.4250e+03,9.2931e-12
2.4275e+03,9.9185e-12
2.4300e+03,1.0421e-11
2.4325e+03,1.0822e-11
2.4350e+03,1.1072e-11
2.4375e+03,1.1258e-11
2.4400e+03,1.1310e-11
2.4425e+03,1.1417e-11
2.4450e+03,1.1577e-11
2.4475e+03,1.1967e-11
2.4500e+03,1.2357e-11
2.4525e+03,1.2724e-11
2.4550e+03,1.3011e-11
2.4575e+03,1.3158e-11
2.4600e+03,1.2843e-11
2.4625e+03,1.2383e-11
2.4650e+03,1.2101e-11
2.4675e+03,1.1917e-11
2.4700e+03,1.1878e-11
2.4725e+03,1.1969e-11
2.4750e+03,1.2200e-11
2.4775e+03,1.2225e-11
2.4800e+03,1.1940e-11
2.4825e+03,1.1586e-11
2.4850e+03,1.1170e-11
2.4875e+03,1.0584e-11
2.4900e+03,1.0159e-11
2.4925e+03,1.0914e-11
2.4950e+03,1.1437e-11
2.4975e+03,1.1663e-11
2.5000e+03,1.1806e-11
2.5025e+03,1.2092e-11
2.5050e+03,1.2376e-11
2.5075e+03,1.2478e-11
2.5100e+03,1.2403e-11
2.5125e+03,1.1837e-11
2.5150e+03,1.1438e-11
2.5175e+03,1.0935e-11
2.5200e+03,1.0124e-11
2.5225e+03,9.3547e-12
2.5250e+03,1.0566e-11
2.5275e+03,1.2609e-11
2.5300e+03,1.3928e-11
2.5325e+03,1.5926e-11
2.5350e+03,1.8697e-11
2.5375e+03,2.0172e-11
2.5400e+03,1.9673e-11
2.5425e+03,2.0053e-11
2.5450e+03,2.0702e-11
2.5475e+03,2.1157e-11
2.5500e+03,2.1591e-11
2.5525e+03,2.1681e-11
2.5550e+03,2.1559e-11
2.5575e+03,2.0899e-11
2.5600e+03,2.0023e-11
2.5625e+03,1.9910e-11
2.5650e+03,2.0443e-11
2.5675e+03,2.1485e-11
2.5700e+03,2.2307e-11
2.5725e+03,2.3595e-11
2.5750e+03,2.1117e-11
2.5775e+03,1.9280e-11
2.5800e+03,1.8588e-11
2.5825e+03,1.8435e-11
2.5850e+03,1.8050e-11
2.5875e+03,1.9747e-11
2.5900e+03,2.2924e-11
2.5925e+03,2.4606e-11
2.5950e+03,2.5325e-11
2.5975e+03,2.5396e-11
2.6000e+03,2.5988e-11
2.6025e+03,2.6236e-11
2.6050e+03,2.6014e-11
2.6075e+03,2.5750e-11
2.6100e+03,2.6123e-11
2.6125e+03,2.6933e-11
2.6150e+03,2.6935e-11
2.6175e+03,2.7206e-11
2.6200e+03,2.7942e-11
2.6225e+03,2.8879e-11
2.6250e+03,2.9338e-11
2.6275e+03,3.0802e-11
2.6300e+03,3.3063e-11
2.6325e+03,3.4856e-11
2.6350e+03,3.7764e-11
2.6375e+03,4.2925e-11
2.6400e+03,4.6999e-11
2.6425e+03,4.8483e-11
2.6450e+03,4.9405e-11
2.6475e+03,5.0075e-11
2.6500e+03,4.9878e-11
2.6525e+03,4.9908e-11
2.6550e+03,5.1026e-11
2.6575e+03,5.2517e-11
2.6600e+03,5.4084e-11
2.6625e+03,5.5669e-11
2.6650e+03,5.7189e-11
2.6675e+03,5.6530e-11
2.6700e+03,5.5582e-11
2.6725e+03,5.5159e-11
2.6750e+03,5.4802e-11
2.6775e+03,5.4281e-11
2.6800e+03,5.5043e-11
2.6825e+03,5.7459e-11
2.6850e+03,5.7648e-11
2.6875e+03,5.6905e-11
2.6900e+03,5.5950e-11
2.6925e+03,5.5509e-11
2.6950e+03,5.4478e-11
2.6975e+03,5.4609e-11
2.7000e+03,5.6056e-11
2.7025e+03,5.7743e-11
2.7050e+03,6.0134e-11
2.7075e+03,6.2514e-11
2.7100e+03,6.3316e-11
2.7125e+03,6.2346e-11
2.7150e+03,6.0112e-11
2.7175e+03,5.6078e-11
2.7200e+03,5.2677e-11
2.7225e+03,5.2087e-11
2.7250e+03,5.3731e-11
2.7275e+03,5.6311e-11
2.7300e+03,5.8997e-11
2.7325e+03,6.0021e-11
2.7350e+03,5.7805e-11
2.7375e+03,5.4408e-11
2.7400e+03,5.0917e-11
2.7425e+03,4.9532e-11
2.7450e+03,4.9477e-11
2.7475e+03,5.1679e-11
2.7500e+03,5.4966e-11
2.7525e+03,5.8669e-11
2.7550e+03,6.2412e-11
2.7575e+03,6.5969e-11
2.7600e+03,7.0171e-11
2.7625e+03,7.3764e-11
2.7650e+03,7.5612e-11
2.7675e+03,7.7748e-11
2.7700e+03,7.9493e-11
2.7725e+03,7.9657e-11
2.7750e+03,7.8313e-11
2.7775e+03,7.6607e-11
2.7800e+03,7.3713e-11
2.7825e+03,6.9245e-11
2.7850e+03,6.4715e-11
2.7875e+03,6.1676e-11
2.7900e+03,6.0291e-11
2.7925e+03,5.9394e-11
2.7950e+03,5.8381e-11
2.7975e+03,5.8439e-11
2.8000e+03,5.9365e-11
2.8025e+03,5.8578e-11
2.8050e+03,5.8097e-11
2.8075e+03,5.9624e-11
2.8100e+03,6.5189e-11
2.8125e+03,7.1435e-11
2.8150e+03,7.7748e-11
2.8175e+03,8.4763e-11
2.8200e+03,9.2198e-11
2.8225e+03,9.5248e-11
2.8250e+03,9.6597e-11
2.8275e+03,9.6575e-11
2.8300e+03,9.6007e-11
2.8325e+03,9.4968e-11
2.8350e+03,9.5114e-11
2.8375e+03,9.3539e-11
2.8400e+03,8.7584e-11
2.8425e+03,8.1370e-11
2.8450e+03,7.1279e-11
2.8475e+03,5.8764e-11
2.8500e+03,4.7670e-11
2.8525e+03,4.4164e-11
2.8550e+03,4.4955e-11
2.8575e+03,5.0589e-11
2.8600e+03,6.1366e-11
2.8625e+03,7.7762e-11
2.8650e+03,9.1247e-11
2.8675e+03,1.0158e-10
2.8700e+03,1.1089e-10
2.8725e+03,1.1670e-10
2.8750e+03,1.1257e-10
2.8775e+03,1.1353e-10
2.8800e+03,1.1695e-10
2.8825e+03,1.2292e-10
2.8850e+03,1.3376e-10
2.8875e+03,1.4780e-10
2.8900e+03,1.6510e-10
2.8925e+03,1.8072e-10
2.8950e+03,1.9786e-10
2.8975e+03,2.1824e-10
2.9000e+03,2.3988e-10
2.9025e+03,2.5265e-10
2.9050e+03,2.6038e-10
2.9075e+03,2.6387e-10
2.9100e+03,2.6553e-10
2.9125e+03,2.6686e-10
2.9150e+03,2.7152e-10
2.9175e+03,2.7350e-10
2.9200e+03,2.6841e-10
2.9225e+03,2.6102e-10
2.9250e+03,2.5549e-10
2.9275e+03,2.5538e-10
2.9300e+03,2.5570e-10
2.9325e+03,2.5772e-10
2.9350e+03,2.5831e-10
2.9375e+03,2.6006e-10
2.9400e+03,2.5816e-10
2.9425e+03,2.4880e-10
2.9450e+03,2.4601e-10
2.9475e+03,2.4905e-10
2.9500e+03,2.5945e-10
2.9525e+03,2.6192e-10
2.9550e+03,2.6858e-10
2.9575e+03,2.7170e-10
2.9600e+03,2.6546e-10
2.9625e+03,2.5009e-10
2.9650e+03,2.2549e-10
2.9675e+03,2.0832e-10
2.9700e+03,2.0356e-10
2.9725e+03,2.1423e-10
2.9750e+03,2.3025e-10
2.9775e+03,2.4125e-10
2.9800e+03,2.4106e-10
2.9825e+03,2.3328e-10
2.9850e+03,2.2453e-10
2.9875e+03,2.1412e-10
2.9900e+03,2.0971e-10
2.9925e+03,2.1365e-10
2.9950e+03,2.0867e-10
2.9975e+03,1.9790e-10
3.0000e+03,1.8568e-10
3.0025e+03,1.7601e-10
3.0050e+03,1.7441e-10
3.0075e+03,1.8167e-10
3.0100e+03,1.9175e-10
3.0125e+03,1.9662e-10
3.0150e+03,1.9525e-10
3.0175e+03,1.8957e-10
3.0200e+03,1.8768e-10
3.0225e+03,1.9581e-10
3.0250e+03,2.1071e-10
3.0275e+03,2.4449e-10
3.0300e+03,2.8080e-10
3.0325e+03,3.0650e-10
3.0350e+03,3.0970e-10
3.0375e+03,3.0896e-10
3.0400e+03,3.0376e-10
3.0425e+03,2.9723e-10
3.0450e+03,3.0160e-10
3.0475e+03,3.1494e-10
3.0500e+03,3.2381e-10
3.0525e+03,3.2270e-10
3.0550e+03,3.1238e-10
3.0575e+03,2.9848e-10
3.0600e+03,2.8408e-10
3.0625e+03,2.7275e-10
3.0650e+03,2.7661e-10
3.0675e+03,2.9585e-10
3.0700e+03,3.1681e-10
3.0725e+03,3.3753e-10
3.0750e+03,3.5659e-10
3.0775e+03,3.7196e-10
3.0800e+03,3.8406e-10
3.0825e+03,3.9280e-10
3.0850e+03,3.8872e-10
3.0875e+03,3.7535e-10
3.0900e+03,3.5955e-10
3.0925e+03,3.3645e-10
3.0950e+03,3.1140e-10
3.0975e+03,3.0922e-10
3.1000e+03,3.2831e-10
3.1025e+03,3.6166e-10
3.1050e+03,4.1066e-10
3.1075e+03,4.6595e-10
3.1100e+03,5.0363e-10
3.1125e+03,5.1825e-10
3.1150e+03,5.0837e-10
3.1175e+03,4.8508e-10
3.1200e+03,4.5596e-10
3.1225e+03,4.3315e-10
3.1250e+03,4.1977e-10
3.1275e+03,4.2174e-10
3.1300e+03,4.2885e-10
3.1325e+03,4.4408e-10
3.1350e+03,4.6310e-10
3.1375e+03,4.7823e-10
3.1400e+03,4.8184e-10
3.1425e+03,4.7903e-10
3.1450e+03,4.7874e-10
3.1475e+03,4.7885e-10
3.1500e+03,4.7466e-10
3.1525e+03,4.6813e-10
3.1550e+03,4.5600e-10
3.1575e+03,4.4222e-10
3.1600e+03,4.2804e-10
3.1625e+03,4.3304e-10
3.1650e+03,4.5388e-10
3.1675e+03,4.9372e-10
3.1700e+03,5.3869e-10
3.1725e+03,5.7674e-10
3.1750e+03,5.8939e-10
3.1775e+03,5.6643e-10
3.1800e+03,5.4674e-10
3.1825e+03,5.2947e-10
3.1850e+03,5.1759e-10
3.1875e+03,5.0804e-10
3.1900e+03,5.1981e-10
3.1925e+03,5.3053e-10
3.1950e+03,5.3042e-10
3.1975e+03,5.3301e-10
3.2000e+03,5.4532e-10
3.2025e+03,5.4117e-10
3.2050e+03,5.3705e-10
3.2075e+03,5.3290e-10
3.2100e+03,5.2878e-10
3.2125e+03,5.2466e-10
3.2150e+03,5.2050e-10
3.2175e+03,5.1639e-10
3.2200e+03,5.1223e-10
3.2225e+03,5.1223e-10
3.2250e+03,5.1223e-10
3.2275e+03,5.1223e-10
3.2300e+03,5.1223e-10
3.2325e+03,5.1223e-10
3.2350e+03,5.1223e-10
3.2375e+03,5.1223e-10
3.2400e+03,5.1223e-10
3.2600e+03,8.9242e-10
3.2700e+03,5.9995e-10
3.2800e+03,5.9390e-10
3.2900e+03,6.7919e-10
3.3000e+03,6.6884e-10
3.3100e+03,6.3002e-10
3.3200e+03,6.1041e-10
3.3300e+03,6.1475e-10
3.3400e+03,6.0491e-10
3.3500e+03,6.0072e-10
3.3600e+03,5.6832e-10
3.3700e+03,5.7718e-10
3.3800e+03,6.4318e-10
3.3900e+03,6.7623e-10
3.4000e+03,6.9861e-10
3.4100e+03,7.1636e-10
3.4200e+03,7.5313e-10
3.4300e+03,7.3998e-10
3.4400e+03,6.8611e-10
3.4500e+03,7.0816e-10
3.4600e+03,7.6144e-10
3.4700e+03,7.4282e-10
3.4800e+03,7.2820e-10
3.4900e+03,7.5488e-10
3.5000e+03,8.0904e-10
3.5100e+03,8.1833e-10
3.5200e+03,8.1629e-10
3.5300e+03,8.5919e-10
3.5400e+03,9.2096e-10
3.5500e+03,8.6010e-10
3.5600e+03,7.7033e-10
3.5700e+03,7.0266e-10
3.5800e+03,6.6034e-10
3.5900e+03,7.9967e-10
3.6000e+03,8.5510e-10
3.6100e+03,8.4515e-10
3.6200e+03,8.9942e-10
3.6300e+03,9.5686e-10
3.6400e+03,9.0970e-10
3.6500e+03,9.9892e-10
3.6600e+03,1.0946e-09
3.6700e+03,1.0597e-09
3.6800e+03,1.0393e-09
3.6900e+03,1.0451e-09
3.7000e+03,1.0215e-09
3.7100e+03,9.9192e-10
3.7200e+03,9.2552e-10
3.7300e+03,8.3590e-10
3.7400e+03,8.0047e-10
3.7500e+03,8.9024e-10
3.7600e+03,1.0096e-09
3.7700e+03,1.1325e-09
3.7800e+03,1.1514e-09
3.7900e+03,1.0440e-09
3.8000e+03,1.0485e-09
3.8100e+03,9.8179e-10
3.8200e+03,7.4085e-10
3.8300e+03,6.9245e-10
3.8400e+03,7.7595e-10
3.8500e+03,8.0262e-10
3.8600e+03,7.7762e-10
3.8700e+03,8.0915e-10
3.8800e+03,8.7734e-10
3.8900e+03,1.0431e-09
3.9000e+03,1.1123e-09
3.9100e+03,1.1299e-09
3.9200e+03,9.4775e-10
3.9300e+03,7.5878e-10
3.9400e+03,8.8729e-10
3.9500e+03,1.1249e-09
3.9600e+03,9.3860e-10
3.9700e+03,9.8109e-10
3.9800e+03,1.5568e-09
3.9900e+03,1.7862e-09
4.0000e+03,1.8988e-09
4.0100e+03,1.9612e-09
4.0200e+03,1.9604e-09
4.0300e+03,2.0095e-09
4.0400e+03,1.9886e-09
4.0500e+03,1.9681e-09
4.0600e+03,1.9665e-09
4.0700e+03,1.9333e-09
4.0800e+03,2.1354e-09
4.0900e+03,2.1402e-09
4.1000e+03,2.0710e-09
4.1100e+03,2.1293e-09
4.1200e+03,2.1563e-09
4.1300e+03,2.1029e-09
4.1400e+03,2.0772e-09
4.1500e+03,2.1098e-09
4.1600e+03,2.1317e-09
4.1700e+03,2.0627e-09
4.1800e+03,2.0713e-09
4.1900e+03,2.0728e-09
4.2000e+03,2.1039e-09
4.2100e+03,2.2268e-09
4.2200e+03,2.1351e-09
4.2300e+03,2.0916e-09
4.2400e+03,2.2096e-09
4.2500e+03,2.1721e-09
4.2600e+03,2.1485e-09
4.2700e+03,2.1281e-09
4.2800e+03,2.0697e-09
4.2900e+03,1.9272e-09
4.3000e+03,1.7590e-09
4.3100e+03,2.0176e-09
4.3200e+03,2.3113e-09
4.3300e+03,2.2479e-09
4.3400e+03,2.3490e-09
4.3500e+03,2.4573e-09
4.3600e+03,2.4741e-09
4.3700e+03,2.3128e-09
4.3800e+03,2.2101e-09
4.3900e+03,2.4030e-09
4.4000e+03,2.4758e-09
4.4100e+03,2.5840e-09
4.4200e+03,2.6832e-09
4.4300e+03,2.7163e-09
4.4400e+03,2.8022e-09
4.4500e+03,2.7358e-09
4.4600e+03,2.7078e-09
4.4700e+03,2.9142e-09
4.4800e+03,3.0048e-09
4.4900e+03,3.0344e-09
4.5000e+03,3.1306e-09
4.5100e+03,3.1987e-09
4.5200e+03,3.0296e-09
4.5300e+03,2.9556e-09
4.5400e+03,3.0945e-09
4.5500e+03,3.1421e-09
4.5600e+03,3.1935e-09
4.5700e+03,3.1748e-09
4.5800e+03,3.1578e-09
4.5900e+03,3.1466e-09
4.6000e+03,3.2280e-09
4.6100e+03,3.2804e-09
4.6200e+03,3.3016e-09
4.6300e+03,3.2868e-09
4.6400e+03,3.2263e-09
4.6500e+03,3.2350e-09
4.6600e+03,3.1879e-09
4.6700e+03,3.2022e-09
4.6800e+03,3.2601e-09
4.6900e+03,3.2795e-09
4.7000e+03,3.2807e-09
4.7100e+03,3.3304e-09
4.7200e+03,3.3667e-09
4.7300e+03,3.3624e-09
4.7400e+03,3.4194e-09
4.7500e+03,3.3863e-09
4.7600e+03,3.3671e-09
4.7700e+03,3.4107e-09
4.7800e+03,3.4479e-09
4.7900e+03,3.4568e-09
4.8000e+03,3.4617e-09
4.8100e+03,3.4891e-09
4.8200e+03,3.4885e-09
4.8300e+03,3.4088e-09
4.8400e+03,3.4009e-09
4.8500e+03,3.3303e-09
4.8600e+03,3.2413e-09
4.8700e+03,3.3713e-09
4.8800e+03,3.3920e-09
4.8900e+03,3.4813e-09
4.9000e+03,3.5245e-09
4.9100e+03,3.4014e-09
4.9200e+03,3.4069e-09
4.9300e+03,3.3816e-09
4.9400e+03,3.4308e-09
4.9500e+03,3.4428e-09
4.9600e+03,3.4307e-09
4.9700e+03,3.3621e-09
4.9800e+03,3.3302e-09
4.9900e+03,3.3798e-09
5.0000e+03,3.2890e-09
5.0100e+03,3.2869e-09
5.0200e+03,3.3849e-09
5.0300e+03,3.3153e-09
5.0400e+03,3.2977e-09
5.0500e+03,3.3883e-09
5.0600e+03,3.3355e-09
5.0700e+03,3.2308e-09
5.0800e+03,3.2877e-09
5.0900e+03,3.2864e-09
5.1000e+03,3.1954e-09
5.1100e+03,3.2327e-09
5.1200e+03,3.2133e-09
5.1300e+03,3.1704e-09
5.1400e+03,3.1559e-09
5.1500e+03,3.2082e-09
5.1600e+03,3.0093e-09
5.1700e+03,2.9041e-09
5.1800e+03,3.1401e-09
5.1900e+03,3.2501e-09
5.2000e+03,3.2594e-09
5.2100e+03,3.2931e-09
5.2200e+03,3.2980e-09
5.2300e+03,3.3468e-09
5.2400e+03,3.3882e-09
5.2500e+03,3.3451e-09
5.2600e+03,3.2143e-09
5.2700e+03,3.2625e-09
5.2800e+03,3.4901e-09
5.2900e+03,3.4935e-09
5.3000e+03,3.5029e-09
5.3100e+03,3.5619e-09
5.3200e+03,3.4366e-09
5.3300e+03,3.4194e-09
5.3400e+03,3.5263e-09
5.3500e+03,3.5821e-09
5.3600e+03,3.5595e-09
5.3700e+03,3.5901e-09
5.3800e+03,3.6283e-09
5.3900e+03,3.5318e-09
5.4000e+03,3.4525e-09
5.4100e+03,3.4883e-09
5.4200e+03,3.6937e-09
5.4300e+03,3.6386e-09
5.4400e+03,3.7323e-09
5.4500e+03,3.7024e-09
5.4600e+03,3.6842e-09
5.4700e+03,3.6704e-09
5.4800e+03,3.6448e-09
5.4900e+03,3.7334e-09
5.5000e+03,3.7454e-09
5.5100e+03,3.7137e-09
5.5200e+03,3.7476e-09
5.5300e+03,3.7268e-09
5.5400e+03,3.7786e-09
5.5500e+03,3.7797e-09
5.5600e+03,3.7731e-09
5.5700e+03,3.7272e-09
5.5800e+03,3.7068e-09
5.5900e+03,3.6722e-09
5.6000e+03,3.7407e-09
5.6100e+03,3.7662e-09
5.6200e+03,3.7844e-09
5.6300e+03,3.7852e-09
5.6400e+03,3.7892e-09
5.6500e+03,3.7859e-09
5.6600e+03,3.7658e-09
5.6700e+03,3.8041e-09
5.6800e+03,3.8322e-09
5.6900e+03,3.7946e-09
5.7000e+03,3.7709e-09
5.7100e+03,3.6762e-09
5.7200e+03,3.7957e-09
5.7300e+03,3.8500e-09
5.7400e+03,3.9346e-09
5.7600e+03,3.9142e-09
5.7800e+03,3.9965e-09
5.8000e+03,3.9725e-09
5.8200e+03,4.0403e-09
5.8400e+03,3.9933e-09
5.8600e+03,4.0049e-09
5.8800e+03,3.9258e-09
5.9000e+03,3.8770e-09
5.9200e+03,3.9809e-09
5.9400e+03,4.0392e-09
5.9600e+03,3.9871e-09
5.9800e+03,4.0166e-09
6.0000e+03,3.9495e-09
6.0200e+03,3.9973e-09
6.0400e+03,4.0253e-09
6.0600e+03,4.0261e-09
6.0800e+03,3.9787e-09
6.1000e+03,3.9645e-09
6.1200e+03,3.9652e-09
6.1400e+03,3.8865e-09
6.1600e+03,3.9080e-09
6.1800e+03,3.9470e-09
6.2000e+03,3.9936e-09
6.2200e+03,3.9364e-09
6.2400e+03,3.9342e-09
6.2600e+03,3.9120e-09
6.2800e+03,3.8814e-09
6.3000e+03,3.9266e-09
6.3200e+03,3.9131e-09
6.3400e+03,3.9462e-09
6.3600e+03,3.9933e-09
6.3800e+03,3.9543e-09
6.4000e+03,3.9677e-09
6.4200e+03,3.9670e-09
6.4400e+03,3.9561e-09
6.4600e+03,3.9634e-09
6.4800e+03,3.9207e-09
6.5000e+03,3.9043e-09
6.5200e+03,3.9849e-09
6.5400e+03,3.8646e-09
6.5600e+03,3.8515e-09
6.5800e+03,3.9021e-09
6.6000e+03,3.9094e-09
6.6200e+03,3.9160e-09
6.6400e+03,3.9204e-09
6.6600e+03,3.9120e-09
6.6800e+03,3.9280e-09
6.7000e+03,3.8427e-09
6.7200e+03,3.8300e-09
6.7400e+03,3.8143e-09
6.7600e+03,3.7531e-09
6.7800e+03,3.7454e-09
6.8000e+03,3.7403e-09
6.8200e+03,3.7232e-09
6.8400e+03,3.7822e-09
6.8600e+03,3.6656e-09
6.8800e+03,3.6188e-09
6.9000e+03,3.6795e-09
6.9200e+03,3.7094e-09
6.9400e+03,3.6762e-09
6.9600e+03,3.7035e-09
6.9800e+03,3.6343e-09
7.0000e+03,3.6386e-09
7.0200e+03,3.6540e-09
7.0400e+03,3.6711e-09
7.0600e+03,3.7061e-09
7.0800e+03,3.6875e-09
7.1000e+03,3.6623e-09
7.1200e+03,3.6813e-09
7.1400e+03,3.6561e-09
7.1600e+03,3.6966e-09
7.1800e+03,3.6481e-09
7.2000e+03,3.5785e-09
7.2200e+03,3.6119e-09
7.2400e+03,3.5708e-09
7.2600e+03,3.5617e-09
7.2800e+03,3.5714e-09
7.3000e+03,3.6019e-09
7.3200e+03,3.5907e-09
7.3400e+03,3.5835e-09
7.3600e+03,3.5967e-09
7.3800e+03,3.5875e-09
7.4000e+03,3.5460e-09
7.4200e+03,3.5269e-09
7.4400e+03,3.5540e-09
7.4600e+03,3.5670e-09
7.4800e+03,3.5618e-09
7.5000e+03,3.5428e-09
7.5200e+03,3.5456e-09
7.5400e+03,3.5132e-09
7.5600e+03,3.4363e-09
7.5800e+03,3.4163e-09
7.6000e+03,3.3559e-09
7.6200e+03,3.7039e-09
7.6400e+03,3.5417e-09
7.6600e+03,3.4702e-09
7.6800e+03,3.2224e-09
7.7000e+03,3.3256e-09
7.7200e+03,3.3792e-09
7.7400e+03,3.4267e-09
7.7600e+03,3.4200e-09
7.7800e+03,3.3878e-09
7.8000e+03,3.3832e-09
7.8200e+03,3.3877e-09
7.8400e+03,3.3742e-09
7.8600e+03,3.3463e-09
7.8800e+03,3.3488e-09
7.9000e+03,3.3284e-09
7.9200e+03,3.3027e-09
7.9400e+03,3.3055e-09
7.9600e+03,3.3171e-09
7.9800e+03,3.3475e-09
8.0000e+03,3.3342e-09
8.0200e+03,3.3574e-09
8.0400e+03,3.3476e-09
8.0600e+03,3.3275e-09
8.0800e+03,3.2720e-09
8.1000e+03,3.2540e-09
8.1200e+03,3.3460e-09
8.1400e+03,3.3094e-09
8.1600e+03,3.2331e-09
8.1800e+03,3.1858e-09
8.2000e+03,3.3569e-09
8.2200e+03,3.2141e-09
8.2400e+03,3.2083e-09
8.2600e+03,3.2563e-09
8.2800e+03,3.1077e-09
8.3000e+03,3.1169e-09
8.3200e+03,3.0939e-09
8.3400e+03,3.1477e-09
8.3600e+03,3.1851e-09
8.3800e+03,3.2507e-09
8.4000e+03,3.2683e-09
8.4200e+03,3.1713e-09
8.4400e+03,3.2108e-09
8.4600e+03,3.2050e-09
8.4800e+03,3.1141e-09
8.5000e+03,3.0795e-09
8.5200e+03,2.9274e-09
8.5400e+03,2.9746e-09
8.5600e+03,3.1487e-09
8.5800e+03,3.1673e-09
8.6000e+03,3.1556e-09
8.6200e+03,3.1244e-09
8.6400e+03,2.9836e-09
8.6600e+03,2.9475e-09
8.6800e+03,3.0756e-09
8.7000e+03,3.1187e-09
8.7200e+03,3.1117e-09
8.7400e+03,3.1150e-09
8.7600e+03,3.0428e-09
8.7800e+03,2.9512e-09
8.8000e+03,3.0266e-09
8.8200e+03,2.9516e-09
8.8400e+03,3.0491e-09
8.8600e+03,3.0340e-09
8.8800e+03,2.9739e-09
8.9000e+03,2.9408e-09
8.9200e+03,2.9262e-09
8.9400e+03,2.9020e-09
8.9600e+03,2.9015e-09
8.9800e+03,2.8886e-09
9.0000e+03,2.8223e-09
9.0200e+03,2.9423e-09
9.0400e+03,3.0298e-09
9.0600e+03,2.9474e-09
9.0800e+03,2.8428e-09
9.1000e+03,2.9082e-09
9.1200e+03,2.8741e-09
9.1400e+03,2.8097e-09
9.1600e+03,2.7749e-09
9.1800e+03,2.8221e-09
9.2000e+03,2.8899e-09
9.2200e+03,2.8173e-09
9.2400e+03,2.7505e-09
9.2600e+03,2.6570e-09
9.2800e+03,2.5940e-09
9.3000e+03,2.4505e-09
9.3200e+03,2.3594e-09
9.3400e+03,2.6129e-09
9.3600e+03,2.4624e-09
9.3800e+03,2.5427e-09
9.4000e+03,2.7444e-09
9.4200e+03,2.4173e-09
9.4400e+03,2.3160e-09
9.4600e+03,2.5557e-09
9.4800e+03,2.5351e-09
9.5000e+03,2.4949e-09
9.5200e+03,2.5506e-09
9.5400e+03,2.5461e-09
9.5600e+03,2.4977e-09
9.5800e+03,2.5636e-09
9.6000e+03,2.5348e-09
9.6200e+03,2.5782e-09
9.6400e+03,2.6118e-09
9.6600e+03,2.6677e-09
9.6800e+03,2.6899e-09
9.7000e+03,2.6186e-09
9.7200e+03,2.5972e-09
9.7400e+03,2.6194e-09
9.7600e+03,2.6168e-09
9.7800e+03,2.6700e-09
9.8000e+03,2.7146e-09
9.8200e+03,2.7174e-09
9.8400e+03,2.7178e-09
9.8600e+03,2.6531e-09
9.8800e+03,2.6367e-09
9.9000e+03,2.6351e-09
9.9200e+03,2.6414e-09
9.9400e+03,2.5948e-09
9.9600e+03,2.5878e-09
9.9800e+03,2.6298e-09
1.0000e+04,2.6382e-09
1.0020e+04,2.6067e-09
1.0040e+04,2.6183e-09
1.0060e+04,2.6496e-09
1.0080e+04,2.6097e-09
1.0100e+04,2.6135e-09
1.0120e+04,2.5988e-09
1.0140e+04,2.5864e-09
1.0160e+04,2.6063e-09
1.0180e+04,2.5886e-09
1.0200e+04,2.5679e-09
1.0220e+04,2.5482e-09
1.0240e+04,2.5202e-09
1.0260e+04,2.5284e-09
1.0280e+04,2.5185e-09
1.0300e+04,2.4763e-09
1.0320e+04,2.4990e-09
1.0340e+04,2.4717e-09
1.0360e+04,2.4994e-09
1.0380e+04,2.4930e-09
1.0400e+04,2.5214e-09
1.0420e+04,2.4943e-09
1.0440e+04,2.4776e-09
1.0460e+04,2.4742e-09
1.0480e+04,2.5245e-09
1.0500e+04,2.4887e-09
1.0520e+04,2.5123e-09
1.0540e+04,2.5598e-09
1.0560e+04,2.5570e-09
1.0580e+04,2.4452e-09
1.0600e+04,2.4500e-09
1.0800e+04,2.3454e-09
1.1000e+04,2.2263e-09
1.1200e+04,2.1006e-09
1.1400e+04,1.9751e-09
1.1600e+04,1.8553e-09
1.1800e+04,1.7455e-09
1.2000e+04,1.6489e-09
1.2200e+04,1.5680e-09
1.2400e+04,1.5046e-09
1.2600e+04,1.4624e-09
1.2800e+04,1.4212e-09
1.3000e+04,1.3848e-09
1.3200e+04,1.3467e-09
1.3400e+04,1.3111e-09
1.3600e+04,1.2810e-09
1.3800e+04,1.2438e-09
1.4000e+04,1.2090e-09
1.4200e+04,1.1733e-09
1.4400e+04,1.1417e-09
1.4600e+04,1.1116e-09
1.4800e+04,1.0815e-09
1.5000e+04,1.0649e-09
1.5200e+04,1.0483e-09
1.5400e+04,1.0269e-09
1.5600e+04,1.0088e-09
1.5800e+04,9.9214e-10
1.6000e+04,9.7625e-10
1.6200e+04,9.5566e-10
1.6400e+04,9.2952e-10
1.6600e+04,8.9388e-10
1.6800e+04,8.6535e-10
1.7000e+04,8.3838e-10
1.7200e+04,8.0984e-10
1.7400e+04,7.8218e-10
1.7600e+04,7.5207e-10
1.7800e+04,7.2511e-10
1.8000e+04,6.9814e-10
1.8200e+04,6.7357e-10
1.8400e+04,6.5145e-10
1.8600e+04,6.2845e-10
1.8800e+04,6.0702e-10
1.9000e+04,5.8800e-10
1.9200e+04,5.6898e-10
1.9400e+04,5.4758e-10
1.9600e+04,5.2699e-10
1.9800e+04,5.0797e-10
2.0000e+04,4.9051e-10
2.0200e+04,4.7149e-10
2.0400e+04,4.5523e-10
2.0600e+04,4.4175e-10
2.0800e+04,4.2670e-10
2.1000e+04,4.1168e-10
2.1200e+04,3.9940e-10
2.1400e+04,3.8712e-10
2.1600e+04,3.7483e-10
2.1800e+04,3.6255e-10
2.2000e+04,3.5028e-10
2.2200e+04,3.3800e-10
2.2400e+04,3.2729e-10
2.2600e+04,3.1698e-10
2.2800e+04,3.0549e-10
2.3000e+04,2.9202e-10
2.3200e+04,2.7933e-10
2.3400e+04,2.6862e-10
2.3600e+04,2.5633e-10
2.3800e+04,2.4610e-10
2.4000e+04,2.3816e-10
2.4200e+04,2.3064e-10
2.4400e+04,2.2469e-10
2.4600e+04,2.1923e-10
2.4800e+04,2.1480e-10
2.5000e+04,2.0926e-10
2.5200e+04,2.0252e-10
2.5400e+04,1.9777e-10
2.5600e+04,1.9357e-10
