# wavelength, f_lambda
2.2900e+02,0.0000e+00
2.3400e+02,0.0000e+00
2.4300e+02,0.0000e+00
2.5200e+02,0.0000e+00
2.5600e+02,0.0000e+00
2.6000e+02,0.0000e+00
2.6600e+02,0.0000e+00
2.7500e+02,0.0000e+00
2.8300e+02,0.0000e+00
2.9300e+02,0.0000e+00
3.0100e+02,0.0000e+00
3.0900e+02,0.0000e+00
3.2500e+02,0.0000e+00
3.4200e+02,0.0000e+00
3.5100e+02,0.0000e+00
3.5600e+02,0.0000e+00
3.6500e+02,0.0000e+00
3.7500e+02,0.0000e+00
3.8400e+02,0.0000e+00
4.0000e+02,0.0000e+00
4.1500e+02,0.0000e+00
4.2500e+02,0.0000e+00
4.4500e+02,0.0000e+00
4.7200e+02,0.0000e+00
4.9400e+02,0.0000e+00
5.0600e+02,0.0000e+00
5.1600e+02,0.0000e+00
5.4000e+02,0.0000e+00
5.6400e+02,0.0000e+00
5.8700e+02,0.0000e+00
6.1200e+02,0.0000e+00
6.4000e+02,0.0000e+00
6.7100e+02,0.0000e+00
7.0500e+02,0.0000e+00
7.3600e+02,0.0000e+00
7.7000e+02,0.0000e+00
8.1000e+02,0.0000e+00
8.5000e+02,0.0000e+00
8.9000e+02,0.0000e+00
9.2000e+02,0.0000e+00
9.4000e+02,0.0000e+00
9.6200e+02,0.0000e+00
9.8700e+02,0.0000e+00
1.0120e+03,0.0000e+00
1.0370e+03,0.0000e+00
1.0620e+03,0.0000e+00
1.0870e+03,0.0000e+00
1.1120e+03,0.0000e+00
1.1200e+03,0.0000e+00
1.1400e+03,0.0000e+00
1.1600e+03,0.0000e+00
1.1800e+03,0.0000e+00
1.2000e+03,0.0000e+00
1.2200e+03,0.0000e+00
1.2400e+03,0.0000e+00
1.2600e+03,0.0000e+00
1.2800e+03,0.0000e+00
1.3000e+03,0.0000e+00
1.3200e+03,0.0000e+00
1.3400e+03,0.0000e+00
1.3600e+03,0.0000e+00
1.3800e+03,0.0000e+00
1.4000e+03,0.0000e+00
1.4200e+03,0.0000e+00
1.4400e+03,0.0000e+00
1.4600e+03,0.0000e+00
1.4800e+03,0.0000e+00
1.5000e+03,0.0000e+00
1.5200e+03,0.0000e+00
1.5400e+03,0.0000e+00
1.5600e+03,0.0000e+00
1.5800e+03,0.0000e+00
1.6000e+03,0.0000e+00
1.6200e+03,0.0000e+00
1.6400e+03,0.0000e+00
1.6600e+03,0.0000e+00
1.6800e+03,0.0000e+00
1.7000e+03,0.0000e+00
1.7200e+03,0.0000e+00
1.7400e+03,0.0000e+00
1.7600e+03,0.0000e+00
1.7800e+03,0.0000e+00
1.8000e+03,0.0000e+00
1.8200e+03,0.0000e+00
1.8400e+03,0.0000e+00
1.8600e+03,0.0000e+00
1.8800e+03,0.0000e+00
1.9000e+03,0.0000e+00
1.9200e+03,0.0000e+00
1.9400e+03,0.0000e+00
1.9600e+03,0.0000e+00
1.9800e+03,0.0000e+00
2.0000e+03,1.7058e-12
2.0025e+03,1.7058e-12
2.0050e+03,1.7833e-12
2.0075e+03,1.8204e-12
2.0100e+03,1.7294e-12
2.0125e+03,1.7691e-12
2.0150e+03,1.8808e-12
2.0175e+03,1.9581e-12
2.0200e+03,2.0355e-12
2.0225e+03,2.3231e-12
2.0250e+03,2.4695e-12
2.0275e+03,2.3491e-12
2.0300e+03,2.3299e-12
2.0325e+03,2.3584e-12
2.0350e+03,2.3126e-12
2.0375e+03,2.2174e-12
2.0400e+03,1.8875e-12
2.0425e+03,1.6696e-12
2.0450e+03,1.6197e-12
2.0475e+03,1.5800e-12
2.0500e+03,1.5617e-12
2.0525e+03,1.5335e-12
2.0550e+03,1.5293e-12
2.0575e+03,1.7289e-12
2.0600e+03,1.9363e-12
2.0625e+03,2.3337e-12
2.0650e+03,2.6129e-12
2.0675e+03,2.7418e-12
2.0700e+03,2.8007e-12
2.0725e+03,2.8375e-12
2.0750e+03,2.9719e-12
2.0775e+03,3.1373e-12
2.0800e+03,3.1313e-12
2.0825e+03,3.1144e-12
2.0850e+03,3.0858e-12
2.0875e+03,3.0481e-12
2.0900e+03,2.9966e-12
2.0925e+03,3.1989e-12
2.0950e+03,3.4328e-12
2.0975e+03,3.5389e-12
2.1000e+03,3.6130e-12
2.1025e+03,3.4522e-12
2.1050e+03,3.3179e-12
2.1075e+03,3.2173e-12
2.1100e+03,3.2364e-12
2.1125e+03,3.2783e-12
2.1150e+03,3.3886e-12
2.1175e+03,3.5125e-12
2.1200e+03,3.5937e-12
2.1225e+03,3.6735e-12
2.1250e+03,3.7515e-12
2.1275e+03,3.9058e-12
2.1300e+03,4.1425e-12
2.1325e+03,4.3164e-12
2.1350e+03,4.3459e-12
2.1375e+03,4.0261e-12
2.1400e+03,3.7781e-12
2.1425e+03,3.8175e-12
2.1450e+03,3.8241e-12
2.1475e+03,3.8011e-12
2.1500e+03,3.7267e-12
2.1525e+03,3.5865e-12
2.1550e+03,3.5858e-12
2.1575e+03,3.6512e-12
2.1600e+03,3.8420e-12
2.1625e+03,3.9638e-12
2.1650e+03,3.7220e-12
2.1675e+03,3.7139e-12
2.1700e+03,3.8894e-12
2.1725e+03,3.9758e-12
2.1750e+03,4.0589e-12
2.1775e+03,4.0706e-12
2.1800e+03,4.0826e-12
2.1825e+03,4.1195e-12
2.1850e+03,4.1749e-12
2.1875e+03,4.2431e-12
2.1900e+03,4.3613e-12
2.1925e+03,4.5257e-12
2.1950e+03,4.8467e-12
2.1975e+03,5.0564e-12
2.2000e+03,4.9995e-12
2.2025e+03,4.9123e-12
2.2050e+03,4.7281e-12
2.2075e+03,4.5130e-12
2.2100e+03,4.2821e-12
2.2125e+03,4.0859e-12
2.2150e+03,3.8901e-12
2.2175e+03,3.6286e-12
2.2200e+03,3.4864e-12
2.2225e+03,3.6571e-12
2.2250e+03,3.9517e-12
2.2275e+03,4.3040e-12
2.2300e+03,4.7387e-12
2.2325e+03,5.2278e-12
2.2350e+03,5.6876e-12
2.2375e+03,6.1289e-12
2.2400e+03,6.5413e-12
2.2425e+03,6.9837e-12
2.2450e+03,7.4888e-12
2.2475e+03,7.8528e-12
2.2500e+03,8.1416e-12
2.2525e+03,8.2824e-12
2.2550e+03,8.4209e-12
2.2575e+03,8.5128e-12
2.2600e+03,8.5256e-12
2.2625e+03,8.3983e-12
2.2650e+03,8.1879e-12
2.2675e+03,7.9516e-12
2.2700e+03,7.7000e-12
2.2725e+03,7.4651e-12
2.2750e+03,7.5059e-12
2.2775e+03,7.4793e-12
2.2800e+03,7.3790e-12
2.2825e+03,7.2919e-12
2.2850e+03,7.2237e-12
2.2875e+03,7.1168e-12
2.2900e+03,6.9950e-12
2.2925e+03,6.8539e-12
2.2950e+03,6.7018e-12
2.2975e+03,6.4688e-12
2.3000e+03,6.3678e-12
2.3025e+03,6.4349e-12
2.3050e+03,6.4035e-12
2.3075e+03,6.3539e-12
2.3100e+03,6.5450e-12
2.3125e+03,6.8670e-12
2.3150e+03,7.4735e-12
2.3175e+03,8.0143e-12
2.3200e+03,8.5037e-12
2.3225e+03,9.1397e-12
2.3250e+03,9.9351e-12
2.3275e+03,1.0857e-11
2.3300e+03,1.1582e-11
2.3325e+03,1.1756e-11
2.3350e+03,1.1927e-11
2.3375e+03,1.2093e-11
2.3400e+03,1.2194e-11
2.3425e+03,1.2234e-11
2.3450e+03,1.1963e-11
2.3475e+03,1.1664e-11
2.3500e+03,1.1575e-11
2.3525e+03,1.1630e-11
2.3550e+03,1.2017e-11
2.3575e+03,1.2178e-11
2.3600e+03,1.2210e-11
2.3625e+03,1.2314e-11
2.3650e+03,1.2475e-11
2.3675e+03,1.2602e-11
2.3700e+03,1.2727e-11
2.3725e+03,1.2747e-11
2.3750e+03,1.2763e-11
2.3775e+03,1.2822e-11
2.3800e+03,1.2826e-11
2.3825e+03,1.2793e-11
2.3850e+03,1.2728e-11
2.3875e+03,1.2631e-11
2.3900e+03,1.2701e-11
2.3925e+03,1.2725e-11
2.3950e+03,1.2620e-11
2.3975e+03,1.2424e-11
2.4000e+03,1.1942e-11
2.4025e+03,1.1771e-11
2.4050e+03,1.1768e-11
2.4075e+03,1.1596e-11
2.4100e+03,1.1424e-11
2.4125e+03,1.1299e-11
2.4150e+03,1.1317e-11
2.4175e+03,1.1695e-11
2.4200e+03,1.2074e-11
2.4225e+03,1.2454e-11
2.4250e+03,1.3136e-11
2.4275e+03,1.4020e-11
2.4300e+03,1.4730e-11
2.4325e+03,1.5296e-11
2.4350e+03,1.5650e-11
2.4375e+03,1.5913e-11
2.4400e+03,1.5986e-11
2.4425e+03,1.6138e-11
2.4450e+03,1.6364e-11
2.4475e+03,1.6916e-11
2.4500e+03,1.7467e-11
2.4525e+03,1.7985e-11
2.4550e+03,1.8391e-11
2.4575e+03,1.8599e-11
2.4600e+03,1.8154e-11
2.4625e+03,1.7504e-11
2.4650e+03,1.7106e-11
2.4675e+03,1.6844e-11
2.4700e+03,1.6790e-11
2.4725e+03,1.6918e-11
2.4750e+03,1.7245e-11
2.4775e+03,1.7280e-11
2.4800e+03,1.6878e-11
2.4825e+03,1.6377e-11
2.4850e+03,1.5789e-11
2.4875e+03,1.4960e-11
2.4900e+03,1.4359e-11
2.4925e+03,1.5427e-11
2.4950e+03,1.6166e-11
2.4975e+03,1.6486e-11
2.5000e+03,1.6687e-11
2.5025e+03,1.7092e-11
2.5050e+03,1.7494e-11
2.5075e+03,1.7637e-11
2.5100e+03,1.7531e-11
2.5125e+03,1.6731e-11
2.5150e+03,1.6168e-11
2.5175e+03,1.5458e-11
2.5200e+03,1.4310e-11
2.5225e+03,1.3223e-11
2.5250e+03,1.4936e-11
2.5275e+03,1.7822e-11
2.5300e+03,1.9687e-11
2.5325e+03,2.2512e-11
2.5350e+03,2.6428e-11
2.5375e+03,2.8513e-11
2.5400e+03,2.7808e-11
2.5425e+03,2.8345e-11
2.5450e+03,2.9263e-11
2.5475e+03,2.9906e-11
2.5500e+03,3.0519e-11
2.5525e+03,3.0647e-11
2.5550e+03,3.0474e-11
2.5575e+03,2.9541e-11
2.5600e+03,2.8303e-11
2.5625e+03,2.8143e-11
2.5650e+03,2.8896e-11
2.5675e+03,3.0369e-11
2.5700e+03,3.1531e-11
2.5725e+03,3.3352e-11
2.5750e+03,2.9849e-11
2.5775e+03,2.7253e-11
2.5800e+03,2.6275e-11
2.5825e+03,2.6057e-11
2.5850e+03,2.5513e-11
2.5875e+03,2.7913e-11
2.5900e+03,3.2403e-11
2.5925e+03,3.4781e-11
2.5950e+03,3.5798e-11
2.5975e+03,3.5898e-11
2.6000e+03,3.6735e-11
2.6025e+03,3.7085e-11
2.6050e+03,3.6771e-11
2.6075e+03,3.6398e-11
2.6100e+03,3.6924e-11
2.6125e+03,3.8069e-11
2.6150e+03,3.8073e-11
2.6175e+03,3.8456e-11
2.6200e+03,3.9495e-11
2.6225e+03,4.0819e-11
2.6250e+03,4.1472e-11
2.6275e+03,4.3540e-11
2.6300e+03,4.6734e-11
2.6325e+03,4.9269e-11
2.6350e+03,5.3379e-11
2.6375e+03,6.0676e-11
2.6400e+03,6.6435e-11
2.6425e+03,6.8528e-11
2.6450e+03,6.9833e-11
2.6475e+03,7.0782e-11
2.6500e+03,7.0504e-11
2.6525e+03,7.0545e-11
2.6550e+03,7.2127e-11
2.6575e+03,7.4232e-11
2.6600e+03,7.6449e-11
2.6625e+03,7.8692e-11
2.6650e+03,8.0840e-11
2.6675e+03,7.9902e-11
2.6700e+03,7.8568e-11
2.6725e+03,7.7970e-11
2.6750e+03,7.7463e-11
2.6775e+03,7.6726e-11
2.6800e+03,7.7805e-11
2.6825e+03,8.1223e-11
2.6850e+03,8.1485e-11
2.6875e+03,8.0435e-11
2.6900e+03,7.9085e-11
2.6925e+03,7.8462e-11
2.6950e+03,7.7003e-11
2.6975e+03,7.7189e-11
2.7000e+03,7.9235e-11
2.7025e+03,8.1624e-11
2.7050e+03,8.5001e-11
2.7075e+03,8.8363e-11
2.7100e+03,8.9494e-11
2.7125e+03,8.8130e-11
2.7150e+03,8.4968e-11
2.7175e+03,7.9264e-11
2.7200e+03,7.4458e-11
2.7225e+03,7.3626e-11
2.7250e+03,7.5946e-11
2.7275e+03,7.9600e-11
2.7300e+03,8.3392e-11
2.7325e+03,8.4840e-11
2.7350e+03,8.1708e-11
2.7375e+03,7.6908e-11
2.7400e+03,7.1970e-11
2.7425e+03,7.0016e-11
2.7450e+03,6.9936e-11
2.7475e+03,7.3050e-11
2.7500e+03,7.7696e-11
2.7525e+03,8.2929e-11
2.7550e+03,8.8217e-11
2.7575e+03,9.3246e-11
2.7600e+03,9.9187e-11
2.7625e+03,1.0427e-10
2.7650e+03,1.0688e-10
2.7675e+03,1.0990e-10
2.7700e+03,1.1236e-10
2.7725e+03,1.1260e-10
2.7750e+03,1.1070e-10
2.7775e+03,1.0829e-10
2.7800e+03,1.0419e-10
2.7825e+03,9.7878e-11
2.7850e+03,9.1474e-11
2.7875e+03,8.7181e-11
2.7900e+03,8.5223e-11
2.7925e+03,8.3950e-11
2.7950e+03,8.2521e-11
2.7975e+03,8.2608e-11
2.8000e+03,8.3910e-11
2.8025e+03,8.2798e-11
2.8050e+03,8.2120e-11
2.8075e+03,8.4279e-11
2.8100e+03,9.2145e-11
2.8125e+03,1.0097e-10
2.8150e+03,1.0990e-10
2.8175e+03,1.1981e-10
2.8200e+03,1.3032e-10
2.8225e+03,1.3463e-10
2.8250e+03,1.3654e-10
2.8275e+03,1.3651e-10
2.8300e+03,1.3571e-10
2.8325e+03,1.3424e-10
2.8350e+03,1.3444e-10
2.8375e+03,1.3222e-10
2.8400e+03,1.2380e-10
2.8425e+03,1.1502e-10
2.8450e+03,1.0075e-10
2.8475e+03,8.3064e-11
2.8500e+03,6.7383e-11
2.8525e+03,6.2427e-11
2.8550e+03,6.3543e-11
2.8575e+03,7.1511e-11
2.8600e+03,8.6744e-11
2.8625e+03,1.0992e-10
2.8650e+03,1.2898e-10
2.8675e+03,1.4358e-10
2.8700e+03,1.5675e-10
2.8725e+03,1.6495e-10
2.8750e+03,1.5912e-10
2.8775e+03,1.6048e-10
2.8800e+03,1.6532e-10
2.8825e+03,1.7375e-10
2.8850e+03,1.8908e-10
2.8875e+03,2.0892e-10
2.8900e+03,2.3337e-10
2.8925e+03,2.5545e-10
2.8950e+03,2.7968e-10
2.8975e+03,3.0848e-10
2.9000e+03,3.3907e-10
2.9025e+03,3.5712e-10
2.9050e+03,3.6804e-10
2.9075e+03,3.7300e-10
2.9100e+03,3.7533e-10
2.9125e+03,3.7719e-10
2.9150e+03,3.8379e-10
2.9175e+03,3.8660e-10
2.9200e+03,3.7938e-10
2.9225e+03,3.6895e-10
2.9250e+03,3.6114e-10
2.9275e+03,3.6098e-10
2.9300e+03,3.6144e-10
2.9325e+03,3.6429e-10
2.9350e+03,3.6512e-10
2.9375e+03,3.6760e-10
2.9400e+03,3.6490e-10
2.9425e+03,3.5168e-10
2.9450e+03,3.4773e-10
2.9475e+03,3.5204e-10
2.9500e+03,3.6673e-10
2.9525e+03,3.7023e-10
2.9550e+03,3.7964e-10
2.9575e+03,3.8405e-10
2.9600e+03,3.7522e-10
2.9625e+03,3.5350e-10
2.9650e+03,3.1873e-10
2.9675e+03,2.9446e-10
2.9700e+03,2.8773e-10
2.9725e+03,3.0282e-10
2.9750e+03,3.2546e-10
2.9775e+03,3.4101e-10
2.9800e+03,3.4074e-10
2.9825e+03,3.2974e-10
2.9850e+03,3.1738e-10
2.9875e+03,3.0266e-10
2.9900e+03,2.9643e-10
2.9925e+03,3.0200e-10
2.9950e+03,2.9495e-10
2.9975e+03,2.7973e-10
3.0000e+03,2.6246e-10
3.0025e+03,2.4879e-10
3.0050e+03,2.4653e-10
3.0075e+03,2.5679e-10
3.0100e+03,2.7104e-10
3.0125e+03,2.7793e-10
3.0150e+03,2.7599e-10
3.0175e+03,2.6797e-10
3.0200e+03,2.6528e-10
3.0225e+03,2.7678e-10
3.0250e+03,2.9783e-10
3.0275e+03,3.4558e-10
3.0300e+03,3.9692e-10
3.0325e+03,4.3325e-10
3.0350e+03,4.3777e-10
3.0375e+03,4.3671e-10
3.0400e+03,4.2938e-10
3.0425e+03,4.2012e-10
3.0450e+03,4.2632e-10
3.0475e+03,4.4517e-10
3.0500e+03,4.5772e-10
3.0525e+03,4.5615e-10
3.0550e+03,4.4156e-10
3.0575e+03,4.2190e-10
3.0600e+03,4.0155e-10
3.0625e+03,3.8554e-10
3.0650e+03,3.9098e-10
3.0675e+03,4.1818e-10
3.0700e+03,4.4783e-10
3.0725e+03,4.7712e-10
3.0750e+03,5.0403e-10
3.0775e+03,5.2573e-10
3.0800e+03,5.4287e-10
3.0825e+03,5.5523e-10
3.0850e+03,5.4943e-10
3.0875e+03,5.3054e-10
3.0900e+03,5.0822e-10
3.0925e+03,4.7559e-10
3.0950e+03,4.4017e-10
3.0975e+03,4.3707e-10
3.1000e+03,4.6406e-10
3.1025e+03,5.1121e-10
3.1050e+03,5.8047e-10
3.1075e+03,6.5858e-10
3.1100e+03,7.1186e-10
3.1125e+03,7.3254e-10
3.1150e+03,7.1861e-10
3.1175e+03,6.8568e-10
3.1200e+03,6.4451e-10
3.1225e+03,6.1227e-10
3.1250e+03,5.9334e-10
3.1275e+03,5.9611e-10
3.1300e+03,6.0618e-10
3.1325e+03,6.2773e-10
3.1350e+03,6.5461e-10
3.1375e+03,6.7598e-10
3.1400e+03,6.8108e-10
3.1425e+03,6.7711e-10
3.1450e+03,6.7671e-10
3.1475e+03,6.7689e-10
3.1500e+03,6.7091e-10
3.1525e+03,6.6176e-10
3.1550e+03,6.4454e-10
3.1575e+03,6.2507e-10
3.1600e+03,6.0505e-10
3.1625e+03,6.1209e-10
3.1650e+03,6.4159e-10
3.1675e+03,6.9786e-10
3.1700e+03,7.6142e-10
3.1725e+03,8.1522e-10
3.1750e+03,8.3312e-10
3.1775e+03,8.0066e-10
3.1800e+03,7.7280e-10
3.1825e+03,7.4844e-10
3.1850e+03,7.3163e-10
3.1875e+03,7.1810e-10
3.1900e+03,7.3477e-10
3.1925e+03,7.4990e-10
3.1950e+03,7.4972e-10
3.1975e+03,7.5344e-10
3.2000e+03,7.7080e-10
3.2025e+03,7.6183e-10
3.2050e+03,7.5285e-10
3.2075e+03,7.4388e-10
3.2100e+03,7.3491e-10
3.2125e+03,7.2594e-10
3.2150e+03,7.1697e-10
3.2175e+03,7.0800e-10
3.2200e+03,6.9903e-10
3.2225e+03,7.2408e-10
3.2250e+03,7.4917e-10
3.2275e+03,7.7426e-10
3.2300e+03,7.9932e-10
3.2325e+03,8.2441e-10
3.2350e+03,8.4946e-10
3.2375e+03,8.7455e-10
3.2400e+03,8.9964e-10
3.2600e+03,1.1162e-09
3.2700e+03,1.1141e-09
3.2800e+03,1.0580e-09
3.2900e+03,1.1322e-09
3.3000e+03,1.2280e-09
3.3100e+03,1.0995e-09
3.3200e+03,1.0617e-09
3.3300e+03,1.0813e-09
3.3400e+03,1.0986e-09
3.3500e+03,1.1404e-09
3.3600e+03,1.0336e-09
3.3700e+03,8.7375e-10
3.3800e+03,9.2637e-10
3.3900e+03,1.0578e-09
3.4000e+03,1.1721e-09
3.4100e+03,1.1720e-09
3.4200e+03,1.1727e-09
3.4300e+03,1.2505e-09
3.4400e+03,1.0871e-09
3.4500e+03,1.0389e-09
3.4600e+03,1.1790e-09
3.4700e+03,1.1539e-09
3.4800e+03,1.1573e-09
3.4900e+03,1.1352e-09
3.5000e+03,1.2786e-09
3.5100e+03,1.3440e-09
3.5200e+03,1.2508e-09
3.5300e+03,1.2791e-09
3.5400e+03,1.4220e-09
3.5500e+03,1.4183e-09
3.5600e+03,1.2935e-09
3.5700e+03,1.1283e-09
3.5800e+03,8.9676e-10
3.5900e+03,9.6722e-10
3.6000e+03,1.3059e-09
3.6100e+03,1.3224e-09
3.6200e+03,1.2864e-09
3.6300e+03,1.3280e-09
3.6400e+03,1.3984e-09
3.6500e+03,1.4646e-09
3.6600e+03,1.6473e-09
3.6700e+03,1.7115e-09
3.6800e+03,1.5577e-09
3.6900e+03,1.5720e-09
3.7000e+03,1.6483e-09
3.7100e+03,1.6515e-09
3.7200e+03,1.4699e-09
3.7300e+03,1.2275e-09
3.7400e+03,1.1759e-09
3.7500e+03,1.2735e-09
3.7600e+03,1.3395e-09
3.7700e+03,1.5246e-09
3.7800e+03,1.7751e-09
3.7900e+03,1.5879e-09
3.8000e+03,1.4462e-09
3.8100e+03,1.4615e-09
3.8200e+03,1.1590e-09
3.8300e+03,8.7853e-10
3.8400e+03,9.7145e-10
3.8500e+03,1.0641e-09
3.8600e+03,1.0638e-09
3.8700e+03,1.0281e-09
3.8800e+03,1.0830e-09
3.8900e+03,1.3172e-09
3.9000e+03,1.6043e-09
3.9100e+03,1.7386e-09
3.9200e+03,1.6996e-09
3.9300e+03,1.0585e-09
3.9400e+03,9.7907e-10
3.9500e+03,1.5994e-09
3.9600e+03,1.5991e-09
3.9700e+03,1.1868e-09
3.9800e+03,1.7569e-09
3.9900e+03,2.3839e-09
4.0000e+03,2.5538e-09
4.0100e+03,2.6229e-09
4.0200e+03,2.6893e-09
4.0300e+03,2.6235e-09
4.0400e+03,2.5014e-09
4.0500e+03,2.5720e-09
4.0600e+03,2.5386e-09
4.0700e+03,2.4754e-09
4.0800e+03,2.6739e-09
4.0900e+03,2.8836e-09
4.1000e+03,2.7940e-09
4.1100e+03,2.7562e-09
4.1200e+03,2.8653e-09
4.1300e+03,2.7204e-09
4.1400e+03,2.6686e-09
4.1500e+03,2.6313e-09
4.1600e+03,2.7171e-09
4.1700e+03,2.6857e-09
4.1800e+03,2.5741e-09
4.1900e+03,2.6078e-09
4.2000e+03,2.6211e-09
4.2100e+03,2.6854e-09
4.2200e+03,2.6982e-09
4.2300e+03,2.6700e-09
4.2400e+03,2.7909e-09
4.2500e+03,2.7870e-09
4.2600e+03,2.7276e-09
4.2700e+03,2.5941e-09
4.2800e+03,2.5192e-09
4.2900e+03,2.4997e-09
4.3000e+03,2.0818e-09
4.3100e+03,2.1532e-09
4.3200e+03,2.6761e-09
4.3300e+03,2.9794e-09
4.3400e+03,3.0132e-09
4.3500e+03,2.9444e-09
4.3600e+03,3.0875e-09
4.3700e+03,3.0780e-09
4.3800e+03,2.7901e-09
4.3900e+03,2.7567e-09
4.4000e+03,2.8767e-09
4.4100e+03,3.0167e-09
4.4200e+03,3.2205e-09
4.4300e+03,3.2589e-09
4.4400e+03,3.2695e-09
4.4500e+03,3.2728e-09
4.4600e+03,3.1764e-09
4.4700e+03,3.3299e-09
4.4800e+03,3.5024e-09
4.4900e+03,3.4391e-09
4.5000e+03,3.5784e-09
4.5100e+03,3.7056e-09
4.5200e+03,3.5582e-09
4.5300e+03,3.3635e-09
4.5400e+03,3.3997e-09
4.5500e+03,3.4606e-09
4.5600e+03,3.5210e-09
4.5700e+03,3.6264e-09
4.5800e+03,3.5547e-09
4.5900e+03,3.4914e-09
4.6000e+03,3.5280e-09
4.6100e+03,3.6549e-09
4.6200e+03,3.7530e-09
4.6300e+03,3.7001e-09
4.6400e+03,3.5795e-09
4.6500e+03,3.5385e-09
4.6600e+03,3.5401e-09
4.6700e+03,3.5838e-09
4.6800e+03,3.5700e-09
4.6900e+03,3.5769e-09
4.7000e+03,3.5487e-09
4.7100e+03,3.5516e-09
4.7200e+03,3.6731e-09
4.7300e+03,3.7387e-09
4.7400e+03,3.7548e-09
4.7500e+03,3.8106e-09
4.7600e+03,3.7194e-09
4.7700e+03,3.7785e-09
4.7800e+03,3.9036e-09
4.7900e+03,3.8937e-09
4.8000e+03,3.9032e-09
4.8100e+03,3.9306e-09
4.8200e+03,3.9685e-09
4.8300e+03,3.9459e-09
4.8400e+03,3.9007e-09
4.8500e+03,3.8317e-09
4.8600e+03,3.5849e-09
4.8700e+03,3.5138e-09
4.8800e+03,3.6819e-09
4.8900e+03,3.7344e-09
4.9000e+03,3.8288e-09
4.9100e+03,3.7719e-09
4.9200e+03,3.5785e-09
4.9300e+03,3.6131e-09
4.9400e+03,3.6990e-09
4.9500e+03,3.7285e-09
4.9600e+03,3.7435e-09
4.9700e+03,3.7439e-09
4.9800e+03,3.6673e-09
4.9900e+03,3.6214e-09
5.0000e+03,3.6126e-09
5.0100e+03,3.5048e-09
5.0200e+03,3.5233e-09
5.0300e+03,3.6239e-09
5.0400e+03,3.5755e-09
5.0500e+03,3.5601e-09
5.0600e+03,3.6350e-09
5.0700e+03,3.6112e-09
5.0800e+03,3.5092e-09
5.0900e+03,3.5458e-09
5.1000e+03,3.5761e-09
5.1100e+03,3.5897e-09
5.1200e+03,3.5824e-09
5.1300e+03,3.5130e-09
5.1400e+03,3.5102e-09
5.1500e+03,3.5053e-09
5.1600e+03,3.4839e-09
5.1700e+03,3.2300e-09
5.1800e+03,3.1314e-09
5.1900e+03,3.3271e-09
5.2000e+03,3.4877e-09
5.2100e+03,3.5102e-09
5.2200e+03,3.5135e-09
5.2300e+03,3.4903e-09
5.2400e+03,3.5958e-09
5.2500e+03,3.6279e-09
5.2600e+03,3.4614e-09
5.2700e+03,3.3404e-09
5.2800e+03,3.4797e-09
5.2900e+03,3.7008e-09
5.3000e+03,3.7030e-09
5.3100e+03,3.7231e-09
5.3200e+03,3.7015e-09
5.3300e+03,3.5479e-09
5.3400e+03,3.5649e-09
5.3500e+03,3.6614e-09
5.3600e+03,3.7460e-09
5.3700e+03,3.6997e-09
5.3800e+03,3.7136e-09
5.3900e+03,3.7034e-09
5.4000e+03,3.5760e-09
5.4100e+03,3.5578e-09
5.4200e+03,3.7435e-09
5.4300e+03,3.7555e-09
5.4400e+03,3.8011e-09
5.4500e+03,3.8507e-09
5.4600e+03,3.7770e-09
5.4700e+03,3.7854e-09
5.4800e+03,3.7278e-09
5.4900e+03,3.7176e-09
5.5000e+03,3.8248e-09
5.5100e+03,3.7708e-09
5.5200e+03,3.8044e-09
5.5300e+03,3.7796e-09
5.5400e+03,3.7409e-09
5.5500e+03,3.8066e-09
5.5600e+03,3.8142e-09
5.5700e+03,3.7541e-09
5.5800e+03,3.7267e-09
5.5900e+03,3.6746e-09
5.6000e+03,3.5940e-09
5.6100e+03,3.7358e-09
5.6200e+03,3.7333e-09
5.6300e+03,3.7096e-09
5.6400e+03,3.7172e-09
5.6500e+03,3.7387e-09
5.6600e+03,3.6775e-09
5.6700e+03,3.6917e-09
5.6800e+03,3.7234e-09
5.6900e+03,3.7274e-09
5.7000e+03,3.6800e-09
5.7100e+03,3.6505e-09
5.7200e+03,3.6614e-09
5.7300e+03,3.7832e-09
5.7400e+03,3.7267e-09
5.7600e+03,3.7238e-09
5.7800e+03,3.6520e-09
5.8000e+03,3.6534e-09
5.8200e+03,3.7198e-09
5.8400e+03,3.7169e-09
5.8600e+03,3.6691e-09
5.8800e+03,3.5513e-09
5.9000e+03,3.4795e-09
5.9200e+03,3.5222e-09
5.9400e+03,3.5990e-09
5.9600e+03,3.6402e-09
5.9800e+03,3.6560e-09
6.0000e+03,3.6256e-09
6.0200e+03,3.6109e-09
6.0400e+03,3.6538e-09
6.0600e+03,3.6720e-09
6.0800e+03,3.6713e-09
6.1000e+03,3.6654e-09
6.1200e+03,3.6443e-09
6.1400e+03,3.5707e-09
6.1600e+03,3.4979e-09
6.1800e+03,3.4899e-09
6.2000e+03,3.5739e-09
6.2200e+03,3.5453e-09
6.2400e+03,3.4886e-09
6.2600e+03,3.4605e-09
6.2800e+03,3.4498e-09
6.3000e+03,3.4864e-09
6.3200e+03,3.4784e-09
6.3400e+03,3.5114e-09
6.3600e+03,3.5059e-09
6.3800e+03,3.5218e-09
6.4000e+03,3.5161e-09
6.4200e+03,3.4996e-09
6.4400e+03,3.5446e-09
6.4600e+03,3.4936e-09
6.4800e+03,3.4455e-09
6.5000e+03,3.4663e-09
6.5200e+03,3.5179e-09
6.5400e+03,3.5560e-09
6.5600e+03,3.3904e-09
6.5800e+03,3.3825e-09
6.6000e+03,3.4967e-09
6.6200e+03,3.5185e-09
6.6400e+03,3.5199e-09
6.6600e+03,3.4564e-09
6.6800e+03,3.5152e-09
6.7000e+03,3.4645e-09
6.7200e+03,3.4366e-09
6.7400e+03,3.4283e-09
6.7600e+03,3.4008e-09
6.7800e+03,3.4001e-09
6.8000e+03,3.4353e-09
6.8200e+03,3.4292e-09
6.8400e+03,3.5392e-09
6.8600e+03,3.3589e-09
6.8800e+03,3.2481e-09
6.9000e+03,3.3339e-09
6.9200e+03,3.3539e-09
6.9400e+03,3.3071e-09
6.9600e+03,3.2927e-09
6.9800e+03,3.2830e-09
7.0000e+03,3.2574e-09
7.0200e+03,3.2120e-09
7.0400e+03,3.2540e-09
7.0600e+03,3.2556e-09
7.0800e+03,3.2372e-09
7.1000e+03,3.2344e-09
7.1200e+03,3.1988e-09
7.1400e+03,3.1745e-09
7.1600e+03,3.2041e-09
7.1800e+03,3.0104e-09
7.2000e+03,2.8976e-09
7.2200e+03,3.1001e-09
7.2400e+03,3.1063e-09
7.2600e+03,3.0179e-09
7.2800e+03,3.0430e-09
7.3000e+03,3.0576e-09
7.3200e+03,3.0676e-09
7.3400e+03,3.1187e-09
7.3600e+03,3.0895e-09
7.3800e+03,3.0443e-09
7.4000e+03,3.0684e-09
7.4200e+03,3.0358e-09
7.4400e+03,3.0493e-09
7.4600e+03,3.0629e-09
7.4800e+03,3.0051e-09
7.5000e+03,2.9752e-09
7.5200e+03,2.9927e-09
7.5400e+03,2.9730e-09
7.5600e+03,2.9941e-09
7.5800e+03,3.1554e-09
7.6000e+03,2.7232e-09
7.6200e+03,2.4860e-09
7.6400e+03,2.7649e-09
7.6600e+03,2.7674e-09
7.6800e+03,2.7156e-09
7.7000e+03,2.9140e-09
7.7200e+03,2.8804e-09
7.7400e+03,2.8712e-09
7.7600e+03,2.9115e-09
7.7800e+03,2.9166e-09
7.8000e+03,2.8817e-09
7.8200e+03,2.8199e-09
7.8400e+03,2.8232e-09
7.8600e+03,2.8019e-09
7.8800e+03,2.7946e-09
7.9000e+03,2.7910e-09
7.9200e+03,2.7441e-09
7.9400e+03,2.7096e-09
7.9600e+03,2.7250e-09
7.9800e+03,2.7420e-09
8.0000e+03,2.7199e-09
8.0200e+03,2.6947e-09
8.0400e+03,2.6796e-09
8.0600e+03,2.6728e-09
8.0800e+03,2.6430e-09
8.1000e+03,2.6020e-09
8.1200e+03,2.6713e-09
8.1400e+03,2.6577e-09
8.1600e+03,2.5101e-09
8.1800e+03,2.4779e-09
8.2000e+03,2.6715e-09
8.2200e+03,2.6290e-09
8.2400e+03,2.6067e-09
8.2600e+03,2.7658e-09
8.2800e+03,2.6380e-09
8.3000e+03,2.6059e-09
8.3200e+03,2.5440e-09
8.3400e+03,2.4873e-09
8.3600e+03,2.5782e-09
8.3800e+03,2.5817e-09
8.4000e+03,2.5897e-09
8.4200e+03,2.6399e-09
8.4400e+03,2.5979e-09
8.4600e+03,2.5733e-09
8.4800e+03,2.6257e-09
8.5000e+03,2.5874e-09
8.5200e+03,2.5204e-09
8.5400e+03,2.3933e-09
8.5600e+03,2.4350e-09
8.5800e+03,2.5559e-09
8.6000e+03,2.5619e-09
8.6200e+03,2.5486e-09
8.6400e+03,2.5812e-09
8.6600e+03,2.4720e-09
8.6800e+03,2.4356e-09
8.7000e+03,2.5750e-09
8.7200e+03,2.5195e-09
8.7400e+03,2.5530e-09
8.7600e+03,2.5110e-09
8.7800e+03,2.4795e-09
8.8000e+03,2.4711e-09
8.8200e+03,2.4201e-09
8.8400e+03,2.4856e-09
8.8600e+03,2.4419e-09
8.8800e+03,2.4352e-09
8.9000e+03,2.4298e-09
8.9200e+03,2.4510e-09
8.9400e+03,2.3597e-09
8.9600e+03,2.3354e-09
8.9800e+03,2.2907e-09
9.0000e+03,2.2232e-09
9.0200e+03,2.3765e-09
9.0400e+03,2.6272e-09
9.0600e+03,2.5280e-09
9.0800e+03,2.2955e-09
9.1000e+03,2.2468e-09
9.1200e+03,2.1982e-09
9.1400e+03,2.1013e-09
9.1600e+03,2.1159e-09
9.1800e+03,2.2051e-09
9.2000e+03,2.3353e-09
9.2200e+03,2.2992e-09
9.2400e+03,2.2348e-09
9.2600e+03,2.2123e-09
9.2800e+03,2.4109e-09
9.3000e+03,2.0744e-09
9.3200e+03,1.8860e-09
9.3400e+03,1.7118e-09
9.3600e+03,1.6034e-09
9.3800e+03,2.1373e-09
9.4000e+03,2.4974e-09
9.4200e+03,2.2887e-09
9.4400e+03,1.9822e-09
9.4600e+03,2.0394e-09
9.4800e+03,2.0899e-09
9.5000e+03,2.1522e-09
9.5200e+03,2.1602e-09
9.5400e+03,2.1488e-09
9.5600e+03,2.1640e-09
9.5800e+03,2.0453e-09
9.6000e+03,1.9660e-09
9.6200e+03,2.0498e-09
9.6400e+03,2.0140e-09
9.6600e+03,1.9689e-09
9.6800e+03,2.1189e-09
9.7000e+03,2.1513e-09
9.7200e+03,2.0664e-09
9.7400e+03,1.9332e-09
9.7600e+03,1.9218e-09
9.7800e+03,1.9232e-09
9.8000e+03,1.9141e-09
9.8200e+03,1.9534e-09
9.8400e+03,1.9627e-09
9.8600e+03,1.9160e-09
9.8800e+03,1.9479e-09
9.9000e+03,1.9050e-09
9.9200e+03,1.9074e-09
9.9400e+03,1.8921e-09
9.9600e+03,1.9045e-09
9.9800e+03,1.9080e-09
1.0000e+04,1.8694e-09
1.0020e+04,1.8950e-09
1.0040e+04,1.8567e-09
1.0060e+04,1.8188e-09
1.0080e+04,1.8137e-09
1.0100e+04,1.8054e-09
1.0120e+04,1.7972e-09
1.0140e+04,1.7998e-09
1.0160e+04,1.7724e-09
1.0180e+04,1.7494e-09
1.0200e+04,1.7138e-09
1.0220e+04,1.7654e-09
1.0240e+04,1.7448e-09
1.0260e+04,1.7601e-09
1.0280e+04,1.7375e-09
1.0300e+04,1.7579e-09
1.0320e+04,1.7500e-09
1.0340e+04,1.7567e-09
1.0360e+04,1.7510e-09
1.0380e+04,1.7689e-09
1.0400e+04,1.7590e-09
1.0420e+04,1.7686e-09
1.0440e+04,1.7801e-09
1.0460e+04,1.7591e-09
1.0480e+04,1.7595e-09
1.0500e+04,1.7567e-09
1.0520e+04,1.7781e-09
1.0540e+04,1.7484e-09
1.0560e+04,1.7428e-09
1.0580e+04,1.7569e-09
1.0600e+04,1.7343e-09
1.0800e+04,1.6876e-09
1.1000e+04,1.6300e-09
1.1200e+04,1.5651e-09
1.1400e+04,1.4967e-09
1.1600e+04,1.4277e-09
1.1800e+04,1.3609e-09
1.2000e+04,1.2983e-09
1.2200e+04,1.2419e-09
1.2400e+04,1.1930e-09
1.2600e+04,1.1537e-09
1.2800e+04,1.1144e-09
1.3000e+04,1.0801e-09
1.3200e+04,1.0477e-09
1.3400e+04,1.0152e-09
1.3600e+04,9.8363e-10
1.3800e+04,9.5277e-10
1.4000e+04,9.2280e-10
1.4200e+04,8.8527e-10
1.4400e+04,8.5788e-10
1.4600e+04,8.3564e-10
1.4800e+04,8.1164e-10
1.5000e+04,7.9023e-10
1.5200e+04,7.6719e-10
1.5400e+04,7.4494e-10
1.5600e+04,7.2273e-10
1.5800e+04,7.0308e-10
1.6000e+04,6.8681e-10
1.6200e+04,6.6967e-10
1.6400e+04,6.5085e-10
1.6600e+04,6.2948e-10
1.6800e+04,6.0640e-10
1.7000e+04,5.8335e-10
1.7200e+04,5.6026e-10
1.7400e+04,5.3806e-10
1.7600e+04,5.1847e-10
1.7800e+04,4.9878e-10
1.8000e+04,4.7916e-10
1.8200e+04,4.6293e-10
1.8400e+04,4.4674e-10
1.8600e+04,4.2960e-10
1.8800e+04,4.1508e-10
1.9000e+04,4.0228e-10
1.9200e+04,3.8948e-10
1.9400e+04,3.7581e-10
1.9600e+04,3.6214e-10
1.9800e+04,3.4933e-10
2.0000e+04,3.3738e-10
2.0200e+04,3.2797e-10
2.0400e+04,3.1686e-10
2.0600e+04,3.0618e-10
2.0800e+04,2.9551e-10
2.1000e+04,2.8356e-10
2.1200e+04,2.7417e-10
2.1400e+04,2.6477e-10
2.1600e+04,2.5494e-10
2.1800e+04,2.4554e-10
2.2000e+04,2.3787e-10
2.2200e+04,2.3060e-10
2.2400e+04,2.2360e-10
2.2600e+04,2.1548e-10
2.2800e+04,2.0925e-10
2.3000e+04,2.0243e-10
2.3200e+04,1.9559e-10
2.3400e+04,1.8962e-10
2.3600e+04,1.8346e-10
2.3800e+04,1.7731e-10
2.4000e+04,1.7168e-10
2.4200e+04,1.6604e-10
2.4400e+04,1.6126e-10
2.4600e+04,1.5648e-10
2.4800e+04,1.5204e-10
2.5000e+04,1.4836e-10
2.5200e+04,1.4452e-10
2.5400e+04,1.4084e-10
2.5600e+04,1.3725e-10
