# wavelength, f_lambda
2.2900e+02,0.0000e+00
2.3400e+02,0.0000e+00
2.4300e+02,0.0000e+00
2.5200e+02,0.0000e+00
2.5600e+02,0.0000e+00
2.6000e+02,0.0000e+00
2.6600e+02,0.0000e+00
2.7500e+02,0.0000e+00
2.8300e+02,0.0000e+00
2.9300e+02,0.0000e+00
3.0100e+02,0.0000e+00
3.0900e+02,0.0000e+00
3.2500e+02,0.0000e+00
3.4200e+02,0.0000e+00
3.5100e+02,0.0000e+00
3.5600e+02,0.0000e+00
3.6500e+02,0.0000e+00
3.7500e+02,0.0000e+00
3.8400e+02,0.0000e+00
4.0000e+02,0.0000e+00
4.1500e+02,0.0000e+00
4.2500e+02,0.0000e+00
4.4500e+02,0.0000e+00
4.7200e+02,0.0000e+00
4.9400e+02,0.0000e+00
5.0600e+02,0.0000e+00
5.1600e+02,0.0000e+00
5.4000e+02,0.0000e+00
5.6400e+02,0.0000e+00
5.8700e+02,0.0000e+00
6.1200e+02,0.0000e+00
6.4000e+02,0.0000e+00
6.7100e+02,0.0000e+00
7.0500e+02,0.0000e+00
7.3600e+02,0.0000e+00
7.7000e+02,0.0000e+00
8.1000e+02,0.0000e+00
8.5000e+02,0.0000e+00
8.9000e+02,0.0000e+00
9.2000e+02,0.0000e+00
9.4000e+02,0.0000e+00
9.6200e+02,0.0000e+00
9.8700e+02,0.0000e+00
1.0120e+03,0.0000e+00
1.0370e+03,0.0000e+00
1.0620e+03,0.0000e+00
1.0870e+03,0.0000e+00
1.1120e+03,0.0000e+00
1.1200e+03,0.0000e+00
1.1400e+03,0.0000e+00
1.1600e+03,0.0000e+00
1.1800e+03,0.0000e+00
1.2000e+03,0.0000e+00
1.2200e+03,0.0000e+00
1.2400e+03,0.0000e+00
1.2600e+03,0.0000e+00
1.2800e+03,0.0000e+00
1.3000e+03,0.0000e+00
1.3200e+03,0.0000e+00
1.3400e+03,0.0000e+00
1.3600e+03,0.0000e+00
1.3800e+03,0.0000e+00
1.4000e+03,0.0000e+00
1.4200e+03,0.0000e+00
1.4400e+03,0.0000e+00
1.4600e+03,0.0000e+00
1.4800e+03,0.0000e+00
1.5000e+03,0.0000e+00
1.5200e+03,0.0000e+00
1.5400e+03,0.0000e+00
1.5600e+03,0.0000e+00
1.5800e+03,0.0000e+00
1.6000e+03,0.0000e+00
1.6200e+03,0.0000e+00
1.6400e+03,0.0000e+00
1.6600e+03,0.0000e+00
1.6800e+03,0.0000e+00
1.7000e+03,0.0000e+00
1.7200e+03,0.0000e+00
1.7400e+03,0.0000e+00
1.7600e+03,0.0000e+00
1.7800e+03,0.0000e+00
1.8000e+03,0.0000e+00
1.8200e+03,0.0000e+00
1.8400e+03,0.0000e+00
1.8600e+03,0.0000e+00
1.8800e+03,0.0000e+00
1.9000e+03,0.0000e+00
1.9200e+03,0.0000e+00
1.9400e+03,0.0000e+00
1.9600e+03,0.0000e+00
1.9800e+03,0.0000e+00
2.0000e+03,9.0950e-13
2.0025e+03,1.0952e-12
2.0050e+03,9.0703e-13
2.0075e+03,1.6172e-12
2.0100e+03,1.8582e-12
2.0125e+03,1.7307e-12
2.0150e+03,1.6386e-12
2.0175e+03,1.5850e-12
2.0200e+03,8.3383e-13
2.0225e+03,3.1825e-13
2.0250e+03,6.5330e-13
2.0275e+03,9.1610e-13
2.0300e+03,8.8972e-13
2.0325e+03,1.2096e-12
2.0350e+03,1.7602e-12
2.0375e+03,1.5190e-12
2.0400e+03,1.2779e-12
2.0425e+03,1.2599e-12
2.0450e+03,1.3829e-12
2.0475e+03,1.7641e-12
2.0500e+03,1.9610e-12
2.0525e+03,2.0861e-12
2.0550e+03,1.8507e-12
2.0575e+03,1.4125e-12
2.0600e+03,1.5946e-12
2.0625e+03,2.0006e-12
2.0650e+03,2.7587e-12
2.0675e+03,3.1421e-12
2.0700e+03,2.5616e-12
2.0725e+03,2.3364e-12
2.0750e+03,2.3319e-12
2.0775e+03,2.9406e-12
2.0800e+03,3.5492e-12
2.0825e+03,3.7611e-12
2.0850e+03,3.7319e-12
2.0875e+03,3.3410e-12
2.0900e+03,3.1227e-12
2.0925e+03,2.9475e-12
2.0950e+03,2.8235e-12
2.0975e+03,2.6823e-12
2.1000e+03,2.2692e-12
2.1025e+03,1.9047e-12
2.1050e+03,1.6019e-12
2.1075e+03,1.1406e-12
2.1100e+03,3.9742e-13
2.1125e+03,7.2908e-13
2.1150e+03,1.3265e-12
2.1175e+03,1.5364e-12
2.1200e+03,1.7751e-12
2.1225e+03,2.3464e-12
2.1250e+03,2.8374e-12
2.1275e+03,3.2412e-12
2.1300e+03,3.4766e-12
2.1325e+03,3.6889e-12
2.1350e+03,3.8321e-12
2.1375e+03,3.8088e-12
2.1400e+03,3.1919e-12
2.1425e+03,2.2967e-12
2.1450e+03,1.2162e-12
2.1475e+03,7.2945e-13
2.1500e+03,7.9084e-13
2.1525e+03,9.5392e-13
2.1550e+03,9.8070e-13
2.1575e+03,5.1445e-13
2.1600e+03,2.4455e-13
2.1625e+03,1.0056e-12
2.1650e+03,1.3428e-12
2.1675e+03,1.3469e-12
2.1700e+03,1.2283e-12
2.1725e+03,1.1046e-12
2.1750e+03,9.0673e-13
2.1775e+03,7.5819e-13
2.1800e+03,7.6246e-13
2.1825e+03,6.3042e-13
2.1850e+03,4.7550e-13
2.1875e+03,3.2056e-13
2.1900e+03,1.6563e-13
2.1925e+03,4.7878e-13
2.1950e+03,7.9189e-13
2.1975e+03,1.2177e-12
2.2000e+03,1.5428e-12
2.2025e+03,1.5184e-12
2.2050e+03,1.5361e-12
2.2075e+03,1.5776e-12
2.2100e+03,1.3185e-12
2.2125e+03,8.2326e-13
2.2150e+03,8.6374e-13
2.2175e+03,7.6122e-13
2.2200e+03,3.6478e-13
2.2225e+03,4.0256e-14
2.2250e+03,6.0379e-14
2.2275e+03,8.0497e-14
2.2300e+03,1.0062e-13
2.2325e+03,1.2074e-13
2.2350e+03,1.4086e-13
2.2375e+03,1.5488e-13
2.2400e+03,4.8541e-13
2.2425e+03,1.2907e-12
2.2450e+03,1.6838e-12
2.2475e+03,1.9167e-12
2.2500e+03,2.2180e-12
2.2525e+03,2.5701e-12
2.2550e+03,3.2142e-12
2.2575e+03,3.4349e-12
2.2600e+03,3.1167e-12
2.2625e+03,2.8553e-12
2.2650e+03,2.6950e-12
2.2675e+03,2.7852e-12
2.2700e+03,2.9621e-12
2.2725e+03,3.1793e-12
2.2750e+03,3.3623e-12
2.2775e+03,3.1509e-12
2.2800e+03,2.8371e-12
2.2825e+03,2.4122e-12
2.2850e+03,1.8847e-12
2.2875e+03,1.3431e-12
2.2900e+03,1.1422e-12
2.2925e+03,1.0056e-12
2.2950e+03,7.1546e-13
2.2975e+03,5.8338e-13
2.3000e+03,5.9723e-13
2.3025e+03,6.8813e-13
2.3050e+03,8.7711e-13
2.3075e+03,8.7438e-13
2.3100e+03,8.8458e-13
2.3125e+03,1.0514e-12
2.3150e+03,1.2581e-12
2.3175e+03,1.6745e-12
2.3200e+03,2.4010e-12
2.3225e+03,3.3711e-12
2.3250e+03,3.9090e-12
2.3275e+03,4.4289e-12
2.3300e+03,4.8425e-12
2.3325e+03,5.0301e-12
2.3350e+03,4.6749e-12
2.3375e+03,4.3604e-12
2.3400e+03,4.0730e-12
2.3425e+03,3.4110e-12
2.3450e+03,2.4035e-12
2.3475e+03,1.8194e-12
2.3500e+03,1.4763e-12
2.3525e+03,1.5674e-12
2.3550e+03,1.8440e-12
2.3575e+03,2.7083e-12
2.3600e+03,3.0410e-12
2.3625e+03,3.0970e-12
2.3650e+03,3.6889e-12
2.3675e+03,4.2810e-12
2.3700e+03,4.1338e-12
2.3725e+03,4.3014e-12
2.3750e+03,5.0836e-12
2.3775e+03,4.9456e-12
2.3800e+03,4.5167e-12
2.3825e+03,4.2351e-12
2.3850e+03,4.0518e-12
2.3875e+03,4.0431e-12
2.3900e+03,4.0343e-12
2.3925e+03,4.0839e-12
2.3950e+03,3.7090e-12
2.3975e+03,2.4209e-12
2.4000e+03,2.1424e-12
2.4025e+03,2.2565e-12
2.4050e+03,1.4713e-12
2.4075e+03,2.4738e-13
2.4100e+03,6.3891e-13
2.4125e+03,1.0942e-12
2.4150e+03,1.6306e-12
2.4175e+03,2.3903e-12
2.4200e+03,3.5467e-12
2.4225e+03,3.8959e-12
2.4250e+03,3.9866e-12
2.4275e+03,4.0351e-12
2.4300e+03,4.0835e-12
2.4325e+03,3.1784e-12
2.4350e+03,2.4611e-12
2.4375e+03,2.0256e-12
2.4400e+03,2.2354e-12
2.4425e+03,2.6066e-12
2.4450e+03,3.1102e-12
2.4475e+03,3.6174e-12
2.4500e+03,3.7731e-12
2.4525e+03,4.0500e-12
2.4550e+03,4.4384e-12
2.4575e+03,4.8064e-12
2.4600e+03,5.1474e-12
2.4625e+03,5.4534e-12
2.4650e+03,5.5194e-12
2.4675e+03,4.8472e-12
2.4700e+03,4.3269e-12
2.4725e+03,4.6049e-12
2.4750e+03,4.7295e-12
2.4775e+03,4.6876e-12
2.4800e+03,5.0818e-12
2.4825e+03,5.5354e-12
2.4850e+03,4.4632e-12
2.4875e+03,3.4165e-12
2.4900e+03,3.9986e-12
2.4925e+03,3.9815e-12
2.4950e+03,3.5648e-12
2.4975e+03,3.6327e-12
2.5000e+03,4.1480e-12
2.5025e+03,4.1502e-12
2.5050e+03,4.2140e-12
2.5075e+03,4.5022e-12
2.5100e+03,4.7273e-12
2.5125e+03,4.7525e-12
2.5150e+03,4.2788e-12
2.5175e+03,3.5242e-12
2.5200e+03,3.2423e-12
2.5225e+03,2.9802e-12
2.5250e+03,3.6171e-12
2.5275e+03,4.4358e-12
2.5300e+03,5.4068e-12
2.5325e+03,5.9930e-12
2.5350e+03,6.3982e-12
2.5375e+03,6.4998e-12
2.5400e+03,6.3985e-12
2.5425e+03,6.7017e-12
2.5450e+03,6.8430e-12
2.5475e+03,6.7425e-12
2.5500e+03,6.5891e-12
2.5525e+03,6.3235e-12
2.5550e+03,6.2259e-12
2.5575e+03,6.2415e-12
2.5600e+03,6.6106e-12
2.5625e+03,6.9811e-12
2.5650e+03,7.3779e-12
2.5675e+03,7.5218e-12
2.5700e+03,7.2161e-12
2.5725e+03,6.2109e-12
2.5750e+03,4.9853e-12
2.5775e+03,4.0846e-12
2.5800e+03,3.3887e-12
2.5825e+03,3.2904e-12
2.5850e+03,3.7655e-12
2.5875e+03,4.8610e-12
2.5900e+03,5.7912e-12
2.5925e+03,6.4725e-12
2.5950e+03,6.7880e-12
2.5975e+03,7.0117e-12
2.6000e+03,7.6665e-12
2.6025e+03,8.4833e-12
2.6050e+03,9.2670e-12
2.6075e+03,1.0032e-11
2.6100e+03,1.0782e-11
2.6125e+03,1.1111e-11
2.6150e+03,1.0904e-11
2.6175e+03,1.0771e-11
2.6200e+03,1.0661e-11
2.6225e+03,1.0544e-11
2.6250e+03,1.0536e-11
2.6275e+03,1.1787e-11
2.6300e+03,1.2856e-11
2.6325e+03,1.3727e-11
2.6350e+03,1.4433e-11
2.6375e+03,1.5115e-11
2.6400e+03,1.5020e-11
2.6425e+03,1.4742e-11
2.6450e+03,1.4507e-11
2.6475e+03,1.4316e-11
2.6500e+03,1.4155e-11
2.6525e+03,1.4418e-11
2.6550e+03,1.5071e-11
2.6575e+03,1.5432e-11
2.6600e+03,1.5774e-11
2.6625e+03,1.6134e-11
2.6650e+03,1.6327e-11
2.6675e+03,1.5644e-11
2.6700e+03,1.5592e-11
2.6725e+03,1.6036e-11
2.6750e+03,1.6214e-11
2.6775e+03,1.6381e-11
2.6800e+03,1.7427e-11
2.6825e+03,1.8340e-11
2.6850e+03,1.8604e-11
2.6875e+03,1.8292e-11
2.6900e+03,1.7711e-11
2.6925e+03,1.6277e-11
2.6950e+03,1.4274e-11
2.6975e+03,1.2512e-11
2.7000e+03,1.2009e-11
2.7025e+03,1.1558e-11
2.7050e+03,1.3556e-11
2.7075e+03,1.5435e-11
2.7100e+03,1.6147e-11
2.7125e+03,1.6361e-11
2.7150e+03,1.6341e-11
2.7175e+03,1.5284e-11
2.7200e+03,1.3537e-11
2.7225e+03,1.4415e-11
2.7250e+03,1.5435e-11
2.7275e+03,1.6759e-11
2.7300e+03,1.7979e-11
2.7325e+03,1.8869e-11
2.7350e+03,1.9294e-11
2.7375e+03,1.9447e-11
2.7400e+03,1.9346e-11
2.7425e+03,1.9245e-11
2.7450e+03,1.9817e-11
2.7475e+03,2.0309e-11
2.7500e+03,2.0607e-11
2.7525e+03,2.0986e-11
2.7550e+03,2.1391e-11
2.7575e+03,2.1063e-11
2.7600e+03,2.0681e-11
2.7625e+03,2.3634e-11
2.7650e+03,2.6158e-11
2.7675e+03,2.8217e-11
2.7700e+03,3.0551e-11
2.7725e+03,3.3297e-11
2.7750e+03,3.3127e-11
2.7775e+03,3.1768e-11
2.7800e+03,2.9997e-11
2.7825e+03,2.8292e-11
2.7850e+03,2.8166e-11
2.7875e+03,3.1132e-11
2.7900e+03,3.8034e-11
2.7925e+03,4.1710e-11
2.7950e+03,4.4774e-11
2.7975e+03,4.8454e-11
2.8000e+03,5.0228e-11
2.8025e+03,4.0948e-11
2.8050e+03,3.6112e-11
2.8075e+03,3.4768e-11
2.8100e+03,3.2710e-11
2.8125e+03,2.9880e-11
2.8150e+03,3.1183e-11
2.8175e+03,3.3050e-11
2.8200e+03,3.4034e-11
2.8225e+03,3.4551e-11
2.8250e+03,3.3273e-11
2.8275e+03,3.2664e-11
2.8300e+03,3.2673e-11
2.8325e+03,3.2233e-11
2.8350e+03,3.1221e-11
2.8375e+03,3.1744e-11
2.8400e+03,3.2039e-11
2.8425e+03,3.0692e-11
2.8450e+03,2.8886e-11
2.8475e+03,2.4678e-11
2.8500e+03,2.1102e-11
2.8525e+03,1.8022e-11
2.8550e+03,1.8511e-11
2.8575e+03,1.9148e-11
2.8600e+03,2.2015e-11
2.8625e+03,2.5344e-11
2.8650e+03,2.9081e-11
2.8675e+03,3.1399e-11
2.8700e+03,3.2770e-11
2.8725e+03,3.4864e-11
2.8750e+03,3.7625e-11
2.8775e+03,3.9181e-11
2.8800e+03,4.0504e-11
2.8825e+03,4.1546e-11
2.8850e+03,4.3163e-11
2.8875e+03,4.6592e-11
2.8900e+03,5.0465e-11
2.8925e+03,5.4658e-11
2.8950e+03,6.0553e-11
2.8975e+03,6.6448e-11
2.9000e+03,7.0314e-11
2.9025e+03,7.3950e-11
2.9050e+03,7.7331e-11
2.9075e+03,7.8774e-11
2.9100e+03,7.9608e-11
2.9125e+03,8.0650e-11
2.9150e+03,8.1827e-11
2.9175e+03,8.1004e-11
2.9200e+03,7.9827e-11
2.9225e+03,7.8129e-11
2.9250e+03,7.6777e-11
2.9275e+03,7.6165e-11
2.9300e+03,7.4530e-11
2.9325e+03,7.2737e-11
2.9350e+03,7.2675e-11
2.9375e+03,7.2533e-11
2.9400e+03,7.0478e-11
2.9425e+03,6.9786e-11
2.9450e+03,7.0821e-11
2.9475e+03,6.9800e-11
2.9500e+03,6.8383e-11
2.9525e+03,7.1356e-11
2.9550e+03,7.4952e-11
2.9575e+03,7.4526e-11
2.9600e+03,7.3185e-11
2.9625e+03,7.0861e-11
2.9650e+03,6.6139e-11
2.9675e+03,5.7814e-11
2.9700e+03,5.9446e-11
2.9725e+03,6.3355e-11
2.9750e+03,6.6441e-11
2.9775e+03,6.9629e-11
2.9800e+03,7.3590e-11
2.9825e+03,7.4803e-11
2.9850e+03,7.3477e-11
2.9875e+03,7.2864e-11
2.9900e+03,7.2318e-11
2.9925e+03,6.9961e-11
2.9950e+03,6.6733e-11
2.9975e+03,6.1832e-11
3.0000e+03,5.9825e-11
3.0025e+03,5.9442e-11
3.0050e+03,6.2444e-11
3.0075e+03,6.9104e-11
3.0100e+03,7.1174e-11
3.0125e+03,7.1498e-11
3.0150e+03,6.8933e-11
3.0175e+03,6.6627e-11
3.0200e+03,6.5370e-11
3.0225e+03,6.7177e-11
3.0250e+03,7.1028e-11
3.0275e+03,8.0483e-11
3.0300e+03,9.5111e-11
3.0325e+03,9.6157e-11
3.0350e+03,9.6510e-11
3.0375e+03,9.7891e-11
3.0400e+03,9.7381e-11
3.0425e+03,9.0874e-11
3.0450e+03,9.5348e-11
3.0475e+03,1.0599e-10
3.0500e+03,1.0333e-10
3.0525e+03,1.0011e-10
3.0550e+03,1.0254e-10
3.0575e+03,1.0329e-10
3.0600e+03,9.7756e-11
3.0625e+03,1.0204e-10
3.0650e+03,1.1095e-10
3.0675e+03,1.2005e-10
3.0700e+03,1.2928e-10
3.0725e+03,1.3729e-10
3.0750e+03,1.4206e-10
3.0775e+03,1.4197e-10
3.0800e+03,1.4171e-10
3.0825e+03,1.4111e-10
3.0850e+03,1.3823e-10
3.0875e+03,1.3473e-10
3.0900e+03,1.3298e-10
3.0925e+03,1.3130e-10
3.0950e+03,1.3107e-10
3.0975e+03,1.3544e-10
3.1000e+03,1.4801e-10
3.1025e+03,1.5962e-10
3.1050e+03,1.7093e-10
3.1075e+03,1.8371e-10
3.1100e+03,1.9566e-10
3.1125e+03,1.9003e-10
3.1150e+03,1.8531e-10
3.1175e+03,1.8158e-10
3.1200e+03,1.7747e-10
3.1225e+03,1.7283e-10
3.1250e+03,1.7407e-10
3.1275e+03,1.7713e-10
3.1300e+03,1.8155e-10
3.1325e+03,1.8625e-10
3.1350e+03,1.9303e-10
3.1375e+03,2.0022e-10
3.1400e+03,2.0781e-10
3.1425e+03,2.0997e-10
3.1450e+03,2.1110e-10
3.1475e+03,2.1170e-10
3.1500e+03,2.1133e-10
3.1525e+03,2.0681e-10
3.1550e+03,2.0142e-10
3.1575e+03,1.9535e-10
3.1600e+03,1.8619e-10
3.1625e+03,1.7370e-10
3.1650e+03,1.8415e-10
3.1675e+03,1.9898e-10
3.1700e+03,2.1703e-10
3.1725e+03,2.3558e-10
3.1750e+03,2.5612e-10
3.1775e+03,2.5844e-10
3.1800e+03,2.4861e-10
3.1825e+03,2.4334e-10
3.1850e+03,2.3807e-10
3.1875e+03,2.3486e-10
3.1900e+03,2.3505e-10
3.1925e+03,2.4544e-10
3.1950e+03,2.4909e-10
3.1975e+03,2.4893e-10
3.2000e+03,2.5141e-10
3.2025e+03,2.4991e-10
3.2050e+03,2.4841e-10
3.2075e+03,2.4692e-10
3.2100e+03,2.4542e-10
3.2125e+03,2.4392e-10
3.2150e+03,2.4242e-10
3.2175e+03,2.4093e-10
3.2200e+03,2.3943e-10
3.2225e+03,2.3601e-10
3.2250e+03,2.3258e-10
3.2275e+03,2.2916e-10
3.2300e+03,2.2574e-10
3.2325e+03,2.2232e-10
3.2350e+03,2.1889e-10
3.2375e+03,2.1547e-10
3.2400e+03,2.1205e-10
3.2600e+03,4.0482e-10
3.2700e+03,3.7819e-10
3.2800e+03,3.7028e-10
3.2900e+03,4.2253e-10
3.3000e+03,4.4490e-10
3.3100e+03,4.0988e-10
3.3200e+03,3.9928e-10
3.3300e+03,4.0970e-10
3.3400e+03,4.1334e-10
3.3500e+03,4.2140e-10
3.3600e+03,3.9837e-10
3.3700e+03,3.7115e-10
3.3800e+03,4.0373e-10
3.3900e+03,4.1772e-10
3.4000e+03,4.4814e-10
3.4100e+03,4.4122e-10
3.4200e+03,4.6100e-10
3.4300e+03,4.5521e-10
3.4400e+03,4.2227e-10
3.4500e+03,4.3309e-10
3.4600e+03,4.6238e-10
3.4700e+03,4.4307e-10
3.4800e+03,4.4559e-10
3.4900e+03,4.5229e-10
3.5000e+03,4.9576e-10
3.5100e+03,5.0115e-10
3.5200e+03,4.7936e-10
3.5300e+03,4.9896e-10
3.5400e+03,5.4567e-10
3.5500e+03,5.0844e-10
3.5600e+03,4.6504e-10
3.5700e+03,4.2788e-10
3.5800e+03,4.0179e-10
3.5900e+03,4.4555e-10
3.6000e+03,5.3485e-10
3.6100e+03,5.2389e-10
3.6200e+03,5.7548e-10
3.6300e+03,6.0921e-10
3.6400e+03,6.1450e-10
3.6500e+03,6.6459e-10
3.6600e+03,7.0463e-10
3.6700e+03,7.1112e-10
3.6800e+03,6.6405e-10
3.6900e+03,6.9276e-10
3.7000e+03,6.9753e-10
3.7100e+03,6.7574e-10
3.7200e+03,6.1738e-10
3.7300e+03,5.3620e-10
3.7400e+03,5.0884e-10
3.7500e+03,5.3984e-10
3.7600e+03,5.8407e-10
3.7700e+03,6.4619e-10
3.7800e+03,7.1309e-10
3.7900e+03,6.4885e-10
3.8000e+03,6.2841e-10
3.8100e+03,6.1377e-10
3.8200e+03,4.9896e-10
3.8300e+03,4.5539e-10
3.8400e+03,4.9062e-10
3.8500e+03,5.0658e-10
3.8600e+03,5.1055e-10
3.8700e+03,5.2746e-10
3.8800e+03,5.7209e-10
3.8900e+03,6.7501e-10
3.9000e+03,7.5772e-10
3.9100e+03,7.8224e-10
3.9200e+03,7.4788e-10
3.9300e+03,6.3800e-10
3.9400e+03,6.8682e-10
3.9500e+03,8.5704e-10
3.9600e+03,8.4560e-10
3.9700e+03,8.1590e-10
3.9800e+03,1.1167e-09
3.9900e+03,1.3249e-09
4.0000e+03,1.4406e-09
4.0100e+03,1.5469e-09
4.0200e+03,1.6129e-09
4.0300e+03,1.5960e-09
4.0400e+03,1.5676e-09
4.0500e+03,1.4989e-09
4.0600e+03,1.5252e-09
4.0700e+03,1.4848e-09
4.0800e+03,1.5745e-09
4.0900e+03,1.6805e-09
4.1000e+03,1.6392e-09
4.1100e+03,1.6550e-09
4.1200e+03,1.6797e-09
4.1300e+03,1.6390e-09
4.1400e+03,1.5174e-09
4.1500e+03,1.5031e-09
4.1600e+03,1.5576e-09
4.1700e+03,1.5271e-09
4.1800e+03,1.5376e-09
4.1900e+03,1.5626e-09
4.2000e+03,1.5577e-09
4.2100e+03,1.6658e-09
4.2200e+03,1.6585e-09
4.2300e+03,1.6905e-09
4.2400e+03,1.7859e-09
4.2500e+03,1.7509e-09
4.2600e+03,1.7691e-09
4.2700e+03,1.7572e-09
4.2800e+03,1.7253e-09
4.2900e+03,1.7088e-09
4.3000e+03,1.3892e-09
4.3100e+03,1.6217e-09
4.3200e+03,1.8711e-09
4.3300e+03,1.9723e-09
4.3400e+03,2.1238e-09
4.3500e+03,2.1011e-09
4.3600e+03,2.1869e-09
4.3700e+03,2.1851e-09
4.3800e+03,2.0533e-09
4.3900e+03,2.0694e-09
4.4000e+03,2.1381e-09
4.4100e+03,2.2205e-09
4.4200e+03,2.3352e-09
4.4300e+03,2.3241e-09
4.4400e+03,2.3848e-09
4.4500e+03,2.4184e-09
4.4600e+03,2.3992e-09
4.4700e+03,2.5254e-09
4.4800e+03,2.6516e-09
4.4900e+03,2.6376e-09
4.5000e+03,2.7254e-09
4.5100e+03,2.8008e-09
4.5200e+03,2.6822e-09
4.5300e+03,2.6216e-09
4.5400e+03,2.6468e-09
4.5500e+03,2.7195e-09
4.5600e+03,2.7638e-09
4.5700e+03,2.7725e-09
4.5800e+03,2.7577e-09
4.5900e+03,2.7399e-09
4.6000e+03,2.7821e-09
4.6100e+03,2.8832e-09
4.6200e+03,2.9014e-09
4.6300e+03,2.8791e-09
4.6400e+03,2.8041e-09
4.6500e+03,2.7757e-09
4.6600e+03,2.8139e-09
4.6700e+03,2.8035e-09
4.6800e+03,2.8123e-09
4.6900e+03,2.8256e-09
4.7000e+03,2.8070e-09
4.7100e+03,2.8543e-09
4.7200e+03,2.9536e-09
4.7300e+03,3.0018e-09
4.7400e+03,3.0386e-09
4.7500e+03,3.0821e-09
4.7600e+03,3.0460e-09
4.7700e+03,3.0900e-09
4.7800e+03,3.1925e-09
4.7900e+03,3.1889e-09
4.8000e+03,3.2156e-09
4.8100e+03,3.2259e-09
4.8200e+03,3.2570e-09
4.8300e+03,3.2054e-09
4.8400e+03,3.1642e-09
4.8500e+03,3.1317e-09
4.8600e+03,3.0346e-09
4.8700e+03,2.9986e-09
4.8800e+03,3.0574e-09
4.8900e+03,3.1068e-09
4.9000e+03,3.2289e-09
4.9100e+03,3.2181e-09
4.9200e+03,3.1429e-09
4.9300e+03,3.1774e-09
4.9400e+03,3.2087e-09
4.9500e+03,3.2544e-09
4.9600e+03,3.2394e-09
4.9700e+03,3.2363e-09
4.9800e+03,3.1704e-09
4.9900e+03,3.1376e-09
5.0000e+03,3.1211e-09
5.0100e+03,3.0568e-09
5.0200e+03,3.0711e-09
5.0300e+03,3.1517e-09
5.0400e+03,3.1821e-09
5.0500e+03,3.1900e-09
5.0600e+03,3.2591e-09
5.0700e+03,3.2238e-09
5.0800e+03,3.1645e-09
5.0900e+03,3.1766e-09
5.1000e+03,3.2125e-09
5.1100e+03,3.2156e-09
5.1200e+03,3.2141e-09
5.1300e+03,3.1834e-09
5.1400e+03,3.1879e-09
5.1500e+03,3.1860e-09
5.1600e+03,3.1281e-09
5.1700e+03,2.9946e-09
5.1800e+03,2.9651e-09
5.1900e+03,3.1483e-09
5.2000e+03,3.2164e-09
5.2100e+03,3.2536e-09
5.2200e+03,3.3057e-09
5.2300e+03,3.3284e-09
5.2400e+03,3.4466e-09
5.2500e+03,3.4335e-09
5.2600e+03,3.2986e-09
5.2700e+03,3.2324e-09
5.2800e+03,3.3898e-09
5.2900e+03,3.5602e-09
5.3000e+03,3.5896e-09
5.3100e+03,3.6452e-09
5.3200e+03,3.5937e-09
5.3300e+03,3.5156e-09
5.3400e+03,3.5614e-09
5.3500e+03,3.6773e-09
5.3600e+03,3.7538e-09
5.3700e+03,3.6882e-09
5.3800e+03,3.6904e-09
5.3900e+03,3.6540e-09
5.4000e+03,3.5353e-09
5.4100e+03,3.5656e-09
5.4200e+03,3.6135e-09
5.4300e+03,3.6432e-09
5.4400e+03,3.6399e-09
5.4500e+03,3.6984e-09
5.4600e+03,3.6966e-09
5.4700e+03,3.6860e-09
5.4800e+03,3.6081e-09
5.4900e+03,3.6234e-09
5.5000e+03,3.7032e-09
5.5100e+03,3.6970e-09
5.5200e+03,3.7203e-09
5.5300e+03,3.7032e-09
5.5400e+03,3.7079e-09
5.5500e+03,3.7596e-09
5.5600e+03,3.7786e-09
5.5700e+03,3.7257e-09
5.5800e+03,3.7013e-09
5.5900e+03,3.6489e-09
5.6000e+03,3.6042e-09
5.6100e+03,3.7221e-09
5.6200e+03,3.7931e-09
5.6300e+03,3.7097e-09
5.6400e+03,3.7840e-09
5.6500e+03,3.7254e-09
5.6600e+03,3.7505e-09
5.6700e+03,3.6955e-09
5.6800e+03,3.8412e-09
5.6900e+03,3.7833e-09
5.7000e+03,3.8347e-09
5.7100e+03,3.6540e-09
5.7200e+03,3.8183e-09
5.7300e+03,3.8522e-09
5.7400e+03,4.0212e-09
5.7600e+03,4.0234e-09
5.7800e+03,3.9892e-09
5.8000e+03,4.0179e-09
5.8200e+03,4.0919e-09
5.8400e+03,4.0835e-09
5.8600e+03,4.0169e-09
5.8800e+03,3.9447e-09
5.9000e+03,3.9116e-09
5.9200e+03,3.9615e-09
5.9400e+03,4.0165e-09
5.9600e+03,4.0398e-09
5.9800e+03,4.0598e-09
6.0000e+03,4.0325e-09
6.0200e+03,4.0059e-09
6.0400e+03,4.0799e-09
6.0600e+03,4.1047e-09
6.0800e+03,4.0777e-09
6.1000e+03,4.0241e-09
6.1200e+03,3.9742e-09
6.1400e+03,3.9218e-09
6.1600e+03,3.8788e-09
6.1800e+03,3.9086e-09
6.2000e+03,3.9414e-09
6.2200e+03,3.9392e-09
6.2400e+03,3.9083e-09
6.2600e+03,3.9119e-09
6.2800e+03,3.9065e-09
6.3000e+03,3.9352e-09
6.3200e+03,3.9382e-09
6.3400e+03,3.9906e-09
6.3600e+03,3.9881e-09
6.3800e+03,3.9819e-09
6.4000e+03,4.0467e-09
6.4200e+03,4.0132e-09
6.4400e+03,4.0394e-09
6.4600e+03,4.0227e-09
6.4800e+03,4.0030e-09
6.5000e+03,3.9757e-09
6.5200e+03,4.0249e-09
6.5400e+03,4.0365e-09
6.5600e+03,3.9655e-09
6.5800e+03,3.9699e-09
6.6000e+03,4.0376e-09
6.6200e+03,4.0668e-09
6.6400e+03,4.0394e-09
6.6600e+03,4.0252e-09
6.6800e+03,4.0289e-09
6.7000e+03,4.0544e-09
6.7200e+03,4.0351e-09
6.7400e+03,3.9917e-09
6.7600e+03,4.0872e-09
6.7800e+03,4.0631e-09
6.8000e+03,4.0420e-09
6.8200e+03,3.9870e-09
6.8400e+03,4.0445e-09
6.8600e+03,3.9808e-09
6.8800e+03,3.9906e-09
6.9000e+03,3.9396e-09
6.9200e+03,4.1655e-09
6.9400e+03,4.1808e-09
6.9600e+03,4.1152e-09
6.9800e+03,4.0850e-09
7.0000e+03,4.0387e-09
7.0200e+03,3.9597e-09
7.0400e+03,3.9436e-09
7.0600e+03,3.9101e-09
7.0800e+03,3.9039e-09
7.1000e+03,3.8708e-09
7.1200e+03,3.8817e-09
7.1400e+03,3.8361e-09
7.1600e+03,4.0077e-09
7.1800e+03,4.0460e-09
7.2000e+03,3.8066e-09
7.2200e+03,3.7644e-09
7.2400e+03,3.8179e-09
7.2600e+03,3.7633e-09
7.2800e+03,3.7403e-09
7.3000e+03,3.7636e-09
7.3200e+03,3.7476e-09
7.3400e+03,3.7166e-09
7.3600e+03,3.7542e-09
7.3800e+03,3.7684e-09
7.4000e+03,3.7808e-09
7.4200e+03,3.7319e-09
7.4400e+03,3.7542e-09
7.4600e+03,3.7600e-09
7.4800e+03,3.6940e-09
7.5000e+03,3.6882e-09
7.5200e+03,3.6846e-09
7.5400e+03,3.6689e-09
7.5600e+03,3.5892e-09
7.5800e+03,4.0194e-09
7.6000e+03,4.2602e-09
7.6200e+03,4.6843e-09
7.6400e+03,4.0711e-09
7.6600e+03,3.6591e-09
7.6800e+03,3.2835e-09
7.7000e+03,3.5292e-09
7.7200e+03,3.5856e-09
7.7400e+03,3.6359e-09
7.7600e+03,3.6521e-09
7.7800e+03,3.6831e-09
7.8000e+03,3.6678e-09
7.8200e+03,3.8992e-09
7.8400e+03,3.8700e-09
7.8600e+03,3.7476e-09
7.8800e+03,3.6136e-09
7.9000e+03,3.4663e-09
7.9200e+03,3.4108e-09
7.9400e+03,3.4351e-09
7.9600e+03,3.5181e-09
7.9800e+03,3.5290e-09
8.0000e+03,3.5697e-09
8.0200e+03,3.5678e-09
8.0400e+03,3.5571e-09
8.0600e+03,3.4680e-09
8.0800e+03,3.3258e-09
8.1000e+03,3.2246e-09
8.1200e+03,3.2775e-09
8.1400e+03,3.3545e-09
8.1600e+03,3.2762e-09
8.1800e+03,3.2369e-09
8.2000e+03,3.3155e-09
8.2200e+03,3.3273e-09
8.2400e+03,3.3226e-09
8.2600e+03,3.4142e-09
8.2800e+03,3.3912e-09
8.3000e+03,3.3136e-09
8.3200e+03,3.2993e-09
8.3400e+03,3.2595e-09
8.3600e+03,3.2599e-09
8.3800e+03,3.3425e-09
8.4000e+03,3.3282e-09
8.4200e+03,3.3469e-09
8.4400e+03,3.3561e-09
8.4600e+03,3.3480e-09
8.4800e+03,3.3307e-09
8.5000e+03,3.3104e-09
8.5200e+03,3.2718e-09
8.5400e+03,3.1696e-09
8.5600e+03,3.1275e-09
8.5800e+03,3.3199e-09
8.6000e+03,3.3300e-09
8.6200e+03,3.3551e-09
8.6400e+03,3.3292e-09
8.6600e+03,3.1551e-09
8.6800e+03,3.1420e-09
8.7000e+03,3.2422e-09
8.7200e+03,3.2522e-09
8.7400e+03,3.2883e-09
8.7600e+03,3.2661e-09
8.7800e+03,3.3105e-09
8.8000e+03,3.2522e-09
8.8200e+03,3.2719e-09
8.8400e+03,3.3240e-09
8.8600e+03,3.2863e-09
8.8800e+03,3.2489e-09
8.9000e+03,3.1979e-09
8.9200e+03,3.2171e-09
8.9400e+03,3.2334e-09
8.9600e+03,3.2688e-09
8.9800e+03,3.2625e-09
9.0000e+03,3.1382e-09
9.0200e+03,3.1557e-09
9.0400e+03,3.3024e-09
9.0600e+03,3.2689e-09
9.0800e+03,3.1303e-09
9.1000e+03,3.1046e-09
9.1200e+03,3.1204e-09
9.1400e+03,3.0454e-09
9.1600e+03,2.9765e-09
9.1800e+03,3.0387e-09
9.2000e+03,3.1071e-09
9.2200e+03,3.0360e-09
9.2400e+03,2.9148e-09
9.2600e+03,2.7971e-09
9.2800e+03,2.8664e-09
9.3000e+03,2.9030e-09
9.3200e+03,3.0736e-09
9.3400e+03,3.3104e-09
9.3600e+03,2.8392e-09
9.3800e+03,2.8588e-09
9.4000e+03,3.0455e-09
9.4200e+03,2.8684e-09
9.4400e+03,2.7364e-09
9.4600e+03,2.7472e-09
9.4800e+03,2.7344e-09
9.5000e+03,2.7648e-09
9.5200e+03,2.7642e-09
9.5400e+03,2.8199e-09
9.5600e+03,2.8288e-09
9.5800e+03,2.7952e-09
9.6000e+03,2.8088e-09
9.6200e+03,2.8321e-09
9.6400e+03,2.8132e-09
9.6600e+03,2.7908e-09
9.6800e+03,2.8018e-09
9.7000e+03,2.7110e-09
9.7200e+03,2.7471e-09
9.7400e+03,2.7229e-09
9.7600e+03,2.6906e-09
9.7800e+03,2.6983e-09
9.8000e+03,2.7232e-09
9.8200e+03,2.7686e-09
9.8400e+03,2.7746e-09
9.8600e+03,2.7508e-09
9.8800e+03,2.7557e-09
9.9000e+03,2.7604e-09
9.9200e+03,2.7470e-09
9.9400e+03,2.7360e-09
9.9600e+03,2.7508e-09
9.9800e+03,2.7074e-09
1.0000e+04,2.7188e-09
1.0020e+04,2.6848e-09
1.0040e+04,2.7204e-09
1.0060e+04,2.6777e-09
1.0080e+04,2.6823e-09
1.0100e+04,2.6620e-09
1.0120e+04,2.6981e-09
1.0140e+04,2.6400e-09
1.0160e+04,2.6360e-09
1.0180e+04,2.6386e-09
1.0200e+04,2.6026e-09
1.0220e+04,2.6350e-09
1.0240e+04,2.6088e-09
1.0260e+04,2.6219e-09
1.0280e+04,2.5991e-09
1.0300e+04,2.6058e-09
1.0320e+04,2.6019e-09
1.0340e+04,2.5544e-09
1.0360e+04,2.5591e-09
1.0380e+04,2.5409e-09
1.0400e+04,2.5096e-09
1.0420e+04,2.5471e-09
1.0440e+04,2.5047e-09
1.0460e+04,2.5206e-09
1.0480e+04,2.5636e-09
1.0500e+04,2.5387e-09
1.0520e+04,2.5290e-09
1.0540e+04,2.5645e-09
1.0560e+04,2.5469e-09
1.0580e+04,2.4766e-09
1.0600e+04,2.4754e-09
1.0800e+04,2.3953e-09
1.1000e+04,2.3170e-09
1.1200e+04,2.2412e-09
1.1400e+04,2.1683e-09
1.1600e+04,2.0987e-09
1.1800e+04,2.0330e-09
1.2000e+04,1.9712e-09
1.2200e+04,1.9140e-09
1.2400e+04,1.8613e-09
1.2600e+04,1.8126e-09
1.2800e+04,1.7677e-09
1.3000e+04,1.7256e-09
1.3200e+04,1.6861e-09
1.3400e+04,1.6479e-09
1.3600e+04,1.6163e-09
1.3800e+04,1.5753e-09
1.4000e+04,1.5381e-09
1.4200e+04,1.4998e-09
1.4400e+04,1.4655e-09
1.4600e+04,1.4338e-09
1.4800e+04,1.4022e-09
1.5000e+04,1.3850e-09
1.5200e+04,1.3706e-09
1.5400e+04,1.3534e-09
1.5600e+04,1.3307e-09
1.5800e+04,1.3135e-09
1.6000e+04,1.2925e-09
1.6200e+04,1.2741e-09
1.6400e+04,1.2464e-09
1.6600e+04,1.2026e-09
1.6800e+04,1.1627e-09
1.7000e+04,1.1256e-09
1.7200e+04,1.0857e-09
1.7400e+04,1.0498e-09
1.7600e+04,1.0126e-09
1.7800e+04,9.7275e-10
1.8000e+04,9.3566e-10
1.8200e+04,9.0517e-10
1.8400e+04,8.7584e-10
1.8600e+04,8.4261e-10
1.8800e+04,8.1212e-10
1.9000e+04,7.8555e-10
1.9200e+04,7.6173e-10
1.9400e+04,7.3123e-10
1.9600e+04,7.0602e-10
1.9800e+04,6.8081e-10
2.0000e+04,6.5563e-10
2.0200e+04,6.3042e-10
2.0400e+04,6.0991e-10
2.0600e+04,5.9132e-10
2.0800e+04,5.7274e-10
2.1000e+04,5.5201e-10
2.1200e+04,5.3624e-10
2.1400e+04,5.1962e-10
2.1600e+04,5.0301e-10
2.1800e+04,4.8639e-10
2.2000e+04,4.7117e-10
2.2200e+04,4.5590e-10
2.2400e+04,4.4067e-10
2.2600e+04,4.2602e-10
2.2800e+04,4.0719e-10
2.3000e+04,3.8671e-10
2.3200e+04,3.6594e-10
2.3400e+04,3.4795e-10
2.3600e+04,3.3217e-10
2.3800e+04,3.1826e-10
2.4000e+04,3.0633e-10
2.4200e+04,2.9664e-10
2.4400e+04,2.8855e-10
2.4600e+04,2.8153e-10
2.4800e+04,2.7592e-10
2.5000e+04,2.6956e-10
2.5200e+04,2.6257e-10
2.5400e+04,2.5647e-10
2.5600e+04,2.5132e-10
