# wavelength, f_lambda
2.2900e+02,0.0000e+00
2.3400e+02,0.0000e+00
2.4300e+02,0.0000e+00
2.5200e+02,0.0000e+00
2.5600e+02,0.0000e+00
2.6000e+02,0.0000e+00
2.6600e+02,0.0000e+00
2.7500e+02,0.0000e+00
2.8300e+02,0.0000e+00
2.9300e+02,0.0000e+00
3.0100e+02,0.0000e+00
3.0900e+02,0.0000e+00
3.2500e+02,0.0000e+00
3.4200e+02,0.0000e+00
3.5100e+02,0.0000e+00
3.5600e+02,0.0000e+00
3.6500e+02,0.0000e+00
3.7500e+02,0.0000e+00
3.8400e+02,0.0000e+00
4.0000e+02,0.0000e+00
4.1500e+02,0.0000e+00
4.2500e+02,0.0000e+00
4.4500e+02,0.0000e+00
4.7200e+02,0.0000e+00
4.9400e+02,0.0000e+00
5.0600e+02,0.0000e+00
5.1600e+02,0.0000e+00
5.4000e+02,0.0000e+00
5.6400e+02,0.0000e+00
5.8700e+02,0.0000e+00
6.1200e+02,0.0000e+00
6.4000e+02,0.0000e+00
6.7100e+02,0.0000e+00
7.0500e+02,0.0000e+00
7.3600e+02,0.0000e+00
7.7000e+02,0.0000e+00
8.1000e+02,0.0000e+00
8.5000e+02,0.0000e+00
8.9000e+02,0.0000e+00
9.2000e+02,0.0000e+00
9.4000e+02,0.0000e+00
9.6200e+02,0.0000e+00
9.8700e+02,0.0000e+00
1.0120e+03,0.0000e+00
1.0370e+03,0.0000e+00
1.0620e+03,0.0000e+00
1.0870e+03,0.0000e+00
1.1120e+03,0.0000e+00
1.1200e+03,0.0000e+00
1.1400e+03,0.0000e+00
1.1600e+03,0.0000e+00
1.1800e+03,0.0000e+00
1.2000e+03,0.0000e+00
1.2200e+03,0.0000e+00
1.2400e+03,0.0000e+00
1.2600e+03,0.0000e+00
1.2800e+03,0.0000e+00
1.3000e+03,0.0000e+00
1.3200e+03,0.0000e+00
1.3400e+03,0.0000e+00
1.3600e+03,0.0000e+00
1.3800e+03,0.0000e+00
1.4000e+03,0.0000e+00
1.4200e+03,0.0000e+00
1.4400e+03,0.0000e+00
1.4600e+03,0.0000e+00
1.4800e+03,0.0000e+00
1.5000e+03,0.0000e+00
1.5200e+03,0.0000e+00
1.5400e+03,0.0000e+00
1.5600e+03,0.0000e+00
1.5800e+03,0.0000e+00
1.6000e+03,0.0000e+00
1.6200e+03,0.0000e+00
1.6400e+03,0.0000e+00
1.6600e+03,0.0000e+00
1.6800e+03,0.0000e+00
1.7000e+03,0.0000e+00
1.7200e+03,0.0000e+00
1.7400e+03,0.0000e+00
1.7600e+03,0.0000e+00
1.7800e+03,0.0000e+00
1.8000e+03,0.0000e+00
1.8200e+03,0.0000e+00
1.8400e+03,0.0000e+00
1.8600e+03,0.0000e+00
1.8800e+03,0.0000e+00
1.9000e+03,0.0000e+00
1.9200e+03,0.0000e+00
1.9400e+03,0.0000e+00
1.9600e+03,0.0000e+00
1.9800e+03,0.0000e+00
2.0000e+03,8.5618e-13
2.0025e+03,8.5618e-13
2.0050e+03,8.9508e-13
2.0075e+03,9.1373e-13
2.0100e+03,8.6803e-13
2.0125e+03,8.8792e-13
2.0150e+03,9.4398e-13
2.0175e+03,9.8284e-13
2.0200e+03,1.0217e-12
2.0225e+03,1.1660e-12
2.0250e+03,1.2395e-12
2.0275e+03,1.1790e-12
2.0300e+03,1.1694e-12
2.0325e+03,1.1837e-12
2.0350e+03,1.1607e-12
2.0375e+03,1.1129e-12
2.0400e+03,9.4736e-13
2.0425e+03,8.3801e-13
2.0450e+03,8.1299e-13
2.0475e+03,7.9304e-13
2.0500e+03,7.8384e-13
2.0525e+03,7.6970e-13
2.0550e+03,7.6759e-13
2.0575e+03,8.6774e-13
2.0600e+03,9.7186e-13
2.0625e+03,1.1713e-12
2.0650e+03,1.3115e-12
2.0675e+03,1.3762e-12
2.0700e+03,1.4057e-12
2.0725e+03,1.4242e-12
2.0750e+03,1.4917e-12
2.0775e+03,1.5747e-12
2.0800e+03,1.5716e-12
2.0825e+03,1.5632e-12
2.0850e+03,1.5488e-12
2.0875e+03,1.5299e-12
2.0900e+03,1.5040e-12
2.0925e+03,1.6056e-12
2.0950e+03,1.7230e-12
2.0975e+03,1.7763e-12
2.1000e+03,1.8134e-12
2.1025e+03,1.7327e-12
2.1050e+03,1.6653e-12
2.1075e+03,1.6148e-12
2.1100e+03,1.6244e-12
2.1125e+03,1.6454e-12
2.1150e+03,1.7008e-12
2.1175e+03,1.7630e-12
2.1200e+03,1.8038e-12
2.1225e+03,1.8437e-12
2.1250e+03,1.8830e-12
2.1275e+03,1.9604e-12
2.1300e+03,2.0792e-12
2.1325e+03,2.1665e-12
2.1350e+03,2.1814e-12
2.1375e+03,2.0208e-12
2.1400e+03,1.8963e-12
2.1425e+03,1.9160e-12
2.1450e+03,1.9194e-12
2.1475e+03,1.9079e-12
2.1500e+03,1.8705e-12
2.1525e+03,1.8002e-12
2.1550e+03,1.7998e-12
2.1575e+03,1.8326e-12
2.1600e+03,1.9283e-12
2.1625e+03,1.9894e-12
2.1650e+03,1.8681e-12
2.1675e+03,1.8641e-12
2.1700e+03,1.9521e-12
2.1725e+03,1.9956e-12
2.1750e+03,2.0372e-12
2.1775e+03,2.0432e-12
2.1800e+03,2.0491e-12
2.1825e+03,2.0677e-12
2.1850e+03,2.0955e-12
2.1875e+03,2.1296e-12
2.1900e+03,2.1889e-12
2.1925e+03,2.2716e-12
2.1950e+03,2.4327e-12
2.1975e+03,2.5378e-12
2.2000e+03,2.5094e-12
2.2025e+03,2.4656e-12
2.2050e+03,2.3730e-12
2.2075e+03,2.2651e-12
2.2100e+03,2.1492e-12
2.2125e+03,2.0508e-12
2.2150e+03,1.9524e-12
2.2175e+03,1.8213e-12
2.2200e+03,1.7499e-12
2.2225e+03,1.8356e-12
2.2250e+03,1.9834e-12
2.2275e+03,2.1603e-12
2.2300e+03,2.3784e-12
2.2325e+03,2.6240e-12
2.2350e+03,2.8548e-12
2.2375e+03,3.0761e-12
2.2400e+03,3.2833e-12
2.2425e+03,3.5053e-12
2.2450e+03,3.7587e-12
2.2475e+03,3.9415e-12
2.2500e+03,4.0862e-12
2.2525e+03,4.1571e-12
2.2550e+03,4.2266e-12
2.2575e+03,4.2727e-12
2.2600e+03,4.2793e-12
2.2625e+03,4.2153e-12
2.2650e+03,4.1099e-12
2.2675e+03,3.9910e-12
2.2700e+03,3.8648e-12
2.2725e+03,3.7467e-12
2.2750e+03,3.7674e-12
2.2775e+03,3.7540e-12
2.2800e+03,3.7038e-12
2.2825e+03,3.6598e-12
2.2850e+03,3.6257e-12
2.2875e+03,3.5720e-12
2.2900e+03,3.5109e-12
2.2925e+03,3.4401e-12
2.2950e+03,3.3638e-12
2.2975e+03,3.2469e-12
2.3000e+03,3.1961e-12
2.3025e+03,3.2297e-12
2.3050e+03,3.2141e-12
2.3075e+03,3.1891e-12
2.3100e+03,3.2851e-12
2.3125e+03,3.4466e-12
2.3150e+03,3.7511e-12
2.3175e+03,4.0226e-12
2.3200e+03,4.2680e-12
2.3225e+03,4.5876e-12
2.3250e+03,4.9867e-12
2.3275e+03,5.4495e-12
2.3300e+03,5.8134e-12
2.3325e+03,5.9003e-12
2.3350e+03,5.9865e-12
2.3375e+03,6.0697e-12
2.3400e+03,6.1203e-12
2.3425e+03,6.1406e-12
2.3450e+03,6.0047e-12
2.3475e+03,5.8545e-12
2.3500e+03,5.8098e-12
2.3525e+03,5.8374e-12
2.3550e+03,6.0319e-12
2.3575e+03,6.1123e-12
2.3600e+03,6.1286e-12
2.3625e+03,6.1810e-12
2.3650e+03,6.2617e-12
2.3675e+03,6.3253e-12
2.3700e+03,6.3882e-12
2.3725e+03,6.3980e-12
2.3750e+03,6.4060e-12
2.3775e+03,6.4355e-12
2.3800e+03,6.4376e-12
2.3825e+03,6.4213e-12
2.3850e+03,6.3882e-12
2.3875e+03,6.3395e-12
2.3900e+03,6.3748e-12
2.3925e+03,6.3867e-12
2.3950e+03,6.3340e-12
2.3975e+03,6.2359e-12
2.4000e+03,5.9938e-12
2.4025e+03,5.9080e-12
2.4050e+03,5.9069e-12
2.4075e+03,5.8203e-12
2.4100e+03,5.7338e-12
2.4125e+03,5.6713e-12
2.4150e+03,5.6800e-12
2.4175e+03,5.8702e-12
2.4200e+03,6.0603e-12
2.4225e+03,6.2508e-12
2.4250e+03,6.5932e-12
2.4275e+03,7.0368e-12
2.4300e+03,7.3930e-12
2.4325e+03,7.6777e-12
2.4350e+03,7.8547e-12
2.4375e+03,7.9871e-12
2.4400e+03,8.0238e-12
2.4425e+03,8.0998e-12
2.4450e+03,8.2132e-12
2.4475e+03,8.4906e-12
2.4500e+03,8.7669e-12
2.4525e+03,9.0272e-12
2.4550e+03,9.2311e-12
2.4575e+03,9.3351e-12
2.4600e+03,9.1119e-12
2.4625e+03,8.7854e-12
2.4650e+03,8.5858e-12
2.4675e+03,8.4546e-12
2.4700e+03,8.4273e-12
2.4725e+03,8.4917e-12
2.4750e+03,8.6556e-12
2.4775e+03,8.6731e-12
2.4800e+03,8.4713e-12
2.4825e+03,8.2197e-12
2.4850e+03,7.9249e-12
2.4875e+03,7.5090e-12
2.4900e+03,7.2073e-12
2.4925e+03,7.7431e-12
2.4950e+03,8.1139e-12
2.4975e+03,8.2750e-12
2.5000e+03,8.3757e-12
2.5025e+03,8.5789e-12
2.5050e+03,8.7807e-12
2.5075e+03,8.8523e-12
2.5100e+03,8.7996e-12
2.5125e+03,8.3975e-12
2.5150e+03,8.1150e-12
2.5175e+03,7.7584e-12
2.5200e+03,7.1825e-12
2.5225e+03,6.6369e-12
2.5250e+03,7.4963e-12
2.5275e+03,8.9454e-12
2.5300e+03,9.8815e-12
2.5325e+03,1.1299e-11
2.5350e+03,1.3265e-11
2.5375e+03,1.4311e-11
2.5400e+03,1.3958e-11
2.5425e+03,1.4227e-11
2.5450e+03,1.4688e-11
2.5475e+03,1.5010e-11
2.5500e+03,1.5318e-11
2.5525e+03,1.5382e-11
2.5550e+03,1.5295e-11
2.5575e+03,1.4827e-11
2.5600e+03,1.4206e-11
2.5625e+03,1.4126e-11
2.5650e+03,1.4503e-11
2.5675e+03,1.5243e-11
2.5700e+03,1.5826e-11
2.5725e+03,1.6740e-11
2.5750e+03,1.4982e-11
2.5775e+03,1.3679e-11
2.5800e+03,1.3188e-11
2.5825e+03,1.3079e-11
2.5850e+03,1.2806e-11
2.5875e+03,1.4010e-11
2.5900e+03,1.6264e-11
2.5925e+03,1.7457e-11
2.5950e+03,1.7968e-11
2.5975e+03,1.8018e-11
2.6000e+03,1.8438e-11
2.6025e+03,1.8613e-11
2.6050e+03,1.8456e-11
2.6075e+03,1.8269e-11
2.6100e+03,1.8533e-11
2.6125e+03,1.9108e-11
2.6150e+03,1.9110e-11
2.6175e+03,1.9302e-11
2.6200e+03,1.9824e-11
2.6225e+03,2.0489e-11
2.6250e+03,2.0815e-11
2.6275e+03,2.1853e-11
2.6300e+03,2.3457e-11
2.6325e+03,2.4729e-11
2.6350e+03,2.6792e-11
2.6375e+03,3.0454e-11
2.6400e+03,3.3344e-11
2.6425e+03,3.4396e-11
2.6450e+03,3.5051e-11
2.6475e+03,3.5526e-11
2.6500e+03,3.5387e-11
2.6525e+03,3.5408e-11
2.6550e+03,3.6202e-11
2.6575e+03,3.7260e-11
2.6600e+03,3.8372e-11
2.6625e+03,3.9495e-11
2.6650e+03,4.0575e-11
2.6675e+03,4.0106e-11
2.6700e+03,3.9434e-11
2.6725e+03,3.9136e-11
2.6750e+03,3.8881e-11
2.6775e+03,3.8510e-11
2.6800e+03,3.9052e-11
2.6825e+03,4.0768e-11
2.6850e+03,4.0899e-11
2.6875e+03,4.0372e-11
2.6900e+03,3.9692e-11
2.6925e+03,3.9383e-11
2.6950e+03,3.8652e-11
2.6975e+03,3.8743e-11
2.7000e+03,3.9768e-11
2.7025e+03,4.0968e-11
2.7050e+03,4.2662e-11
2.7075e+03,4.4352e-11
2.7100e+03,4.4920e-11
2.7125e+03,4.4232e-11
2.7150e+03,4.2647e-11
2.7175e+03,3.9786e-11
2.7200e+03,3.7372e-11
2.7225e+03,3.6954e-11
2.7250e+03,3.8118e-11
2.7275e+03,3.9954e-11
2.7300e+03,4.1855e-11
2.7325e+03,4.2582e-11
2.7350e+03,4.1008e-11
2.7375e+03,3.8601e-11
2.7400e+03,3.6124e-11
2.7425e+03,3.5142e-11
2.7450e+03,3.5102e-11
2.7475e+03,3.6667e-11
2.7500e+03,3.8997e-11
2.7525e+03,4.1626e-11
2.7550e+03,4.4280e-11
2.7575e+03,4.6803e-11
2.7600e+03,4.9784e-11
2.7625e+03,5.2332e-11
2.7650e+03,5.3645e-11
2.7675e+03,5.5161e-11
2.7700e+03,5.6397e-11
2.7725e+03,5.6513e-11
2.7750e+03,5.5560e-11
2.7775e+03,5.4350e-11
2.7800e+03,5.2296e-11
2.7825e+03,4.9126e-11
2.7850e+03,4.5912e-11
2.7875e+03,4.3760e-11
2.7900e+03,4.2775e-11
2.7925e+03,4.2138e-11
2.7950e+03,4.1419e-11
2.7975e+03,4.1462e-11
2.8000e+03,4.2117e-11
2.8025e+03,4.1557e-11
2.8050e+03,4.1219e-11
2.8075e+03,4.2302e-11
2.8100e+03,4.6250e-11
2.8125e+03,5.0682e-11
2.8150e+03,5.5161e-11
2.8175e+03,6.0138e-11
2.8200e+03,6.5413e-11
2.8225e+03,6.7576e-11
2.8250e+03,6.8532e-11
2.8275e+03,6.8517e-11
2.8300e+03,6.8114e-11
2.8325e+03,6.7376e-11
2.8350e+03,6.7477e-11
2.8375e+03,6.6365e-11
2.8400e+03,6.2137e-11
2.8425e+03,5.7731e-11
2.8450e+03,5.0569e-11
2.8475e+03,4.1691e-11
2.8500e+03,3.3820e-11
2.8525e+03,3.1332e-11
2.8550e+03,3.1894e-11
2.8575e+03,3.5892e-11
2.8600e+03,4.3538e-11
2.8625e+03,5.5168e-11
2.8650e+03,6.4736e-11
2.8675e+03,7.2062e-11
2.8700e+03,7.8675e-11
2.8725e+03,8.2794e-11
2.8750e+03,7.9863e-11
2.8775e+03,8.0547e-11
2.8800e+03,8.2975e-11
2.8825e+03,8.7211e-11
2.8850e+03,9.4903e-11
2.8875e+03,1.0486e-10
2.8900e+03,1.1713e-10
2.8925e+03,1.2821e-10
2.8950e+03,1.4038e-10
2.8975e+03,1.5483e-10
2.9000e+03,1.7018e-10
2.9025e+03,1.7925e-10
2.9050e+03,1.8473e-10
2.9075e+03,1.8721e-10
2.9100e+03,1.8839e-10
2.9125e+03,1.8933e-10
2.9150e+03,1.9263e-10
2.9175e+03,1.9404e-10
2.9200e+03,1.9042e-10
2.9225e+03,1.8519e-10
2.9250e+03,1.8126e-10
2.9275e+03,1.8118e-10
2.9300e+03,1.8142e-10
2.9325e+03,1.8284e-10
2.9350e+03,1.8327e-10
2.9375e+03,1.8451e-10
2.9400e+03,1.8315e-10
2.9425e+03,1.7652e-10
2.9450e+03,1.7453e-10
2.9475e+03,1.7669e-10
2.9500e+03,1.8407e-10
2.9525e+03,1.8582e-10
2.9550e+03,1.9055e-10
2.9575e+03,1.9276e-10
2.9600e+03,1.8834e-10
2.9625e+03,1.7743e-10
2.9650e+03,1.5998e-10
2.9675e+03,1.4780e-10
2.9700e+03,1.4442e-10
2.9725e+03,1.5199e-10
2.9750e+03,1.6336e-10
2.9775e+03,1.7116e-10
2.9800e+03,1.7102e-10
2.9825e+03,1.6550e-10
2.9850e+03,1.5930e-10
2.9875e+03,1.5191e-10
2.9900e+03,1.4878e-10
2.9925e+03,1.5158e-10
2.9950e+03,1.4804e-10
2.9975e+03,1.4040e-10
3.0000e+03,1.3173e-10
3.0025e+03,1.2487e-10
3.0050e+03,1.2374e-10
3.0075e+03,1.2889e-10
3.0100e+03,1.3604e-10
3.0125e+03,1.3950e-10
3.0150e+03,1.3852e-10
3.0175e+03,1.3450e-10
3.0200e+03,1.3315e-10
3.0225e+03,1.3892e-10
3.0250e+03,1.4949e-10
3.0275e+03,1.7345e-10
3.0300e+03,1.9922e-10
3.0325e+03,2.1745e-10
3.0350e+03,2.1972e-10
3.0375e+03,2.1920e-10
3.0400e+03,2.1551e-10
3.0425e+03,2.1087e-10
3.0450e+03,2.1398e-10
3.0475e+03,2.2344e-10
3.0500e+03,2.2973e-10
3.0525e+03,2.2895e-10
3.0550e+03,2.2163e-10
3.0575e+03,2.1176e-10
3.0600e+03,2.0155e-10
3.0625e+03,1.9351e-10
3.0650e+03,1.9624e-10
3.0675e+03,2.0990e-10
3.0700e+03,2.2477e-10
3.0725e+03,2.3947e-10
3.0750e+03,2.5299e-10
3.0775e+03,2.6388e-10
3.0800e+03,2.7248e-10
3.0825e+03,2.7868e-10
3.0850e+03,2.7578e-10
3.0875e+03,2.6629e-10
3.0900e+03,2.5509e-10
3.0925e+03,2.3870e-10
3.0950e+03,2.2093e-10
3.0975e+03,2.1938e-10
3.1000e+03,2.3293e-10
3.1025e+03,2.5659e-10
3.1050e+03,2.9135e-10
3.1075e+03,3.3056e-10
3.1100e+03,3.5730e-10
3.1125e+03,3.6769e-10
3.1150e+03,3.6068e-10
3.1175e+03,3.4415e-10
3.1200e+03,3.2350e-10
3.1225e+03,3.0731e-10
3.1250e+03,2.9780e-10
3.1275e+03,2.9920e-10
3.1300e+03,3.0426e-10
3.1325e+03,3.1507e-10
3.1350e+03,3.2855e-10
3.1375e+03,3.3929e-10
3.1400e+03,3.4185e-10
3.1425e+03,3.3986e-10
3.1450e+03,3.3965e-10
3.1475e+03,3.3974e-10
3.1500e+03,3.3675e-10
3.1525e+03,3.3214e-10
3.1550e+03,3.2352e-10
3.1575e+03,3.1373e-10
3.1600e+03,3.0369e-10
3.1625e+03,3.0722e-10
3.1650e+03,3.2202e-10
3.1675e+03,3.5026e-10
3.1700e+03,3.8216e-10
3.1725e+03,4.0917e-10
3.1750e+03,4.1815e-10
3.1775e+03,4.0186e-10
3.1800e+03,3.8790e-10
3.1825e+03,3.7565e-10
3.1850e+03,3.6722e-10
3.1875e+03,3.6044e-10
3.1900e+03,3.6878e-10
3.1925e+03,3.7638e-10
3.1950e+03,3.7630e-10
3.1975e+03,3.7816e-10
3.2000e+03,3.8688e-10
3.2025e+03,3.8394e-10
3.2050e+03,3.8099e-10
3.2075e+03,3.7809e-10
3.2100e+03,3.7514e-10
3.2125e+03,3.7223e-10
3.2150e+03,3.6929e-10
3.2175e+03,3.6634e-10
3.2200e+03,3.6343e-10
3.2225e+03,3.6343e-10
3.2250e+03,3.6343e-10
3.2275e+03,3.6343e-10
3.2300e+03,3.6343e-10
3.2325e+03,3.6343e-10
3.2350e+03,3.6343e-10
3.2375e+03,3.6343e-10
3.2400e+03,3.6343e-10
3.2600e+03,6.3315e-10
3.2700e+03,4.6228e-10
3.2800e+03,5.0358e-10
3.2900e+03,5.2910e-10
3.3000e+03,6.1170e-10
3.3100e+03,4.7355e-10
3.3200e+03,4.6559e-10
3.3300e+03,4.6439e-10
3.3400e+03,4.5334e-10
3.3500e+03,4.6526e-10
3.3600e+03,4.3255e-10
3.3700e+03,3.9397e-10
3.3800e+03,4.6014e-10
3.3900e+03,5.1205e-10
3.4000e+03,5.3579e-10
3.4100e+03,5.6277e-10
3.4200e+03,5.5902e-10
3.4300e+03,5.1994e-10
3.4400e+03,4.5250e-10
3.4500e+03,4.9188e-10
3.4600e+03,5.5895e-10
3.4700e+03,4.9395e-10
3.4800e+03,4.9158e-10
3.4900e+03,5.1234e-10
3.5000e+03,5.8523e-10
3.5100e+03,6.7252e-10
3.5200e+03,5.0954e-10
3.5300e+03,5.6804e-10
3.5400e+03,6.3657e-10
3.5500e+03,5.3845e-10
3.5600e+03,4.9500e-10
3.5700e+03,4.5152e-10
3.5800e+03,3.3847e-10
3.5900e+03,4.9667e-10
3.6000e+03,6.5780e-10
3.6100e+03,5.9189e-10
3.6200e+03,7.2458e-10
3.6300e+03,7.3665e-10
3.6400e+03,7.0709e-10
3.6500e+03,8.5876e-10
3.6600e+03,9.4841e-10
3.6700e+03,9.0537e-10
3.6800e+03,8.6036e-10
3.6900e+03,9.0537e-10
3.7000e+03,8.8349e-10
3.7100e+03,8.2477e-10
3.7200e+03,8.0089e-10
3.7300e+03,5.9003e-10
3.7400e+03,5.4892e-10
3.7500e+03,6.1410e-10
3.7600e+03,7.0433e-10
3.7700e+03,8.1823e-10
3.7800e+03,9.0392e-10
3.7900e+03,7.2894e-10
3.8000e+03,6.8535e-10
3.8100e+03,6.7023e-10
3.8200e+03,4.6090e-10
3.8300e+03,3.9263e-10
3.8400e+03,4.3807e-10
3.8500e+03,4.7155e-10
3.8600e+03,4.2618e-10
3.8700e+03,4.5545e-10
3.8800e+03,5.2961e-10
3.8900e+03,7.9929e-10
3.9000e+03,9.4751e-10
3.9100e+03,1.0167e-09
3.9200e+03,8.9457e-10
3.9300e+03,5.1300e-10
3.9400e+03,5.7345e-10
3.9500e+03,9.7979e-10
3.9600e+03,8.1867e-10
3.9700e+03,6.8895e-10
3.9800e+03,1.2241e-09
3.9900e+03,1.5975e-09
4.0000e+03,1.6892e-09
4.0100e+03,1.8014e-09
4.0200e+03,1.8412e-09
4.0300e+03,1.8007e-09
4.0400e+03,1.6919e-09
4.0500e+03,1.7269e-09
4.0600e+03,1.6599e-09
4.0700e+03,1.5821e-09
4.0800e+03,1.7435e-09
4.0900e+03,1.8702e-09
4.1000e+03,1.7951e-09
4.1100e+03,1.7529e-09
4.1200e+03,1.7170e-09
4.1300e+03,1.6411e-09
4.1400e+03,1.5918e-09
4.1500e+03,1.4773e-09
4.1600e+03,1.5971e-09
4.1700e+03,1.5798e-09
4.1800e+03,1.5628e-09
4.1900e+03,1.6538e-09
4.2000e+03,1.7239e-09
4.2100e+03,1.8539e-09
4.2200e+03,1.9205e-09
4.2300e+03,1.9709e-09
4.2400e+03,2.1824e-09
4.2500e+03,2.1641e-09
4.2600e+03,2.1814e-09
4.2700e+03,2.1524e-09
4.2800e+03,2.0498e-09
4.2900e+03,1.9354e-09
4.3000e+03,1.5552e-09
4.3100e+03,1.9348e-09
4.3200e+03,2.3642e-09
4.3300e+03,2.4261e-09
4.3400e+03,2.5979e-09
4.3500e+03,2.6012e-09
4.3600e+03,2.7024e-09
4.3700e+03,2.6878e-09
4.3800e+03,2.3057e-09
4.3900e+03,2.3245e-09
4.4000e+03,2.5053e-09
4.4100e+03,2.5800e-09
4.4200e+03,2.7794e-09
4.4300e+03,2.7776e-09
4.4400e+03,2.8866e-09
4.4500e+03,2.8176e-09
4.4600e+03,2.7119e-09
4.4700e+03,2.9678e-09
4.4800e+03,3.1109e-09
4.4900e+03,3.0008e-09
4.5000e+03,3.1791e-09
4.5100e+03,3.2871e-09
4.5200e+03,3.0794e-09
4.5300e+03,2.9124e-09
4.5400e+03,2.9733e-09
4.5500e+03,3.1117e-09
4.5600e+03,3.1818e-09
4.5700e+03,3.1934e-09
4.5800e+03,3.1435e-09
4.5900e+03,3.1051e-09
4.6000e+03,3.1262e-09
4.6100e+03,3.3609e-09
4.6200e+03,3.4072e-09
4.6300e+03,3.3775e-09
4.6400e+03,3.1596e-09
4.6500e+03,3.1721e-09
4.6600e+03,3.0978e-09
4.6700e+03,3.0779e-09
4.6800e+03,3.2197e-09
4.6900e+03,3.1692e-09
4.7000e+03,3.1256e-09
4.7100e+03,3.2447e-09
4.7200e+03,3.3763e-09
4.7300e+03,3.3234e-09
4.7400e+03,3.4095e-09
4.7500e+03,3.4940e-09
4.7600e+03,3.3633e-09
4.7700e+03,3.5022e-09
4.7800e+03,3.5710e-09
4.7900e+03,3.5460e-09
4.8000e+03,3.5495e-09
4.8100e+03,3.5956e-09
4.8200e+03,3.6046e-09
4.8300e+03,3.5388e-09
4.8400e+03,3.5039e-09
4.8500e+03,3.4150e-09
4.8600e+03,3.1963e-09
4.8700e+03,3.2126e-09
4.8800e+03,3.3448e-09
4.8900e+03,3.4001e-09
4.9000e+03,3.5571e-09
4.9100e+03,3.4525e-09
4.9200e+03,3.3662e-09
4.9300e+03,3.4187e-09
4.9400e+03,3.6142e-09
4.9500e+03,3.6605e-09
4.9600e+03,3.6194e-09
4.9700e+03,3.6259e-09
4.9800e+03,3.4831e-09
4.9900e+03,3.4148e-09
5.0000e+03,3.4096e-09
5.0100e+03,3.2803e-09
5.0200e+03,3.2633e-09
5.0300e+03,3.4111e-09
5.0400e+03,3.4665e-09
5.0500e+03,3.4498e-09
5.0600e+03,3.5652e-09
5.0700e+03,3.4640e-09
5.0800e+03,3.3787e-09
5.0900e+03,3.4013e-09
5.1000e+03,3.4447e-09
5.1100e+03,3.5081e-09
5.1200e+03,3.4551e-09
5.1300e+03,3.3418e-09
5.1400e+03,3.3284e-09
5.1500e+03,3.3530e-09
5.1600e+03,3.2031e-09
5.1700e+03,3.0451e-09
5.1800e+03,3.0764e-09
5.1900e+03,3.2316e-09
5.2000e+03,3.3635e-09
5.2100e+03,3.3874e-09
5.2200e+03,3.3834e-09
5.2300e+03,3.4142e-09
5.2400e+03,3.5631e-09
5.2500e+03,3.5596e-09
5.2600e+03,3.3197e-09
5.2700e+03,3.2237e-09
5.2800e+03,3.5161e-09
5.2900e+03,3.6936e-09
5.3000e+03,3.6813e-09
5.3100e+03,3.7983e-09
5.3200e+03,3.7525e-09
5.3300e+03,3.5936e-09
5.3400e+03,3.6229e-09
5.3500e+03,3.7696e-09
5.3600e+03,3.8492e-09
5.3700e+03,3.7002e-09
5.3800e+03,3.6983e-09
5.3900e+03,3.6308e-09
5.4000e+03,3.4227e-09
5.4100e+03,3.5150e-09
5.4200e+03,3.6620e-09
5.4300e+03,3.5347e-09
5.4400e+03,3.6157e-09
5.4500e+03,3.6882e-09
5.4600e+03,3.6823e-09
5.4700e+03,3.6154e-09
5.4800e+03,3.5461e-09
5.4900e+03,3.5512e-09
5.5000e+03,3.6514e-09
5.5100e+03,3.6347e-09
5.5200e+03,3.6420e-09
5.5300e+03,3.6613e-09
5.5400e+03,3.7096e-09
5.5500e+03,3.7936e-09
5.5600e+03,3.8049e-09
5.5700e+03,3.6947e-09
5.5800e+03,3.7812e-09
5.5900e+03,3.6257e-09
5.6000e+03,3.5491e-09
5.6100e+03,3.7725e-09
5.6200e+03,3.7169e-09
5.6300e+03,3.7002e-09
5.6400e+03,3.6943e-09
5.6500e+03,3.7645e-09
5.6600e+03,3.6645e-09
5.6700e+03,3.6587e-09
5.6800e+03,3.7867e-09
5.6900e+03,3.8110e-09
5.7000e+03,3.7638e-09
5.7100e+03,3.5906e-09
5.7200e+03,3.7678e-09
5.7300e+03,3.8899e-09
5.7400e+03,3.8256e-09
5.7600e+03,3.7823e-09
5.7800e+03,3.7561e-09
5.8000e+03,3.7601e-09
5.8200e+03,3.9764e-09
5.8400e+03,3.9201e-09
5.8600e+03,3.8387e-09
5.8800e+03,3.6071e-09
5.9000e+03,3.6878e-09
5.9200e+03,3.8561e-09
5.9400e+03,3.8488e-09
5.9600e+03,3.8510e-09
5.9800e+03,3.8750e-09
6.0000e+03,3.7630e-09
6.0200e+03,3.8299e-09
6.0400e+03,3.9746e-09
6.0600e+03,3.9666e-09
6.0800e+03,3.9764e-09
6.1000e+03,3.9565e-09
6.1200e+03,3.8714e-09
6.1400e+03,3.7463e-09
6.1600e+03,3.7016e-09
6.1800e+03,3.7790e-09
6.2000e+03,3.8383e-09
6.2200e+03,3.7881e-09
6.2400e+03,3.6500e-09
6.2600e+03,3.6463e-09
6.2800e+03,3.6994e-09
6.3000e+03,3.7147e-09
6.3200e+03,3.7107e-09
6.3400e+03,3.7289e-09
6.3600e+03,3.7576e-09
6.3800e+03,3.8074e-09
6.4000e+03,3.7838e-09
6.4200e+03,3.8328e-09
6.4400e+03,3.8707e-09
6.4600e+03,3.8121e-09
6.4800e+03,3.7307e-09
6.5000e+03,3.7234e-09
6.5200e+03,3.8230e-09
6.5400e+03,3.7841e-09
6.5600e+03,3.7638e-09
6.5800e+03,3.8023e-09
6.6000e+03,3.8558e-09
6.6200e+03,3.8274e-09
6.6400e+03,3.8194e-09
6.6600e+03,3.8590e-09
6.6800e+03,3.8332e-09
6.7000e+03,3.8009e-09
6.7200e+03,3.7856e-09
6.7400e+03,3.8412e-09
6.7600e+03,3.8234e-09
6.7800e+03,3.8368e-09
6.8000e+03,3.8794e-09
6.8200e+03,3.8278e-09
6.8400e+03,4.0070e-09
6.8600e+03,3.6773e-09
6.8800e+03,3.5343e-09
6.9000e+03,3.7863e-09
6.9200e+03,3.7111e-09
6.9400e+03,3.5952e-09
6.9600e+03,3.5656e-09
6.9800e+03,3.5383e-09
7.0000e+03,3.4252e-09
7.0200e+03,3.4622e-09
7.0400e+03,3.4760e-09
7.0600e+03,3.4874e-09
7.0800e+03,3.4723e-09
7.1000e+03,3.4528e-09
7.1200e+03,3.4682e-09
7.1400e+03,3.4510e-09
7.1600e+03,3.4621e-09
7.1800e+03,3.3784e-09
7.2000e+03,3.3552e-09
7.2200e+03,3.3559e-09
7.2400e+03,3.3014e-09
7.2600e+03,3.2770e-09
7.2800e+03,3.2778e-09
7.3000e+03,3.2703e-09
7.3200e+03,3.2876e-09
7.3400e+03,3.2924e-09
7.3600e+03,3.2929e-09
7.3800e+03,3.3279e-09
7.4000e+03,3.2856e-09
7.4200e+03,3.2963e-09
7.4400e+03,3.3365e-09
7.4600e+03,3.3386e-09
7.4800e+03,3.4179e-09
7.5000e+03,3.3702e-09
7.5200e+03,3.4817e-09
7.5400e+03,3.5763e-09
7.5600e+03,3.6175e-09
7.5800e+03,3.5502e-09
7.6000e+03,2.9652e-09
7.6200e+03,3.6754e-09
7.6400e+03,3.4623e-09
7.6600e+03,3.4010e-09
7.6800e+03,3.0787e-09
7.7000e+03,3.2890e-09
7.7200e+03,3.3426e-09
7.7400e+03,3.4197e-09
7.7600e+03,3.4427e-09
7.7800e+03,3.4451e-09
7.8000e+03,3.4402e-09
7.8200e+03,3.4644e-09
7.8400e+03,3.4521e-09
7.8600e+03,3.4202e-09
7.8800e+03,3.3618e-09
7.9000e+03,3.2186e-09
7.9200e+03,3.1688e-09
7.9400e+03,3.1477e-09
7.9600e+03,3.1685e-09
7.9800e+03,3.2433e-09
8.0000e+03,3.2617e-09
8.0200e+03,3.2403e-09
8.0400e+03,3.2738e-09
8.0600e+03,3.2371e-09
8.0800e+03,3.1142e-09
8.1000e+03,3.0904e-09
8.1200e+03,3.1878e-09
8.1400e+03,3.1404e-09
8.1600e+03,3.0135e-09
8.1800e+03,3.0286e-09
8.2000e+03,3.2315e-09
8.2200e+03,3.0452e-09
8.2400e+03,3.1936e-09
8.2600e+03,3.2172e-09
8.2800e+03,3.1337e-09
8.3000e+03,3.1074e-09
8.3200e+03,2.9613e-09
8.3400e+03,2.9566e-09
8.3600e+03,2.9377e-09
8.3800e+03,3.1037e-09
8.4000e+03,3.0165e-09
8.4200e+03,3.0492e-09
8.4400e+03,3.0362e-09
8.4600e+03,2.9771e-09
8.4800e+03,2.9168e-09
8.5000e+03,2.9491e-09
8.5200e+03,2.7565e-09
8.5400e+03,2.7695e-09
8.5600e+03,3.0547e-09
8.5800e+03,3.0359e-09
8.6000e+03,3.0787e-09
8.6200e+03,3.0973e-09
8.6400e+03,2.9078e-09
8.6600e+03,2.9151e-09
8.6800e+03,2.9797e-09
8.7000e+03,3.0143e-09
8.7200e+03,3.0485e-09
8.7400e+03,3.0346e-09
8.7600e+03,3.1479e-09
8.7800e+03,2.8964e-09
8.8000e+03,2.9176e-09
8.8200e+03,3.0169e-09
8.8400e+03,2.8613e-09
8.8600e+03,2.9092e-09
8.8800e+03,2.9608e-09
8.9000e+03,2.9041e-09
8.9200e+03,2.9566e-09
8.9400e+03,2.8726e-09
8.9600e+03,2.9192e-09
8.9800e+03,2.8649e-09
9.0000e+03,2.7236e-09
9.0200e+03,2.8002e-09
9.0400e+03,2.9451e-09
9.0600e+03,2.8281e-09
9.0800e+03,2.6490e-09
9.1000e+03,2.6694e-09
9.1200e+03,2.6537e-09
9.1400e+03,2.4856e-09
9.1600e+03,2.4244e-09
9.1800e+03,2.5073e-09
9.2000e+03,2.6628e-09
9.2200e+03,2.6200e-09
9.2400e+03,2.6112e-09
9.2600e+03,2.4835e-09
9.2800e+03,2.7148e-09
9.3000e+03,2.4135e-09
9.3200e+03,2.3446e-09
9.3400e+03,2.5873e-09
9.3600e+03,2.4587e-09
9.3800e+03,2.4784e-09
9.4000e+03,2.7263e-09
9.4200e+03,2.2500e-09
9.4400e+03,2.1584e-09
9.4600e+03,2.3499e-09
9.4800e+03,2.3968e-09
9.5000e+03,2.3389e-09
9.5200e+03,2.6666e-09
9.5400e+03,2.5580e-09
9.5600e+03,2.3751e-09
9.5800e+03,2.4412e-09
9.6000e+03,2.3638e-09
9.6200e+03,2.4521e-09
9.6400e+03,2.3608e-09
9.6600e+03,2.5779e-09
9.6800e+03,2.5650e-09
9.7000e+03,2.4848e-09
9.7200e+03,2.4419e-09
9.7400e+03,2.4481e-09
9.7600e+03,2.4300e-09
9.7800e+03,2.4780e-09
9.8000e+03,2.4540e-09
9.8200e+03,2.5533e-09
9.8400e+03,2.5704e-09
9.8600e+03,2.4220e-09
9.8800e+03,2.4179e-09
9.9000e+03,2.4805e-09
9.9200e+03,2.4288e-09
9.9400e+03,2.4101e-09
9.9600e+03,2.4340e-09
9.9800e+03,2.4443e-09
1.0000e+04,2.4910e-09
1.0020e+04,2.4380e-09
1.0040e+04,2.4305e-09
1.0060e+04,2.3716e-09
1.0080e+04,2.4538e-09
1.0100e+04,2.3647e-09
1.0120e+04,2.2851e-09
1.0140e+04,2.2793e-09
1.0160e+04,2.2811e-09
1.0180e+04,2.2390e-09
1.0200e+04,2.1492e-09
1.0220e+04,2.2172e-09
1.0240e+04,2.1663e-09
1.0260e+04,2.1410e-09
1.0280e+04,2.1295e-09
1.0300e+04,2.1475e-09
1.0320e+04,2.1422e-09
1.0340e+04,2.0873e-09
1.0360e+04,2.2238e-09
1.0380e+04,2.1751e-09
1.0400e+04,2.1381e-09
1.0420e+04,2.2033e-09
1.0440e+04,2.1451e-09
1.0460e+04,2.0113e-09
1.0480e+04,2.1197e-09
1.0500e+04,2.0834e-09
1.0520e+04,2.0935e-09
1.0540e+04,2.0547e-09
1.0560e+04,2.0320e-09
1.0580e+04,2.0283e-09
1.0600e+04,2.0251e-09
1.0800e+04,1.9276e-09
1.1000e+04,1.8485e-09
1.1200e+04,1.7837e-09
1.1400e+04,1.7297e-09
1.1600e+04,1.6835e-09
1.1800e+04,1.6426e-09
1.2000e+04,1.6045e-09
1.2200e+04,1.5672e-09
1.2400e+04,1.5288e-09
1.2600e+04,1.4867e-09
1.2800e+04,1.4454e-09
1.3000e+04,1.4075e-09
1.3200e+04,1.3685e-09
1.3400e+04,1.3326e-09
1.3600e+04,1.3022e-09
1.3800e+04,1.2652e-09
1.4000e+04,1.2314e-09
1.4200e+04,1.1956e-09
1.4400e+04,1.1640e-09
1.4600e+04,1.1336e-09
1.4800e+04,1.1032e-09
1.5000e+04,1.0869e-09
1.5200e+04,1.0705e-09
1.5400e+04,1.0508e-09
1.5600e+04,1.0333e-09
1.5800e+04,1.0170e-09
1.6000e+04,9.9971e-10
1.6200e+04,9.7906e-10
1.6400e+04,9.5296e-10
1.6600e+04,9.1711e-10
1.6800e+04,8.8785e-10
1.7000e+04,8.5971e-10
1.7200e+04,8.3044e-10
1.7400e+04,8.0321e-10
1.7600e+04,7.7279e-10
1.7800e+04,7.4465e-10
1.8000e+04,7.1655e-10
1.8200e+04,6.9157e-10
1.8400e+04,6.6979e-10
1.8600e+04,6.4598e-10
1.8800e+04,6.2330e-10
1.9000e+04,6.0377e-10
1.9200e+04,5.8425e-10
1.9400e+04,5.6157e-10
1.9600e+04,5.4092e-10
1.9800e+04,5.2143e-10
2.0000e+04,5.0304e-10
2.0200e+04,4.8351e-10
2.0400e+04,4.6672e-10
2.0600e+04,4.5265e-10
2.0800e+04,4.3745e-10
2.1000e+04,4.2226e-10
2.1200e+04,4.0975e-10
2.1400e+04,3.9732e-10
2.1600e+04,3.8481e-10
2.1800e+04,3.7234e-10
2.2000e+04,3.5987e-10
2.2200e+04,3.4737e-10
2.2400e+04,3.3604e-10
2.2600e+04,3.2570e-10
2.2800e+04,3.1380e-10
2.3000e+04,2.9973e-10
2.3200e+04,2.8623e-10
2.3400e+04,2.7489e-10
2.3600e+04,2.6242e-10
2.3800e+04,2.5169e-10
2.4000e+04,2.4308e-10
2.4200e+04,2.3549e-10
2.4400e+04,2.2932e-10
2.4600e+04,2.2377e-10
2.4800e+04,2.1941e-10
2.5000e+04,2.1397e-10
2.5200e+04,2.0722e-10
2.5400e+04,2.0235e-10
2.5600e+04,1.9802e-10
