# wavelength, f_lambda
2.2900e+02,0.0000e+00
2.3400e+02,0.0000e+00
2.4300e+02,0.0000e+00
2.5200e+02,0.0000e+00
2.5600e+02,0.0000e+00
2.6000e+02,0.0000e+00
2.6600e+02,0.0000e+00
2.7500e+02,0.0000e+00
2.8300e+02,0.0000e+00
2.9300e+02,0.0000e+00
3.0100e+02,0.0000e+00
3.0900e+02,0.0000e+00
3.2500e+02,0.0000e+00
3.4200e+02,0.0000e+00
3.5100e+02,0.0000e+00
3.5600e+02,0.0000e+00
3.6500e+02,0.0000e+00
3.7500e+02,0.0000e+00
3.8400e+02,0.0000e+00
4.0000e+02,0.0000e+00
4.1500e+02,0.0000e+00
4.2500e+02,0.0000e+00
4.4500e+02,0.0000e+00
4.7200e+02,0.0000e+00
4.9400e+02,0.0000e+00
5.0600e+02,0.0000e+00
5.1600e+02,0.0000e+00
5.4000e+02,0.0000e+00
5.6400e+02,0.0000e+00
5.8700e+02,0.0000e+00
6.1200e+02,0.0000e+00
6.4000e+02,0.0000e+00
6.7100e+02,0.0000e+00
7.0500e+02,0.0000e+00
7.3600e+02,0.0000e+00
7.7000e+02,0.0000e+00
8.1000e+02,0.0000e+00
8.5000e+02,0.0000e+00
8.9000e+02,0.0000e+00
9.2000e+02,3.7235e-21
9.4000e+02,1.2584e-20
9.6200e+02,2.6781e-20
9.8700e+02,6.0087e-20
1.0120e+03,1.2229e-19
1.0370e+03,2.3014e-19
1.0620e+03,4.4554e-19
1.0870e+03,8.2906e-19
1.1120e+03,1.3574e-17
1.1200e+03,1.6701e-17
1.1400e+03,2.4166e-17
1.1600e+03,3.8192e-17
1.1800e+03,5.5141e-17
1.2000e+03,7.7520e-17
1.2200e+03,1.1460e-16
1.2400e+03,1.7472e-16
1.2600e+03,2.5099e-16
1.2800e+03,3.4371e-16
1.3000e+03,4.7553e-16
1.3200e+03,6.3133e-16
1.3400e+03,8.1432e-16
1.3600e+03,1.0582e-15
1.3800e+03,1.3967e-15
1.4000e+03,1.8411e-15
1.4200e+03,2.3970e-15
1.4400e+03,3.1165e-15
1.4600e+03,4.0609e-15
1.4800e+03,5.1891e-15
1.5000e+03,6.7286e-15
1.5200e+03,5.4741e-14
1.5400e+03,9.8403e-14
1.5600e+03,1.0238e-13
1.5800e+03,1.3100e-13
1.6000e+03,1.6970e-13
1.6200e+03,2.0843e-13
1.6400e+03,2.4265e-13
1.6600e+03,2.6551e-13
1.6800e+03,3.4138e-12
1.7000e+03,5.2051e-12
1.7200e+03,6.4975e-12
1.7400e+03,8.5643e-12
1.7600e+03,8.4391e-12
1.7800e+03,1.1691e-11
1.8000e+03,1.1078e-11
1.8200e+03,8.9977e-12
1.8400e+03,9.3679e-12
1.8600e+03,1.2052e-11
1.8800e+03,1.3899e-11
1.9000e+03,1.6219e-11
1.9200e+03,1.9393e-11
1.9400e+03,1.7205e-11
1.9600e+03,1.7371e-11
1.9800e+03,2.4539e-11
2.0000e+03,2.5769e-11
2.0025e+03,2.7209e-11
2.0050e+03,3.3771e-11
2.0075e+03,3.6070e-11
2.0100e+03,3.7271e-11
2.0125e+03,3.7566e-11
2.0150e+03,3.7715e-11
2.0175e+03,3.7097e-11
2.0200e+03,3.6875e-11
2.0225e+03,3.6973e-11
2.0250e+03,3.6962e-11
2.0275e+03,3.6947e-11
2.0300e+03,3.8512e-11
2.0325e+03,4.0929e-11
2.0350e+03,4.4980e-11
2.0375e+03,4.7618e-11
2.0400e+03,4.9311e-11
2.0425e+03,5.0457e-11
2.0450e+03,5.1097e-11
2.0475e+03,5.2087e-11
2.0500e+03,5.2848e-11
2.0525e+03,5.3066e-11
2.0550e+03,5.3088e-11
2.0575e+03,5.2495e-11
2.0600e+03,5.3314e-11
2.0625e+03,5.4988e-11
2.0650e+03,5.8151e-11
2.0675e+03,6.1317e-11
2.0700e+03,6.2693e-11
2.0725e+03,6.4469e-11
2.0750e+03,6.7096e-11
2.0775e+03,7.0536e-11
2.0800e+03,7.4353e-11
2.0825e+03,7.9241e-11
2.0850e+03,8.4842e-11
2.0875e+03,8.4464e-11
2.0900e+03,8.4999e-11
2.0925e+03,8.6906e-11
2.0950e+03,8.8314e-11
2.0975e+03,8.8653e-11
2.1000e+03,8.8995e-11
2.1025e+03,8.7626e-11
2.1050e+03,9.6550e-11
2.1075e+03,9.3329e-11
2.1100e+03,9.1189e-11
2.1125e+03,9.8319e-11
2.1150e+03,1.0875e-10
2.1175e+03,1.2380e-10
2.1200e+03,1.2142e-10
2.1225e+03,9.6314e-11
2.1250e+03,8.7761e-11
2.1275e+03,1.0078e-10
2.1300e+03,1.0418e-10
2.1325e+03,1.0109e-10
2.1350e+03,1.0309e-10
2.1375e+03,1.0827e-10
2.1400e+03,1.2069e-10
2.1425e+03,1.3953e-10
2.1450e+03,1.4122e-10
2.1475e+03,1.2934e-10
2.1500e+03,1.2676e-10
2.1525e+03,1.3055e-10
2.1550e+03,1.2470e-10
2.1575e+03,1.0811e-10
2.1600e+03,1.1075e-10
2.1625e+03,1.2234e-10
2.1650e+03,1.1061e-10
2.1675e+03,9.9112e-11
2.1700e+03,1.0682e-10
2.1725e+03,1.1197e-10
2.1750e+03,1.0820e-10
2.1775e+03,1.2231e-10
2.1800e+03,1.5292e-10
2.1825e+03,1.6142e-10
2.1850e+03,1.4300e-10
2.1875e+03,1.2851e-10
2.1900e+03,1.3735e-10
2.1925e+03,1.5448e-10
2.1950e+03,1.5701e-10
2.1975e+03,1.5464e-10
2.2000e+03,1.5933e-10
2.2025e+03,1.7192e-10
2.2050e+03,1.6590e-10
2.2075e+03,1.3165e-10
2.2100e+03,1.1239e-10
2.2125e+03,1.2179e-10
2.2150e+03,1.2521e-10
2.2175e+03,1.2746e-10
2.2200e+03,1.5080e-10
2.2225e+03,1.6476e-10
2.2250e+03,1.5877e-10
2.2275e+03,1.5726e-10
2.2300e+03,1.7270e-10
2.2325e+03,2.0760e-10
2.2350e+03,2.2603e-10
2.2375e+03,2.0862e-10
2.2400e+03,1.8864e-10
2.2425e+03,1.7427e-10
2.2450e+03,1.7905e-10
2.2475e+03,1.9199e-10
2.2500e+03,1.8281e-10
2.2525e+03,1.6938e-10
2.2550e+03,1.6270e-10
2.2575e+03,1.5857e-10
2.2600e+03,1.5294e-10
2.2625e+03,1.4050e-10
2.2650e+03,1.2201e-10
2.2675e+03,1.0764e-10
2.2700e+03,1.0438e-10
2.2725e+03,1.1116e-10
2.2750e+03,1.2217e-10
2.2775e+03,1.3630e-10
2.2800e+03,1.5849e-10
2.2825e+03,1.7420e-10
2.2850e+03,1.6873e-10
2.2875e+03,1.5386e-10
2.2900e+03,1.4716e-10
2.2925e+03,1.5303e-10
2.2950e+03,1.5441e-10
2.2975e+03,1.3711e-10
2.3000e+03,1.2926e-10
2.3025e+03,1.4760e-10
2.3050e+03,1.7943e-10
2.3075e+03,1.8521e-10
2.3100e+03,1.4886e-10
2.3125e+03,1.3380e-10
2.3150e+03,1.5661e-10
2.3175e+03,1.6180e-10
2.3200e+03,1.5473e-10
2.3225e+03,1.6951e-10
2.3250e+03,1.6855e-10
2.3275e+03,1.5440e-10
2.3300e+03,1.4667e-10
2.3325e+03,1.3978e-10
2.3350e+03,1.4132e-10
2.3375e+03,1.3168e-10
2.3400e+03,1.2478e-10
2.3425e+03,1.1616e-10
2.3450e+03,1.0403e-10
2.3475e+03,1.1653e-10
2.3500e+03,1.4817e-10
2.3525e+03,1.6955e-10
2.3550e+03,1.7298e-10
2.3575e+03,1.6167e-10
2.3600e+03,1.4416e-10
2.3625e+03,1.4205e-10
2.3650e+03,1.3991e-10
2.3675e+03,1.4389e-10
2.3700e+03,1.6322e-10
2.3725e+03,1.6046e-10
2.3750e+03,1.5173e-10
2.3775e+03,1.4819e-10
2.3800e+03,1.2173e-10
2.3825e+03,1.0738e-10
2.3850e+03,1.2376e-10
2.3875e+03,1.3672e-10
2.3900e+03,1.4956e-10
2.3925e+03,1.4996e-10
2.3950e+03,1.2695e-10
2.3975e+03,1.1992e-10
2.4000e+03,1.3218e-10
2.4025e+03,1.3547e-10
2.4050e+03,1.1278e-10
2.4075e+03,1.2005e-10
2.4100e+03,1.1886e-10
2.4125e+03,1.2098e-10
2.4150e+03,1.4850e-10
2.4175e+03,1.8090e-10
2.4200e+03,2.0641e-10
2.4225e+03,2.1082e-10
2.4250e+03,2.0433e-10
2.4275e+03,2.1376e-10
2.4300e+03,2.0749e-10
2.4325e+03,1.9484e-10
2.4350e+03,1.8180e-10
2.4375e+03,1.8480e-10
2.4400e+03,1.9437e-10
2.4425e+03,2.0040e-10
2.4450e+03,1.8544e-10
2.4475e+03,1.6469e-10
2.4500e+03,1.5034e-10
2.4525e+03,1.4347e-10
2.4550e+03,1.4608e-10
2.4575e+03,1.5171e-10
2.4600e+03,1.4490e-10
2.4625e+03,1.3522e-10
2.4650e+03,1.4576e-10
2.4675e+03,1.5967e-10
2.4700e+03,1.6448e-10
2.4725e+03,1.6401e-10
2.4750e+03,1.7238e-10
2.4775e+03,1.6317e-10
2.4800e+03,1.5061e-10
2.4825e+03,1.3450e-10
2.4850e+03,1.3154e-10
2.4875e+03,1.2668e-10
2.4900e+03,1.1101e-10
2.4925e+03,1.4448e-10
2.4950e+03,1.8573e-10
2.4975e+03,1.9271e-10
2.5000e+03,1.8216e-10
2.5025e+03,1.7804e-10
2.5050e+03,1.6305e-10
2.5075e+03,1.5868e-10
2.5100e+03,1.6585e-10
2.5125e+03,1.4361e-10
2.5150e+03,1.1968e-10
2.5175e+03,1.1935e-10
2.5200e+03,1.3011e-10
2.5225e+03,1.2429e-10
2.5250e+03,1.2502e-10
2.5275e+03,1.2265e-10
2.5300e+03,1.3435e-10
2.5325e+03,1.5728e-10
2.5350e+03,1.5822e-10
2.5375e+03,1.5859e-10
2.5400e+03,1.6495e-10
2.5425e+03,1.7385e-10
2.5450e+03,1.7782e-10
2.5475e+03,1.6702e-10
2.5500e+03,1.8592e-10
2.5525e+03,2.3405e-10
2.5550e+03,2.4528e-10
2.5575e+03,2.4830e-10
2.5600e+03,2.6112e-10
2.5625e+03,2.3935e-10
2.5650e+03,2.6842e-10
2.5675e+03,3.3390e-10
2.5700e+03,3.7260e-10
2.5725e+03,3.7613e-10
2.5750e+03,3.0633e-10
2.5775e+03,3.2060e-10
2.5800e+03,4.2749e-10
2.5825e+03,4.0350e-10
2.5850e+03,2.9222e-10
2.5875e+03,3.3002e-10
2.5900e+03,4.0845e-10
2.5925e+03,3.3940e-10
2.5950e+03,2.9559e-10
2.5975e+03,2.3420e-10
2.6000e+03,2.1596e-10
2.6025e+03,2.9313e-10
2.6050e+03,2.6560e-10
2.6075e+03,2.3265e-10
2.6100e+03,2.4588e-10
2.6125e+03,2.1557e-10
2.6150e+03,2.5498e-10
2.6175e+03,2.9688e-10
2.6200e+03,3.1956e-10
2.6225e+03,3.3837e-10
2.6250e+03,3.1896e-10
2.6275e+03,2.7541e-10
2.6300e+03,2.4655e-10
2.6325e+03,2.8914e-10
2.6350e+03,4.2934e-10
2.6375e+03,5.9177e-10
2.6400e+03,6.9695e-10
2.6425e+03,7.4972e-10
2.6450e+03,7.5693e-10
2.6475e+03,6.2653e-10
2.6500e+03,5.6378e-10
2.6525e+03,6.5994e-10
2.6550e+03,7.6664e-10
2.6575e+03,7.5933e-10
2.6600e+03,7.0492e-10
2.6625e+03,6.4869e-10
2.6650e+03,6.5153e-10
2.6675e+03,6.6281e-10
2.6700e+03,6.6096e-10
2.6725e+03,6.6594e-10
2.6750e+03,7.3782e-10
2.6775e+03,6.7628e-10
2.6800e+03,6.5226e-10
2.6825e+03,6.7002e-10
2.6850e+03,6.7719e-10
2.6875e+03,6.4607e-10
2.6900e+03,6.1255e-10
2.6925e+03,6.4582e-10
2.6950e+03,6.0709e-10
2.6975e+03,6.3406e-10
2.7000e+03,7.3345e-10
2.7025e+03,7.7017e-10
2.7050e+03,7.6977e-10
2.7075e+03,7.1045e-10
2.7100e+03,6.8388e-10
2.7125e+03,6.7832e-10
2.7150e+03,6.1430e-10
2.7175e+03,5.0366e-10
2.7200e+03,4.1839e-10
2.7225e+03,4.7542e-10
2.7250e+03,5.2004e-10
2.7275e+03,6.1546e-10
2.7300e+03,6.9538e-10
2.7325e+03,6.0669e-10
2.7350e+03,4.9984e-10
2.7375e+03,4.2061e-10
2.7400e+03,3.6900e-10
2.7425e+03,3.4337e-10
2.7450e+03,3.5250e-10
2.7475e+03,3.3819e-10
2.7500e+03,3.8771e-10
2.7525e+03,4.7662e-10
2.7550e+03,4.3855e-10
2.7575e+03,5.6178e-10
2.7600e+03,6.5393e-10
2.7625e+03,6.3701e-10
2.7650e+03,6.8479e-10
2.7675e+03,6.4945e-10
2.7700e+03,6.4614e-10
2.7725e+03,6.8745e-10
2.7750e+03,6.4680e-10
2.7775e+03,5.3430e-10
2.7800e+03,4.5806e-10
2.7825e+03,4.4503e-10
2.7850e+03,4.4823e-10
2.7875e+03,3.9990e-10
2.7900e+03,3.0729e-10
2.7925e+03,2.4148e-10
2.7950e+03,2.1465e-10
2.7975e+03,2.0102e-10
2.8000e+03,2.0770e-10
2.8025e+03,2.2034e-10
2.8050e+03,2.5499e-10
2.8075e+03,3.4969e-10
2.8100e+03,4.3116e-10
2.8125e+03,5.0683e-10
2.8150e+03,5.9839e-10
2.8175e+03,6.5630e-10
2.8200e+03,7.1409e-10
2.8225e+03,7.5966e-10
2.8250e+03,7.8026e-10
2.8275e+03,7.8255e-10
2.8300e+03,8.5272e-10
2.8325e+03,8.6374e-10
2.8350e+03,8.0347e-10
2.8375e+03,8.0511e-10
2.8400e+03,8.3736e-10
2.8425e+03,7.4990e-10
2.8450e+03,6.5379e-10
2.8475e+03,4.8685e-10
2.8500e+03,2.8734e-10
2.8525e+03,2.4371e-10
2.8550e+03,3.7635e-10
2.8575e+03,5.7867e-10
2.8600e+03,7.8473e-10
2.8625e+03,8.8038e-10
2.8650e+03,9.0880e-10
2.8675e+03,8.6021e-10
2.8700e+03,9.1244e-10
2.8725e+03,1.0132e-09
2.8750e+03,9.3064e-10
2.8775e+03,8.1861e-10
2.8800e+03,5.8143e-10
2.8825e+03,6.2147e-10
2.8850e+03,9.3489e-10
2.8875e+03,1.0316e-09
2.8900e+03,1.0287e-09
2.8925e+03,1.0636e-09
2.8950e+03,1.2013e-09
2.8975e+03,1.3626e-09
2.9000e+03,1.5052e-09
2.9025e+03,1.5776e-09
2.9050e+03,1.5711e-09
2.9075e+03,1.4662e-09
2.9100e+03,1.4748e-09
2.9125e+03,1.5320e-09
2.9150e+03,1.4229e-09
2.9175e+03,1.3865e-09
2.9200e+03,1.4125e-09
2.9225e+03,1.3072e-09
2.9250e+03,1.1844e-09
2.9275e+03,1.2108e-09
2.9300e+03,1.4396e-09
2.9325e+03,1.5501e-09
2.9350e+03,1.3831e-09
2.9375e+03,1.1714e-09
2.9400e+03,1.2482e-09
2.9425e+03,1.3630e-09
2.9450e+03,1.3540e-09
2.9475e+03,1.1572e-09
2.9500e+03,1.2616e-09
2.9525e+03,1.4094e-09
2.9550e+03,1.3833e-09
2.9575e+03,1.4499e-09
2.9600e+03,1.5204e-09
2.9625e+03,1.5087e-09
2.9650e+03,1.1927e-09
2.9675e+03,9.8523e-10
2.9700e+03,1.0533e-09
2.9725e+03,1.1522e-09
2.9750e+03,1.4133e-09
2.9775e+03,1.6322e-09
2.9800e+03,1.3684e-09
2.9825e+03,9.7500e-10
2.9850e+03,8.6946e-10
2.9875e+03,1.1425e-09
2.9900e+03,1.4403e-09
2.9925e+03,1.3146e-09
2.9950e+03,1.1790e-09
2.9975e+03,1.2539e-09
3.0000e+03,8.8296e-10
3.0025e+03,9.2030e-10
3.0050e+03,1.1050e-09
3.0075e+03,1.0349e-09
3.0100e+03,1.1731e-09
3.0125e+03,1.2995e-09
3.0150e+03,1.2544e-09
3.0175e+03,9.8890e-10
3.0200e+03,7.7196e-10
3.0225e+03,1.0455e-09
3.0250e+03,1.2667e-09
3.0275e+03,1.4873e-09
3.0300e+03,1.5482e-09
3.0325e+03,1.6516e-09
3.0350e+03,1.6304e-09
3.0375e+03,1.3636e-09
3.0400e+03,1.3281e-09
3.0425e+03,1.4388e-09
3.0450e+03,1.5417e-09
3.0475e+03,1.3920e-09
3.0500e+03,1.5966e-09
3.0525e+03,1.6633e-09
3.0550e+03,1.3813e-09
3.0575e+03,1.0847e-09
3.0600e+03,1.2435e-09
3.0625e+03,1.4218e-09
3.0650e+03,1.2530e-09
3.0675e+03,1.3380e-09
3.0700e+03,1.5286e-09
3.0725e+03,1.4688e-09
3.0750e+03,1.4369e-09
3.0775e+03,1.4773e-09
3.0800e+03,1.4167e-09
3.0825e+03,1.4095e-09
3.0850e+03,1.5590e-09
3.0875e+03,1.4154e-09
3.0900e+03,1.2039e-09
3.0925e+03,1.0476e-09
3.0950e+03,1.1236e-09
3.0975e+03,1.0799e-09
3.1000e+03,1.0741e-09
3.1025e+03,1.1834e-09
3.1050e+03,1.2938e-09
3.1075e+03,1.4059e-09
3.1100e+03,1.5169e-09
3.1125e+03,1.6055e-09
3.1150e+03,1.6050e-09
3.1175e+03,1.5699e-09
3.1200e+03,1.5117e-09
3.1225e+03,1.4915e-09
3.1250e+03,1.4887e-09
3.1275e+03,1.5120e-09
3.1300e+03,1.5330e-09
3.1325e+03,1.5502e-09
3.1350e+03,1.5537e-09
3.1375e+03,1.5591e-09
3.1400e+03,1.5656e-09
3.1425e+03,1.5415e-09
3.1450e+03,1.5388e-09
3.1475e+03,1.5682e-09
3.1500e+03,1.5831e-09
3.1525e+03,1.5903e-09
3.1550e+03,1.5807e-09
3.1575e+03,1.5122e-09
3.1600e+03,1.4045e-09
3.1625e+03,1.3800e-09
3.1650e+03,1.4024e-09
3.1675e+03,1.4952e-09
3.1700e+03,1.6332e-09
3.1725e+03,1.7580e-09
3.1750e+03,1.7847e-09
3.1775e+03,1.7373e-09
3.1800e+03,1.6406e-09
3.1825e+03,1.5627e-09
3.1850e+03,1.5302e-09
3.1875e+03,1.5662e-09
3.1900e+03,1.6087e-09
3.1925e+03,1.6482e-09
3.1950e+03,1.6688e-09
3.1975e+03,1.6702e-09
3.2000e+03,1.6588e-09
3.2025e+03,1.6462e-09
3.2050e+03,1.6336e-09
3.2075e+03,1.6211e-09
3.2100e+03,1.6085e-09
3.2125e+03,1.5959e-09
3.2150e+03,1.5833e-09
3.2175e+03,1.5707e-09
3.2200e+03,1.5581e-09
3.2225e+03,1.6010e-09
3.2250e+03,1.6439e-09
3.2275e+03,1.6867e-09
3.2300e+03,1.7296e-09
3.2325e+03,1.7724e-09
3.2350e+03,1.8153e-09
3.2375e+03,1.8581e-09
3.2400e+03,1.9010e-09
3.2600e+03,1.9607e-09
3.2700e+03,1.8633e-09
3.2800e+03,1.8100e-09
3.2900e+03,1.8837e-09
3.3000e+03,1.9654e-09
3.3100e+03,1.9324e-09
3.3200e+03,1.9108e-09
3.3300e+03,1.9342e-09
3.3400e+03,1.9008e-09
3.3500e+03,1.9495e-09
3.3600e+03,1.9838e-09
3.3700e+03,1.9021e-09
3.3800e+03,1.8928e-09
3.3900e+03,1.9382e-09
3.4000e+03,2.0023e-09
3.4100e+03,1.9820e-09
3.4200e+03,1.9666e-09
3.4300e+03,1.9834e-09
3.4400e+03,1.8851e-09
3.4500e+03,1.9215e-09
3.4600e+03,1.9611e-09
3.4700e+03,1.9599e-09
3.4800e+03,1.9322e-09
3.4900e+03,1.9139e-09
3.5000e+03,2.0876e-09
3.5100e+03,2.1716e-09
3.5200e+03,2.1495e-09
3.5300e+03,2.1585e-09
3.5400e+03,2.2476e-09
3.5500e+03,2.3155e-09
3.5600e+03,2.2321e-09
3.5700e+03,2.0940e-09
3.5800e+03,1.9480e-09
3.5900e+03,2.0023e-09
3.6000e+03,2.1776e-09
3.6100e+03,2.1461e-09
3.6200e+03,2.0955e-09
3.6300e+03,2.1719e-09
3.6400e+03,2.2557e-09
3.6500e+03,2.3278e-09
3.6600e+03,2.3942e-09
3.6700e+03,2.4655e-09
3.6800e+03,2.3569e-09
3.6900e+03,2.3838e-09
3.7000e+03,2.4644e-09
3.7100e+03,2.4415e-09
3.7200e+03,2.3790e-09
3.7300e+03,2.2172e-09
3.7400e+03,2.1572e-09
3.7500e+03,2.1771e-09
3.7600e+03,2.2428e-09
3.7700e+03,2.3994e-09
3.7800e+03,2.6098e-09
3.7900e+03,2.5738e-09
3.8000e+03,2.4816e-09
3.8100e+03,2.4913e-09
3.8200e+03,2.2719e-09
3.8300e+03,1.9961e-09
3.8400e+03,1.9879e-09
3.8500e+03,2.2144e-09
3.8600e+03,2.2932e-09
3.8700e+03,2.2681e-09
3.8800e+03,2.2389e-09
3.8900e+03,2.2302e-09
3.9000e+03,2.3038e-09
3.9100e+03,2.4341e-09
3.9200e+03,2.3823e-09
3.9300e+03,2.0509e-09
3.9400e+03,1.9835e-09
3.9500e+03,2.2910e-09
3.9600e+03,2.3632e-09
3.9700e+03,2.1588e-09
3.9800e+03,2.5909e-09
3.9900e+03,3.1615e-09
4.0000e+03,3.3691e-09
4.0100e+03,3.4463e-09
4.0200e+03,3.5179e-09
4.0300e+03,3.5045e-09
4.0400e+03,3.4426e-09
4.0500e+03,3.4445e-09
4.0600e+03,3.3505e-09
4.0700e+03,3.2669e-09
4.0800e+03,3.2946e-09
4.0900e+03,3.4216e-09
4.1000e+03,3.3203e-09
4.1100e+03,3.3969e-09
4.1200e+03,3.5559e-09
4.1300e+03,3.4915e-09
4.1400e+03,3.4734e-09
4.1500e+03,3.4772e-09
4.1600e+03,3.4955e-09
4.1700e+03,3.4819e-09
4.1800e+03,3.3914e-09
4.1900e+03,3.4349e-09
4.2000e+03,3.4292e-09
4.2100e+03,3.4740e-09
4.2200e+03,3.4117e-09
4.2300e+03,3.3462e-09
4.2400e+03,3.4140e-09
4.2500e+03,3.3887e-09
4.2600e+03,3.3868e-09
4.2700e+03,3.3480e-09
4.2800e+03,3.3107e-09
4.2900e+03,3.2593e-09
4.3000e+03,2.9840e-09
4.3100e+03,3.0688e-09
4.3200e+03,3.2999e-09
4.3300e+03,3.4218e-09
4.3400e+03,3.4219e-09
4.3500e+03,3.3805e-09
4.3600e+03,3.4956e-09
4.3700e+03,3.6142e-09
4.3800e+03,3.4120e-09
4.3900e+03,3.4571e-09
4.4000e+03,3.6809e-09
4.4100e+03,3.8676e-09
4.4200e+03,3.9440e-09
4.4300e+03,3.9480e-09
4.4400e+03,3.9681e-09
4.4500e+03,3.9408e-09
4.4600e+03,3.8935e-09
4.4700e+03,4.0303e-09
4.4800e+03,4.1013e-09
4.4900e+03,4.1045e-09
4.5000e+03,4.1868e-09
4.5100e+03,4.2527e-09
4.5200e+03,4.1344e-09
4.5300e+03,4.0503e-09
4.5400e+03,4.0416e-09
4.5500e+03,4.0987e-09
4.5600e+03,4.1115e-09
4.5700e+03,4.0994e-09
4.5800e+03,4.0383e-09
4.5900e+03,4.0008e-09
4.6000e+03,4.0245e-09
4.6100e+03,4.0765e-09
4.6200e+03,4.0405e-09
4.6300e+03,4.0230e-09
4.6400e+03,3.9673e-09
4.6500e+03,3.9499e-09
4.6600e+03,3.9124e-09
4.6700e+03,3.9135e-09
4.6800e+03,3.9331e-09
4.6900e+03,3.9404e-09
4.7000e+03,3.8705e-09
4.7100e+03,3.8865e-09
4.7200e+03,3.9568e-09
4.7300e+03,4.0721e-09
4.7400e+03,4.0652e-09
4.7500e+03,4.0903e-09
4.7600e+03,4.0263e-09
4.7700e+03,4.0663e-09
4.7800e+03,4.2217e-09
4.7900e+03,4.2094e-09
4.8000e+03,4.2144e-09
4.8100e+03,4.1948e-09
4.8200e+03,4.1733e-09
4.8300e+03,4.1267e-09
4.8400e+03,4.0394e-09
4.8500e+03,3.9164e-09
4.8600e+03,3.6795e-09
4.8700e+03,3.6522e-09
4.8800e+03,3.8254e-09
4.8900e+03,3.8319e-09
4.9000e+03,3.9200e-09
4.9100e+03,3.9109e-09
4.9200e+03,3.8487e-09
4.9300e+03,3.8611e-09
4.9400e+03,3.8622e-09
4.9500e+03,3.8672e-09
4.9600e+03,3.8392e-09
4.9700e+03,3.8742e-09
4.9800e+03,3.8134e-09
4.9900e+03,3.7653e-09
5.0000e+03,3.7439e-09
5.0100e+03,3.6653e-09
5.0200e+03,3.6849e-09
5.0300e+03,3.7435e-09
5.0400e+03,3.7020e-09
5.0500e+03,3.7584e-09
5.0600e+03,3.7850e-09
5.0700e+03,3.7468e-09
5.0800e+03,3.7038e-09
5.0900e+03,3.6991e-09
5.1000e+03,3.8345e-09
5.1100e+03,3.8672e-09
5.1200e+03,3.8916e-09
5.1300e+03,3.8283e-09
5.1400e+03,3.7701e-09
5.1500e+03,3.7759e-09
5.1600e+03,3.6795e-09
5.1700e+03,3.5109e-09
5.1800e+03,3.4657e-09
5.1900e+03,3.5622e-09
5.2000e+03,3.6341e-09
5.2100e+03,3.7024e-09
5.2200e+03,3.7108e-09
5.2300e+03,3.6951e-09
5.2400e+03,3.7573e-09
5.2500e+03,3.7810e-09
5.2600e+03,3.6554e-09
5.2700e+03,3.5673e-09
5.2800e+03,3.6740e-09
5.2900e+03,3.7981e-09
5.3000e+03,3.8130e-09
5.3100e+03,3.8243e-09
5.3200e+03,3.7599e-09
5.3300e+03,3.6984e-09
5.3400e+03,3.7275e-09
5.3500e+03,3.7886e-09
5.3600e+03,3.7886e-09
5.3700e+03,3.7431e-09
5.3800e+03,3.7253e-09
5.3900e+03,3.7395e-09
5.4000e+03,3.6398e-09
5.4100e+03,3.6533e-09
5.4200e+03,3.7013e-09
5.4300e+03,3.7271e-09
5.4400e+03,3.7355e-09
5.4500e+03,3.7923e-09
5.4600e+03,3.7639e-09
5.4700e+03,3.7719e-09
5.4800e+03,3.7253e-09
5.4900e+03,3.7632e-09
5.5000e+03,3.7788e-09
5.5100e+03,3.7723e-09
5.5200e+03,3.7657e-09
5.5300e+03,3.6438e-09
5.5400e+03,3.6412e-09
5.5500e+03,3.6856e-09
5.5600e+03,3.6653e-09
5.5700e+03,3.6058e-09
5.5800e+03,3.5679e-09
5.5900e+03,3.5286e-09
5.6000e+03,3.4990e-09
5.6100e+03,3.5896e-09
5.6200e+03,3.5944e-09
5.6300e+03,3.6023e-09
5.6400e+03,3.5968e-09
5.6500e+03,3.6152e-09
5.6600e+03,3.5782e-09
5.6700e+03,3.5860e-09
5.6800e+03,3.6042e-09
5.6900e+03,3.5949e-09
5.7000e+03,3.5655e-09
5.7100e+03,3.5530e-09
5.7200e+03,3.5539e-09
5.7300e+03,3.6627e-09
5.7400e+03,3.5528e-09
5.7600e+03,3.5380e-09
5.7800e+03,3.5302e-09
5.8000e+03,3.5222e-09
5.8200e+03,3.5341e-09
5.8400e+03,3.5131e-09
5.8600e+03,3.4472e-09
5.8800e+03,3.4238e-09
5.9000e+03,3.3818e-09
5.9200e+03,3.4126e-09
5.9400e+03,3.4395e-09
5.9600e+03,3.4352e-09
5.9800e+03,3.4800e-09
6.0000e+03,3.4629e-09
6.0200e+03,3.4369e-09
6.0400e+03,3.5291e-09
6.0600e+03,3.5270e-09
6.0800e+03,3.5186e-09
6.1000e+03,3.4721e-09
6.1200e+03,3.4200e-09
6.1400e+03,3.4035e-09
6.1600e+03,3.3406e-09
6.1800e+03,3.3450e-09
6.2000e+03,3.3638e-09
6.2200e+03,3.3679e-09
6.2400e+03,3.3404e-09
6.2600e+03,3.3531e-09
6.2800e+03,3.3291e-09
6.3000e+03,3.3495e-09
6.3200e+03,3.3311e-09
6.3400e+03,3.2992e-09
6.3600e+03,3.3111e-09
6.3800e+03,3.2904e-09
6.4000e+03,3.2592e-09
6.4200e+03,3.2281e-09
6.4400e+03,3.2507e-09
6.4600e+03,3.2385e-09
6.4800e+03,3.2107e-09
6.5000e+03,3.2248e-09
6.5200e+03,3.2285e-09
6.5400e+03,3.1753e-09
6.5600e+03,3.0867e-09
6.5800e+03,3.0909e-09
6.6000e+03,3.1862e-09
6.6200e+03,3.2148e-09
6.6400e+03,3.1705e-09
6.6600e+03,3.1564e-09
6.6800e+03,3.1549e-09
6.7000e+03,3.1950e-09
6.7200e+03,3.2200e-09
6.7400e+03,3.1862e-09
6.7600e+03,3.3244e-09
6.7800e+03,3.2880e-09
6.8000e+03,3.2448e-09
6.8200e+03,3.1263e-09
6.8400e+03,3.0844e-09
6.8600e+03,3.0337e-09
6.8800e+03,3.0487e-09
6.9000e+03,3.0542e-09
6.9200e+03,3.0758e-09
6.9400e+03,3.0923e-09
6.9600e+03,3.0610e-09
6.9800e+03,2.9734e-09
7.0000e+03,2.9675e-09
7.0200e+03,2.9686e-09
7.0400e+03,2.9518e-09
7.0600e+03,2.9195e-09
7.0800e+03,2.9052e-09
7.1000e+03,2.8910e-09
7.1200e+03,2.8619e-09
7.1400e+03,2.8285e-09
7.1600e+03,2.9397e-09
7.1800e+03,2.9748e-09
7.2000e+03,2.8199e-09
7.2200e+03,2.7832e-09
7.2400e+03,2.7741e-09
7.2600e+03,2.7462e-09
7.2800e+03,2.7354e-09
7.3000e+03,2.7391e-09
7.3200e+03,2.7056e-09
7.3400e+03,2.6560e-09
7.3600e+03,2.6497e-09
7.3800e+03,2.6393e-09
7.4000e+03,2.6171e-09
7.4200e+03,2.6352e-09
7.4400e+03,2.6190e-09
7.4600e+03,2.6128e-09
7.4800e+03,2.6325e-09
7.5000e+03,2.5949e-09
7.5200e+03,2.5771e-09
7.5400e+03,2.5500e-09
7.5600e+03,2.4825e-09
7.5800e+03,2.6402e-09
7.6000e+03,2.8059e-09
7.6200e+03,3.1865e-09
7.6400e+03,2.8522e-09
7.6600e+03,2.5891e-09
7.6800e+03,2.2726e-09
7.7000e+03,2.3967e-09
7.7200e+03,2.4362e-09
7.7400e+03,2.4622e-09
7.7600e+03,2.4514e-09
7.7800e+03,2.4516e-09
7.8000e+03,2.4518e-09
7.8200e+03,2.4428e-09
7.8400e+03,2.4751e-09
7.8600e+03,2.4465e-09
7.8800e+03,2.4413e-09
7.9000e+03,2.4289e-09
7.9200e+03,2.3956e-09
7.9400e+03,2.3730e-09
7.9600e+03,2.3802e-09
7.9800e+03,2.3734e-09
8.0000e+03,2.3635e-09
8.0200e+03,2.3225e-09
8.0400e+03,2.3246e-09
8.0600e+03,2.3215e-09
8.0800e+03,2.2848e-09
8.1000e+03,2.2482e-09
8.1200e+03,2.3292e-09
8.1400e+03,2.3228e-09
8.1600e+03,2.2302e-09
8.1800e+03,2.1632e-09
8.2000e+03,2.1872e-09
8.2200e+03,2.1766e-09
8.2400e+03,2.1725e-09
8.2600e+03,2.1943e-09
8.2800e+03,2.1660e-09
8.3000e+03,2.1268e-09
8.3200e+03,2.1213e-09
8.3400e+03,2.0968e-09
8.3600e+03,2.0868e-09
8.3800e+03,2.0974e-09
8.4000e+03,2.0984e-09
8.4200e+03,2.0744e-09
8.4400e+03,2.0646e-09
8.4600e+03,2.0378e-09
8.4800e+03,2.0067e-09
8.5000e+03,2.0141e-09
8.5200e+03,2.0077e-09
8.5400e+03,1.9363e-09
8.5600e+03,1.9650e-09
8.5800e+03,2.0412e-09
8.6000e+03,2.0228e-09
8.6200e+03,2.0223e-09
8.6400e+03,1.9818e-09
8.6600e+03,1.8919e-09
8.6800e+03,1.9051e-09
8.7000e+03,1.9619e-09
8.7200e+03,1.9544e-09
8.7400e+03,1.9383e-09
8.7600e+03,1.9423e-09
8.7800e+03,1.9751e-09
8.8000e+03,1.9533e-09
8.8200e+03,1.9515e-09
8.8400e+03,1.9567e-09
8.8600e+03,1.9254e-09
8.8800e+03,1.8944e-09
8.9000e+03,1.8789e-09
8.9200e+03,1.8843e-09
8.9400e+03,1.8829e-09
8.9600e+03,1.9198e-09
8.9800e+03,1.9372e-09
9.0000e+03,1.8619e-09
9.0200e+03,1.9269e-09
9.0400e+03,1.9750e-09
9.0600e+03,1.9261e-09
9.0800e+03,1.8707e-09
9.1000e+03,1.8745e-09
9.1200e+03,1.8888e-09
9.1400e+03,1.8529e-09
9.1600e+03,1.8579e-09
9.1800e+03,1.8904e-09
9.2000e+03,1.8992e-09
9.2200e+03,1.8105e-09
9.2400e+03,1.7315e-09
9.2600e+03,1.6650e-09
9.2800e+03,1.6564e-09
9.3000e+03,1.6405e-09
9.3200e+03,1.8201e-09
9.3400e+03,2.0590e-09
9.3600e+03,1.7996e-09
9.3800e+03,1.8809e-09
9.4000e+03,1.8866e-09
9.4200e+03,1.7170e-09
9.4400e+03,1.6974e-09
9.4600e+03,1.6951e-09
9.4800e+03,1.7457e-09
9.5000e+03,1.6979e-09
9.5200e+03,1.7286e-09
9.5400e+03,1.7067e-09
9.5600e+03,1.6889e-09
9.5800e+03,1.7226e-09
9.6000e+03,1.6999e-09
9.6200e+03,1.6999e-09
9.6400e+03,1.6977e-09
9.6600e+03,1.7072e-09
9.6800e+03,1.6672e-09
9.7000e+03,1.6111e-09
9.7200e+03,1.6022e-09
9.7400e+03,1.5886e-09
9.7600e+03,1.5995e-09
9.7800e+03,1.5860e-09
9.8000e+03,1.5933e-09
9.8200e+03,1.5948e-09
9.8400e+03,1.5850e-09
9.8600e+03,1.5410e-09
9.8800e+03,1.5541e-09
9.9000e+03,1.5456e-09
9.9200e+03,1.5415e-09
9.9400e+03,1.5297e-09
9.9600e+03,1.5236e-09
9.9800e+03,1.5064e-09
1.0000e+04,1.5049e-09
1.0020e+04,1.4812e-09
1.0040e+04,1.4775e-09
1.0060e+04,1.4477e-09
1.0080e+04,1.4745e-09
1.0100e+04,1.4860e-09
1.0120e+04,1.4812e-09
1.0140e+04,1.4571e-09
1.0160e+04,1.4610e-09
1.0180e+04,1.4511e-09
1.0200e+04,1.4400e-09
1.0220e+04,1.4239e-09
1.0240e+04,1.4172e-09
1.0260e+04,1.4347e-09
1.0280e+04,1.4271e-09
1.0300e+04,1.3987e-09
1.0320e+04,1.3954e-09
1.0340e+04,1.3849e-09
1.0360e+04,1.3723e-09
1.0380e+04,1.3640e-09
1.0400e+04,1.3607e-09
1.0420e+04,1.3778e-09
1.0440e+04,1.3756e-09
1.0460e+04,1.3713e-09
1.0480e+04,1.3712e-09
1.0500e+04,1.3659e-09
1.0520e+04,1.3907e-09
1.0540e+04,1.3834e-09
1.0560e+04,1.3544e-09
1.0580e+04,1.3286e-09
1.0600e+04,1.3310e-09
1.0800e+04,1.2762e-09
1.1000e+04,1.2205e-09
1.1200e+04,1.1650e-09
1.1400e+04,1.1107e-09
1.1600e+04,1.0585e-09
1.1800e+04,1.0089e-09
1.2000e+04,9.6234e-10
1.2200e+04,9.1943e-10
1.2400e+04,8.8038e-10
1.2600e+04,8.4486e-10
1.2800e+04,8.1367e-10
1.3000e+04,7.8102e-10
1.3200e+04,7.5420e-10
1.3400e+04,7.2821e-10
1.3600e+04,7.0073e-10
1.3800e+04,6.7318e-10
1.4000e+04,6.4778e-10
1.4200e+04,6.2616e-10
1.4400e+04,6.0531e-10
1.4600e+04,5.8442e-10
1.4800e+04,5.6280e-10
1.5000e+04,5.4271e-10
1.5200e+04,5.2342e-10
1.5400e+04,5.0497e-10
1.5600e+04,4.8826e-10
1.5800e+04,4.7280e-10
1.6000e+04,4.6082e-10
1.6200e+04,4.5100e-10
1.6400e+04,4.3611e-10
1.6600e+04,4.1679e-10
1.6800e+04,4.0259e-10
1.7000e+04,3.8680e-10
1.7200e+04,3.7009e-10
1.7400e+04,3.5549e-10
1.7600e+04,3.4079e-10
1.7800e+04,3.2706e-10
1.8000e+04,3.1410e-10
1.8200e+04,3.0367e-10
1.8400e+04,2.9280e-10
1.8600e+04,2.8203e-10
1.8800e+04,2.7204e-10
1.9000e+04,2.6282e-10
1.9200e+04,2.5238e-10
1.9400e+04,2.4404e-10
1.9600e+04,2.3569e-10
1.9800e+04,2.2735e-10
2.0000e+04,2.1988e-10
2.0200e+04,2.1318e-10
2.0400e+04,2.0571e-10
2.0600e+04,1.9819e-10
2.0800e+04,1.9111e-10
2.1000e+04,1.8363e-10
2.1200e+04,1.7694e-10
2.1400e+04,1.7155e-10
2.1600e+04,1.6534e-10
2.1800e+04,1.5996e-10
2.2000e+04,1.5535e-10
2.2200e+04,1.5079e-10
2.2400e+04,1.4603e-10
2.2600e+04,1.4146e-10
2.2800e+04,1.3706e-10
2.3000e+04,1.3289e-10
2.3200e+04,1.2872e-10
2.3400e+04,1.2498e-10
2.3600e+04,1.2153e-10
2.3800e+04,1.1720e-10
2.4000e+04,1.1378e-10
2.4200e+04,1.1079e-10
2.4400e+04,1.0736e-10
2.4600e+04,1.0393e-10
2.4800e+04,1.0126e-10
2.5000e+04,9.8064e-11
2.5200e+04,9.5589e-11
2.5400e+04,9.2834e-11
2.5600e+04,9.0156e-11
