# wavelength, f_lambda
2.2900e+02,0.0000e+00
2.3400e+02,0.0000e+00
2.4300e+02,0.0000e+00
2.5200e+02,0.0000e+00
2.5600e+02,0.0000e+00
2.6000e+02,0.0000e+00
2.6600e+02,0.0000e+00
2.7500e+02,0.0000e+00
2.8300e+02,0.0000e+00
2.9300e+02,0.0000e+00
3.0100e+02,0.0000e+00
3.0900e+02,0.0000e+00
3.2500e+02,0.0000e+00
3.4200e+02,0.0000e+00
3.5100e+02,0.0000e+00
3.5600e+02,0.0000e+00
3.6500e+02,0.0000e+00
3.7500e+02,0.0000e+00
3.8400e+02,0.0000e+00
4.0000e+02,0.0000e+00
4.1500e+02,0.0000e+00
4.2500e+02,0.0000e+00
4.4500e+02,0.0000e+00
4.7200e+02,0.0000e+00
4.9400e+02,0.0000e+00
5.0600e+02,0.0000e+00
5.1600e+02,0.0000e+00
5.4000e+02,0.0000e+00
5.6400e+02,0.0000e+00
5.8700e+02,0.0000e+00
6.1200e+02,0.0000e+00
6.4000e+02,0.0000e+00
6.7100e+02,0.0000e+00
7.0500e+02,0.0000e+00
7.3600e+02,0.0000e+00
7.7000e+02,0.0000e+00
8.1000e+02,0.0000e+00
8.5000e+02,0.0000e+00
8.9000e+02,0.0000e+00
9.2000e+02,0.0000e+00
9.4000e+02,0.0000e+00
9.6200e+02,0.0000e+00
9.8700e+02,0.0000e+00
1.0120e+03,0.0000e+00
1.0370e+03,0.0000e+00
1.0620e+03,0.0000e+00
1.0870e+03,0.0000e+00
1.1120e+03,0.0000e+00
1.1200e+03,0.0000e+00
1.1400e+03,0.0000e+00
1.1600e+03,0.0000e+00
1.1800e+03,0.0000e+00
1.2000e+03,0.0000e+00
1.2200e+03,0.0000e+00
1.2400e+03,0.0000e+00
1.2600e+03,0.0000e+00
1.2800e+03,0.0000e+00
1.3000e+03,0.0000e+00
1.3200e+03,0.0000e+00
1.3400e+03,0.0000e+00
1.3600e+03,0.0000e+00
1.3800e+03,0.0000e+00
1.4000e+03,0.0000e+00
1.4200e+03,0.0000e+00
1.4400e+03,0.0000e+00
1.4600e+03,0.0000e+00
1.4800e+03,0.0000e+00
1.5000e+03,0.0000e+00
1.5200e+03,0.0000e+00
1.5400e+03,0.0000e+00
1.5600e+03,0.0000e+00
1.5800e+03,0.0000e+00
1.6000e+03,0.0000e+00
1.6200e+03,0.0000e+00
1.6400e+03,0.0000e+00
1.6600e+03,0.0000e+00
1.6800e+03,0.0000e+00
1.7000e+03,0.0000e+00
1.7200e+03,0.0000e+00
1.7400e+03,0.0000e+00
1.7600e+03,0.0000e+00
1.7800e+03,0.0000e+00
1.8000e+03,0.0000e+00
1.8200e+03,0.0000e+00
1.8400e+03,0.0000e+00
1.8600e+03,0.0000e+00
1.8800e+03,0.0000e+00
1.9000e+03,0.0000e+00
1.9200e+03,0.0000e+00
1.9400e+03,0.0000e+00
1.9600e+03,0.0000e+00
1.9800e+03,0.0000e+00
2.0000e+03,5.5271e-13
2.0025e+03,6.6556e-13
2.0050e+03,5.5121e-13
2.0075e+03,9.8276e-13
2.0100e+03,1.1292e-12
2.0125e+03,1.0517e-12
2.0150e+03,9.9578e-13
2.0175e+03,9.6321e-13
2.0200e+03,5.0672e-13
2.0225e+03,1.9340e-13
2.0250e+03,3.9701e-13
2.0275e+03,5.5672e-13
2.0300e+03,5.4067e-13
2.0325e+03,7.3504e-13
2.0350e+03,1.0697e-12
2.0375e+03,9.2313e-13
2.0400e+03,7.7654e-13
2.0425e+03,7.6567e-13
2.0450e+03,8.4041e-13
2.0475e+03,1.0720e-12
2.0500e+03,1.1917e-12
2.0525e+03,1.2677e-12
2.0550e+03,1.1247e-12
2.0575e+03,8.5839e-13
2.0600e+03,9.6901e-13
2.0625e+03,1.2157e-12
2.0650e+03,1.6765e-12
2.0675e+03,1.9094e-12
2.0700e+03,1.5567e-12
2.0725e+03,1.4198e-12
2.0750e+03,1.4171e-12
2.0775e+03,1.7870e-12
2.0800e+03,2.1568e-12
2.0825e+03,2.2856e-12
2.0850e+03,2.2678e-12
2.0875e+03,2.0304e-12
2.0900e+03,1.8977e-12
2.0925e+03,1.7912e-12
2.0950e+03,1.7158e-12
2.0975e+03,1.6300e-12
2.1000e+03,1.3790e-12
2.1025e+03,1.1575e-12
2.1050e+03,9.7350e-13
2.1075e+03,6.9317e-13
2.1100e+03,2.4150e-13
2.1125e+03,4.4307e-13
2.1150e+03,8.0609e-13
2.1175e+03,9.3363e-13
2.1200e+03,1.0788e-12
2.1225e+03,1.4259e-12
2.1250e+03,1.7243e-12
2.1275e+03,1.9697e-12
2.1300e+03,2.1128e-12
2.1325e+03,2.2419e-12
2.1350e+03,2.3287e-12
2.1375e+03,2.3147e-12
2.1400e+03,1.9397e-12
2.1425e+03,1.3957e-12
2.1450e+03,7.3905e-13
2.1475e+03,4.4329e-13
2.1500e+03,4.8060e-13
2.1525e+03,5.7970e-13
2.1550e+03,5.9597e-13
2.1575e+03,3.1263e-13
2.1600e+03,1.4861e-13
2.1625e+03,6.1110e-13
2.1650e+03,8.1604e-13
2.1675e+03,8.1852e-13
2.1700e+03,7.4645e-13
2.1725e+03,6.7128e-13
2.1750e+03,5.5103e-13
2.1775e+03,4.6076e-13
2.1800e+03,4.6335e-13
2.1825e+03,3.8311e-13
2.1850e+03,2.8895e-13
2.1875e+03,1.9480e-13
2.1900e+03,1.0065e-13
2.1925e+03,2.9094e-13
2.1950e+03,4.8122e-13
2.1975e+03,7.3996e-13
2.2000e+03,9.3757e-13
2.2025e+03,9.2273e-13
2.2050e+03,9.3352e-13
2.2075e+03,9.5872e-13
2.2100e+03,8.0127e-13
2.2125e+03,5.0030e-13
2.2150e+03,5.2488e-13
2.2175e+03,4.6258e-13
2.2200e+03,2.2168e-13
2.2225e+03,2.4463e-14
2.2250e+03,3.6692e-14
2.2275e+03,4.8917e-14
2.2300e+03,6.1147e-14
2.2325e+03,7.3372e-14
2.2350e+03,8.5602e-14
2.2375e+03,9.4125e-14
2.2400e+03,2.9498e-13
2.2425e+03,7.8435e-13
2.2450e+03,1.0232e-12
2.2475e+03,1.1648e-12
2.2500e+03,1.3479e-12
2.2525e+03,1.5618e-12
2.2550e+03,1.9533e-12
2.2575e+03,2.0874e-12
2.2600e+03,1.8940e-12
2.2625e+03,1.7352e-12
2.2650e+03,1.6378e-12
2.2675e+03,1.6925e-12
2.2700e+03,1.8000e-12
2.2725e+03,1.9321e-12
2.2750e+03,2.0433e-12
2.2775e+03,1.9148e-12
2.2800e+03,1.7241e-12
2.2825e+03,1.4659e-12
2.2850e+03,1.1453e-12
2.2875e+03,8.1622e-13
2.2900e+03,6.9415e-13
2.2925e+03,6.1110e-13
2.2950e+03,4.3476e-13
2.2975e+03,3.5452e-13
2.3000e+03,3.6293e-13
2.3025e+03,4.1816e-13
2.3050e+03,5.3301e-13
2.3075e+03,5.3137e-13
2.3100e+03,5.3757e-13
2.3125e+03,6.3893e-13
2.3150e+03,7.6458e-13
2.3175e+03,1.0176e-12
2.3200e+03,1.4591e-12
2.3225e+03,2.0486e-12
2.3250e+03,2.3755e-12
2.3275e+03,2.6914e-12
2.3300e+03,2.9427e-12
2.3325e+03,3.0568e-12
2.3350e+03,2.8410e-12
2.3375e+03,2.6498e-12
2.3400e+03,2.4751e-12
2.3425e+03,2.0728e-12
2.3450e+03,1.4606e-12
2.3475e+03,1.1056e-12
2.3500e+03,8.9716e-13
2.3525e+03,9.5249e-13
2.3550e+03,1.1206e-12
2.3575e+03,1.6458e-12
2.3600e+03,1.8480e-12
2.3625e+03,1.8820e-12
2.3650e+03,2.2418e-12
2.3675e+03,2.6016e-12
2.3700e+03,2.5121e-12
2.3725e+03,2.6140e-12
2.3750e+03,3.0894e-12
2.3775e+03,3.0054e-12
2.3800e+03,2.7447e-12
2.3825e+03,2.5737e-12
2.3850e+03,2.4624e-12
2.3875e+03,2.4571e-12
2.3900e+03,2.4517e-12
2.3925e+03,2.4818e-12
2.3950e+03,2.2539e-12
2.3975e+03,1.4712e-12
2.4000e+03,1.3019e-12
2.4025e+03,1.3713e-12
2.4050e+03,8.9409e-13
2.4075e+03,1.5033e-13
2.4100e+03,3.8825e-13
2.4125e+03,6.6494e-13
2.4150e+03,9.9097e-13
2.4175e+03,1.4526e-12
2.4200e+03,2.1554e-12
2.4225e+03,2.3676e-12
2.4250e+03,2.4226e-12
2.4275e+03,2.4520e-12
2.4300e+03,2.4815e-12
2.4325e+03,1.9315e-12
2.4350e+03,1.4956e-12
2.4375e+03,1.2309e-12
2.4400e+03,1.3585e-12
2.4425e+03,1.5841e-12
2.4450e+03,1.8901e-12
2.4475e+03,2.1983e-12
2.4500e+03,2.2929e-12
2.4525e+03,2.4611e-12
2.4550e+03,2.6973e-12
2.4575e+03,2.9207e-12
2.4600e+03,3.1280e-12
2.4625e+03,3.3140e-12
2.4650e+03,3.3542e-12
2.4675e+03,2.9456e-12
2.4700e+03,2.6294e-12
2.4725e+03,2.7985e-12
2.4750e+03,2.8742e-12
2.4775e+03,2.8486e-12
2.4800e+03,3.0881e-12
2.4825e+03,3.3638e-12
2.4850e+03,2.7122e-12
2.4875e+03,2.0762e-12
2.4900e+03,2.4300e-12
2.4925e+03,2.4196e-12
2.4950e+03,2.1663e-12
2.4975e+03,2.2076e-12
2.5000e+03,2.5207e-12
2.5025e+03,2.5221e-12
2.5050e+03,2.5608e-12
2.5075e+03,2.7359e-12
2.5100e+03,2.8727e-12
2.5125e+03,2.8880e-12
2.5150e+03,2.6001e-12
2.5175e+03,2.1417e-12
2.5200e+03,1.9704e-12
2.5225e+03,1.8111e-12
2.5250e+03,2.1981e-12
2.5275e+03,2.6957e-12
2.5300e+03,3.2858e-12
2.5325e+03,3.6421e-12
2.5350e+03,3.8884e-12
2.5375e+03,3.9500e-12
2.5400e+03,3.8884e-12
2.5425e+03,4.0726e-12
2.5450e+03,4.1586e-12
2.5475e+03,4.0974e-12
2.5500e+03,4.0043e-12
2.5525e+03,3.8428e-12
2.5550e+03,3.7833e-12
2.5575e+03,3.7932e-12
2.5600e+03,4.0175e-12
2.5625e+03,4.2422e-12
2.5650e+03,4.4836e-12
2.5675e+03,4.5711e-12
2.5700e+03,4.3851e-12
2.5725e+03,3.7746e-12
2.5750e+03,3.0296e-12
2.5775e+03,2.4822e-12
2.5800e+03,2.0593e-12
2.5825e+03,1.9996e-12
2.5850e+03,2.2882e-12
2.5875e+03,2.9541e-12
2.5900e+03,3.5193e-12
2.5925e+03,3.9332e-12
2.5950e+03,4.1251e-12
2.5975e+03,4.2611e-12
2.6000e+03,4.6587e-12
2.6025e+03,5.1554e-12
2.6050e+03,5.6314e-12
2.6075e+03,6.0968e-12
2.6100e+03,6.5520e-12
2.6125e+03,6.7518e-12
2.6150e+03,6.6260e-12
2.6175e+03,6.5454e-12
2.6200e+03,6.4783e-12
2.6225e+03,6.4075e-12
2.6250e+03,6.4028e-12
2.6275e+03,7.1629e-12
2.6300e+03,7.8125e-12
2.6325e+03,8.3421e-12
2.6350e+03,8.7706e-12
2.6375e+03,9.1857e-12
2.6400e+03,9.1277e-12
2.6425e+03,8.9584e-12
2.6450e+03,8.8158e-12
2.6475e+03,8.6999e-12
2.6500e+03,8.6021e-12
2.6525e+03,8.7615e-12
2.6550e+03,9.1587e-12
2.6575e+03,9.3783e-12
2.6600e+03,9.5858e-12
2.6625e+03,9.8043e-12
2.6650e+03,9.9217e-12
2.6675e+03,9.5070e-12
2.6700e+03,9.4753e-12
2.6725e+03,9.7452e-12
2.6750e+03,9.8535e-12
2.6775e+03,9.9549e-12
2.6800e+03,1.0590e-11
2.6825e+03,1.1145e-11
2.6850e+03,1.1305e-11
2.6875e+03,1.1116e-11
2.6900e+03,1.0763e-11
2.6925e+03,9.8914e-12
2.6950e+03,8.6743e-12
2.6975e+03,7.6035e-12
2.7000e+03,7.2978e-12
2.7025e+03,7.0239e-12
2.7050e+03,8.2381e-12
2.7075e+03,9.3797e-12
2.7100e+03,9.8123e-12
2.7125e+03,9.9425e-12
2.7150e+03,9.9304e-12
2.7175e+03,9.2885e-12
2.7200e+03,8.2264e-12
2.7225e+03,8.7597e-12
2.7250e+03,9.3797e-12
2.7275e+03,1.0185e-11
2.7300e+03,1.0926e-11
2.7325e+03,1.1467e-11
2.7350e+03,1.1725e-11
2.7375e+03,1.1818e-11
2.7400e+03,1.1757e-11
2.7425e+03,1.1695e-11
2.7450e+03,1.2043e-11
2.7475e+03,1.2342e-11
2.7500e+03,1.2523e-11
2.7525e+03,1.2753e-11
2.7550e+03,1.2999e-11
2.7575e+03,1.2800e-11
2.7600e+03,1.2568e-11
2.7625e+03,1.4362e-11
2.7650e+03,1.5896e-11
2.7675e+03,1.7147e-11
2.7700e+03,1.8566e-11
2.7725e+03,2.0235e-11
2.7750e+03,2.0132e-11
2.7775e+03,1.9305e-11
2.7800e+03,1.8229e-11
2.7825e+03,1.7193e-11
2.7850e+03,1.7116e-11
2.7875e+03,1.8919e-11
2.7900e+03,2.3114e-11
2.7925e+03,2.5348e-11
2.7950e+03,2.7208e-11
2.7975e+03,2.9446e-11
2.8000e+03,3.0524e-11
2.8025e+03,2.4884e-11
2.8050e+03,2.1945e-11
2.8075e+03,2.1128e-11
2.8100e+03,1.9878e-11
2.8125e+03,1.8158e-11
2.8150e+03,1.8950e-11
2.8175e+03,2.0085e-11
2.8200e+03,2.0682e-11
2.8225e+03,2.0997e-11
2.8250e+03,2.0220e-11
2.8275e+03,1.9850e-11
2.8300e+03,1.9855e-11
2.8325e+03,1.9588e-11
2.8350e+03,1.8973e-11
2.8375e+03,1.9290e-11
2.8400e+03,1.9470e-11
2.8425e+03,1.8651e-11
2.8450e+03,1.7554e-11
2.8475e+03,1.4997e-11
2.8500e+03,1.2823e-11
2.8525e+03,1.0952e-11
2.8550e+03,1.1249e-11
2.8575e+03,1.1636e-11
2.8600e+03,1.3378e-11
2.8625e+03,1.5401e-11
2.8650e+03,1.7672e-11
2.8675e+03,1.9081e-11
2.8700e+03,1.9914e-11
2.8725e+03,2.1187e-11
2.8750e+03,2.2864e-11
2.8775e+03,2.3811e-11
2.8800e+03,2.4614e-11
2.8825e+03,2.5249e-11
2.8850e+03,2.6231e-11
2.8875e+03,2.8314e-11
2.8900e+03,3.0667e-11
2.8925e+03,3.3216e-11
2.8950e+03,3.6797e-11
2.8975e+03,4.0379e-11
2.9000e+03,4.2728e-11
2.9025e+03,4.4938e-11
2.9050e+03,4.6992e-11
2.9075e+03,4.7871e-11
2.9100e+03,4.8378e-11
2.9125e+03,4.9012e-11
2.9150e+03,4.9727e-11
2.9175e+03,4.9224e-11
2.9200e+03,4.8512e-11
2.9225e+03,4.7480e-11
2.9250e+03,4.6656e-11
2.9275e+03,4.6284e-11
2.9300e+03,4.5292e-11
2.9325e+03,4.4201e-11
2.9350e+03,4.4165e-11
2.9375e+03,4.4077e-11
2.9400e+03,4.2830e-11
2.9425e+03,4.2407e-11
2.9450e+03,4.3038e-11
2.9475e+03,4.2418e-11
2.9500e+03,4.1557e-11
2.9525e+03,4.3363e-11
2.9550e+03,4.5547e-11
2.9575e+03,4.5288e-11
2.9600e+03,4.4475e-11
2.9625e+03,4.3063e-11
2.9650e+03,4.0193e-11
2.9675e+03,3.5134e-11
2.9700e+03,3.6124e-11
2.9725e+03,3.8501e-11
2.9750e+03,4.0375e-11
2.9775e+03,4.2312e-11
2.9800e+03,4.4719e-11
2.9825e+03,4.5456e-11
2.9850e+03,4.4654e-11
2.9875e+03,4.4282e-11
2.9900e+03,4.3946e-11
2.9925e+03,4.2516e-11
2.9950e+03,4.0554e-11
2.9975e+03,3.7578e-11
3.0000e+03,3.6356e-11
3.0025e+03,3.6124e-11
3.0050e+03,3.7946e-11
3.0075e+03,4.1995e-11
3.0100e+03,4.3253e-11
3.0125e+03,4.3446e-11
3.0150e+03,4.1889e-11
3.0175e+03,4.0488e-11
3.0200e+03,3.9726e-11
3.0225e+03,4.0824e-11
3.0250e+03,4.3166e-11
3.0275e+03,4.8910e-11
3.0300e+03,5.7798e-11
3.0325e+03,5.8437e-11
3.0350e+03,5.8648e-11
3.0375e+03,5.9487e-11
3.0400e+03,5.9177e-11
3.0425e+03,5.5223e-11
3.0450e+03,5.7941e-11
3.0475e+03,6.4411e-11
3.0500e+03,6.2792e-11
3.0525e+03,6.0837e-11
3.0550e+03,6.2310e-11
3.0575e+03,6.2770e-11
3.0600e+03,5.9407e-11
3.0625e+03,6.2011e-11
3.0650e+03,6.7420e-11
3.0675e+03,7.2953e-11
3.0700e+03,7.8566e-11
3.0725e+03,8.3432e-11
3.0750e+03,8.6331e-11
3.0775e+03,8.6273e-11
3.0800e+03,8.6116e-11
3.0825e+03,8.5751e-11
3.0850e+03,8.4004e-11
3.0875e+03,8.1874e-11
3.0900e+03,8.0813e-11
3.0925e+03,7.9792e-11
3.0950e+03,7.9649e-11
3.0975e+03,8.2308e-11
3.1000e+03,8.9942e-11
3.1025e+03,9.6999e-11
3.1050e+03,1.0387e-10
3.1075e+03,1.1164e-10
3.1100e+03,1.1890e-10
3.1125e+03,1.1548e-10
3.1150e+03,1.1262e-10
3.1175e+03,1.1034e-10
3.1200e+03,1.0785e-10
3.1225e+03,1.0503e-10
3.1250e+03,1.0578e-10
3.1275e+03,1.0764e-10
3.1300e+03,1.1033e-10
3.1325e+03,1.1319e-10
3.1350e+03,1.1730e-10
3.1375e+03,1.2167e-10
3.1400e+03,1.2628e-10
3.1425e+03,1.2760e-10
3.1450e+03,1.2829e-10
3.1475e+03,1.2865e-10
3.1500e+03,1.2843e-10
3.1525e+03,1.2568e-10
3.1550e+03,1.2240e-10
3.1575e+03,1.1871e-10
3.1600e+03,1.1315e-10
3.1625e+03,1.0556e-10
3.1650e+03,1.1191e-10
3.1675e+03,1.2092e-10
3.1700e+03,1.3189e-10
3.1725e+03,1.4316e-10
3.1750e+03,1.5565e-10
3.1775e+03,1.5706e-10
3.1800e+03,1.5108e-10
3.1825e+03,1.4788e-10
3.1850e+03,1.4468e-10
3.1875e+03,1.4273e-10
3.1900e+03,1.4284e-10
3.1925e+03,1.4916e-10
3.1950e+03,1.5137e-10
3.1975e+03,1.5127e-10
3.2000e+03,1.5278e-10
3.2025e+03,1.5187e-10
3.2050e+03,1.5096e-10
3.2075e+03,1.5005e-10
3.2100e+03,1.4914e-10
3.2125e+03,1.4823e-10
3.2150e+03,1.4732e-10
3.2175e+03,1.4641e-10
3.2200e+03,1.4550e-10
3.2225e+03,1.4342e-10
3.2250e+03,1.4134e-10
3.2275e+03,1.3926e-10
3.2300e+03,1.3718e-10
3.2325e+03,1.3510e-10
3.2350e+03,1.3302e-10
3.2375e+03,1.3094e-10
3.2400e+03,1.2886e-10
3.2600e+03,2.4602e-10
3.2700e+03,1.7591e-10
3.2800e+03,2.0689e-10
3.2900e+03,3.1282e-10
3.3000e+03,2.8917e-10
3.3100e+03,2.9006e-10
3.3200e+03,3.2989e-10
3.3300e+03,2.6513e-10
3.3400e+03,3.7202e-10
3.3500e+03,2.5067e-10
3.3600e+03,1.3410e-10
3.3700e+03,2.6454e-10
3.3800e+03,2.6532e-10
3.3900e+03,2.8408e-10
3.4000e+03,2.9367e-10
3.4100e+03,2.2298e-10
3.4200e+03,3.0861e-10
3.4300e+03,3.0341e-10
3.4400e+03,2.1347e-10
3.4500e+03,2.5794e-10
3.4600e+03,2.6880e-10
3.4700e+03,2.7945e-10
3.4800e+03,2.8473e-10
3.4900e+03,2.9908e-10
3.5000e+03,3.0328e-10
3.5100e+03,2.6653e-10
3.5200e+03,2.3970e-10
3.5300e+03,3.4859e-10
3.5400e+03,3.4973e-10
3.5500e+03,3.0831e-10
3.5600e+03,2.2697e-10
3.5700e+03,2.0580e-10
3.5800e+03,1.8035e-10
3.5900e+03,2.4322e-10
3.6000e+03,2.7199e-10
3.6100e+03,3.2597e-10
3.6200e+03,3.6313e-10
3.6300e+03,4.4420e-10
3.6400e+03,4.2130e-10
3.6500e+03,5.5533e-10
3.6600e+03,6.8405e-10
3.6700e+03,5.5778e-10
3.6800e+03,5.0960e-10
3.6900e+03,5.4596e-10
3.7000e+03,5.3943e-10
3.7100e+03,4.4012e-10
3.7200e+03,4.5744e-10
3.7300e+03,3.4291e-10
3.7400e+03,2.8883e-10
3.7500e+03,3.1141e-10
3.7600e+03,3.5791e-10
3.7700e+03,4.6072e-10
3.7800e+03,4.9355e-10
3.7900e+03,3.7217e-10
3.8000e+03,4.1134e-10
3.8100e+03,3.7808e-10
3.8200e+03,2.3829e-10
3.8300e+03,2.3552e-10
3.8400e+03,2.9563e-10
3.8500e+03,2.8959e-10
3.8600e+03,2.4532e-10
3.8700e+03,2.9738e-10
3.8800e+03,3.7301e-10
3.8900e+03,5.2193e-10
3.9000e+03,6.7281e-10
3.9100e+03,6.8365e-10
3.9200e+03,5.5216e-10
3.9300e+03,3.0860e-10
3.9400e+03,4.0587e-10
3.9500e+03,6.7562e-10
3.9600e+03,5.3002e-10
3.9700e+03,5.0708e-10
3.9800e+03,9.4516e-10
3.9900e+03,1.1347e-09
4.0000e+03,1.2958e-09
4.0100e+03,1.3973e-09
4.0200e+03,1.4310e-09
4.0300e+03,1.2575e-09
4.0400e+03,1.1988e-09
4.0500e+03,1.1753e-09
4.0600e+03,1.1958e-09
4.0700e+03,1.1489e-09
4.0800e+03,1.3010e-09
4.0900e+03,1.3413e-09
4.1000e+03,1.3042e-09
4.1100e+03,1.2900e-09
4.1200e+03,1.2051e-09
4.1300e+03,1.1497e-09
4.1400e+03,9.9622e-10
4.1500e+03,9.5719e-10
4.1600e+03,9.8535e-10
4.1700e+03,9.6015e-10
4.1800e+03,1.0409e-09
4.1900e+03,1.1278e-09
4.2000e+03,1.1811e-09
4.2100e+03,1.3111e-09
4.2200e+03,1.3435e-09
4.2300e+03,1.2732e-09
4.2400e+03,1.5945e-09
4.2500e+03,1.5340e-09
4.2600e+03,1.5366e-09
4.2700e+03,1.5661e-09
4.2800e+03,1.4834e-09
4.2900e+03,1.3883e-09
4.3000e+03,1.2212e-09
4.3100e+03,1.5755e-09
4.3200e+03,2.0116e-09
4.3300e+03,1.9507e-09
4.3400e+03,2.1939e-09
4.3500e+03,2.2274e-09
4.3600e+03,2.3798e-09
4.3700e+03,2.2646e-09
4.3800e+03,1.8484e-09
4.3900e+03,1.8787e-09
4.4000e+03,2.0224e-09
4.4100e+03,2.0396e-09
4.4200e+03,2.2394e-09
4.4300e+03,2.2706e-09
4.4400e+03,2.4466e-09
4.4500e+03,2.3637e-09
4.4600e+03,2.2301e-09
4.4700e+03,2.5553e-09
4.4800e+03,2.7290e-09
4.4900e+03,2.6192e-09
4.5000e+03,2.8240e-09
4.5100e+03,2.8230e-09
4.5200e+03,2.6270e-09
4.5300e+03,2.5303e-09
4.5400e+03,2.5942e-09
4.5500e+03,2.8428e-09
4.5600e+03,2.8908e-09
4.5700e+03,2.8276e-09
4.5800e+03,2.8280e-09
4.5900e+03,2.8363e-09
4.6000e+03,2.9417e-09
4.6100e+03,3.2765e-09
4.6200e+03,3.4156e-09
4.6300e+03,3.0843e-09
4.6400e+03,2.7491e-09
4.6500e+03,2.8109e-09
4.6600e+03,2.8592e-09
4.6700e+03,2.7542e-09
4.6800e+03,2.9441e-09
4.6900e+03,2.8314e-09
4.7000e+03,2.7836e-09
4.7100e+03,2.9137e-09
4.7200e+03,3.0167e-09
4.7300e+03,3.0323e-09
4.7400e+03,3.1903e-09
4.7500e+03,3.2282e-09
4.7600e+03,3.1754e-09
4.7700e+03,3.3175e-09
4.7800e+03,3.3621e-09
4.7900e+03,3.3617e-09
4.8000e+03,3.4234e-09
4.8100e+03,3.5116e-09
4.8200e+03,3.4712e-09
4.8300e+03,3.3214e-09
4.8400e+03,3.3315e-09
4.8500e+03,3.1352e-09
4.8600e+03,2.9910e-09
4.8700e+03,2.9810e-09
4.8800e+03,3.0225e-09
4.8900e+03,3.0856e-09
4.9000e+03,3.2981e-09
4.9100e+03,3.1693e-09
4.9200e+03,3.1510e-09
4.9300e+03,3.2201e-09
4.9400e+03,3.4751e-09
4.9500e+03,3.5769e-09
4.9600e+03,3.4675e-09
4.9700e+03,3.3734e-09
4.9800e+03,3.3226e-09
4.9900e+03,3.2249e-09
5.0000e+03,3.1399e-09
5.0100e+03,2.9399e-09
5.0200e+03,3.0430e-09
5.0300e+03,3.1584e-09
5.0400e+03,3.1910e-09
5.0500e+03,3.3362e-09
5.0600e+03,3.4131e-09
5.0700e+03,3.2819e-09
5.0800e+03,3.1866e-09
5.0900e+03,3.2067e-09
5.1000e+03,3.1848e-09
5.1100e+03,3.1587e-09
5.1200e+03,3.1306e-09
5.1300e+03,3.0470e-09
5.1400e+03,3.0310e-09
5.1500e+03,2.9639e-09
5.1600e+03,2.8062e-09
5.1700e+03,2.5194e-09
5.1800e+03,2.6709e-09
5.1900e+03,2.9745e-09
5.2000e+03,2.9795e-09
5.2100e+03,2.9808e-09
5.2200e+03,3.0976e-09
5.2300e+03,3.2021e-09
5.2400e+03,3.3758e-09
5.2500e+03,3.3835e-09
5.2600e+03,3.0808e-09
5.2700e+03,3.0047e-09
5.2800e+03,3.4450e-09
5.2900e+03,3.5790e-09
5.3000e+03,3.6896e-09
5.3100e+03,3.8570e-09
5.3200e+03,3.6060e-09
5.3300e+03,3.4464e-09
5.3400e+03,3.6067e-09
5.3500e+03,3.8012e-09
5.3600e+03,3.8373e-09
5.3700e+03,3.6648e-09
5.3800e+03,3.7064e-09
5.3900e+03,3.6140e-09
5.4000e+03,3.3260e-09
5.4100e+03,3.5542e-09
5.4200e+03,3.7903e-09
5.4300e+03,3.6659e-09
5.4400e+03,3.6005e-09
5.4500e+03,3.7450e-09
5.4600e+03,3.7870e-09
5.4700e+03,3.6306e-09
5.4800e+03,3.6122e-09
5.4900e+03,3.6289e-09
5.5000e+03,3.7100e-09
5.5100e+03,3.6307e-09
5.5200e+03,3.6761e-09
5.5300e+03,3.6812e-09
5.5400e+03,3.7257e-09
5.5500e+03,3.9361e-09
5.5600e+03,3.8935e-09
5.5700e+03,3.8220e-09
5.5800e+03,3.8187e-09
5.5900e+03,3.6343e-09
5.6000e+03,3.6178e-09
5.6100e+03,3.8347e-09
5.6200e+03,3.7611e-09
5.6300e+03,3.7129e-09
5.6400e+03,3.7662e-09
5.6500e+03,3.7633e-09
5.6600e+03,3.8333e-09
5.6700e+03,3.7749e-09
5.6800e+03,3.9168e-09
5.6900e+03,3.9168e-09
5.7000e+03,3.8997e-09
5.7100e+03,3.7359e-09
5.7200e+03,3.9471e-09
5.7300e+03,4.0758e-09
5.7400e+03,4.0580e-09
5.7600e+03,3.9763e-09
5.7800e+03,3.9755e-09
5.8000e+03,4.1962e-09
5.8200e+03,4.2593e-09
5.8400e+03,4.2564e-09
5.8600e+03,4.0135e-09
5.8800e+03,3.6128e-09
5.9000e+03,3.6972e-09
5.9200e+03,4.0817e-09
5.9400e+03,4.0795e-09
5.9600e+03,4.1364e-09
5.9800e+03,4.0780e-09
6.0000e+03,3.9890e-09
6.0200e+03,4.0882e-09
6.0400e+03,4.3114e-09
6.0600e+03,4.2677e-09
6.0800e+03,4.3151e-09
6.1000e+03,4.2119e-09
6.1200e+03,4.1754e-09
6.1400e+03,3.9329e-09
6.1600e+03,3.9631e-09
6.1800e+03,3.9755e-09
6.2000e+03,3.9675e-09
6.2200e+03,3.8730e-09
6.2400e+03,3.7509e-09
6.2600e+03,3.7352e-09
6.2800e+03,3.8413e-09
6.3000e+03,3.8621e-09
6.3200e+03,3.8738e-09
6.3400e+03,3.8574e-09
6.3600e+03,3.9380e-09
6.3800e+03,4.0689e-09
6.4000e+03,4.0846e-09
6.4200e+03,4.1615e-09
6.4400e+03,4.1036e-09
6.4600e+03,4.0700e-09
6.4800e+03,3.9868e-09
6.5000e+03,3.8938e-09
6.5200e+03,4.0871e-09
6.5400e+03,3.9609e-09
6.5600e+03,3.8953e-09
6.5800e+03,4.0335e-09
6.6000e+03,4.0602e-09
6.6200e+03,4.0127e-09
6.6400e+03,3.9609e-09
6.6600e+03,3.8895e-09
6.6800e+03,3.9686e-09
6.7000e+03,3.9175e-09
6.7200e+03,3.9143e-09
6.7400e+03,3.9496e-09
6.7600e+03,4.0988e-09
6.7800e+03,4.0602e-09
6.8000e+03,4.1546e-09
6.8200e+03,4.1254e-09
6.8400e+03,4.2509e-09
6.8600e+03,4.0113e-09
6.8800e+03,4.0324e-09
6.9000e+03,4.1539e-09
6.9200e+03,4.0882e-09
6.9400e+03,3.8709e-09
6.9600e+03,3.8417e-09
6.9800e+03,3.7651e-09
7.0000e+03,3.6502e-09
7.0200e+03,3.7490e-09
7.0400e+03,3.8223e-09
7.0600e+03,3.7873e-09
7.0800e+03,3.7148e-09
7.1000e+03,3.6673e-09
7.1200e+03,3.7060e-09
7.1400e+03,3.6460e-09
7.1600e+03,3.7319e-09
7.1800e+03,3.6790e-09
7.2000e+03,3.7399e-09
7.2200e+03,3.7727e-09
7.2400e+03,3.7031e-09
7.2600e+03,3.5983e-09
7.2800e+03,3.6037e-09
7.3000e+03,3.6341e-09
7.3200e+03,3.6600e-09
7.3400e+03,3.6049e-09
7.3600e+03,3.6243e-09
7.3800e+03,3.6801e-09
7.4000e+03,3.6644e-09
7.4200e+03,3.6710e-09
7.4400e+03,3.6816e-09
7.4600e+03,3.7396e-09
7.4800e+03,3.8092e-09
7.5000e+03,3.8442e-09
7.5200e+03,4.0244e-09
7.5400e+03,4.1597e-09
7.5600e+03,4.2779e-09
7.5800e+03,3.8373e-09
7.6000e+03,3.3779e-09
7.6200e+03,4.4924e-09
7.6400e+03,4.1925e-09
7.6600e+03,4.0514e-09
7.6800e+03,3.5531e-09
7.7000e+03,3.7239e-09
7.7200e+03,3.7830e-09
7.7400e+03,3.8585e-09
7.7600e+03,3.9402e-09
7.7800e+03,3.9015e-09
7.8000e+03,3.8814e-09
7.8200e+03,3.9110e-09
7.8400e+03,3.9234e-09
7.8600e+03,3.8154e-09
7.8800e+03,3.6564e-09
7.9000e+03,3.5094e-09
7.9200e+03,3.4225e-09
7.9400e+03,3.4565e-09
7.9600e+03,3.5339e-09
7.9800e+03,3.5425e-09
8.0000e+03,3.5787e-09
8.0200e+03,3.5331e-09
8.0400e+03,3.5499e-09
8.0600e+03,3.5290e-09
8.0800e+03,3.3087e-09
8.1000e+03,3.2534e-09
8.1200e+03,3.4045e-09
8.1400e+03,3.3894e-09
8.1600e+03,3.2308e-09
8.1800e+03,3.2798e-09
8.2000e+03,3.5965e-09
8.2200e+03,3.4884e-09
8.2400e+03,3.5141e-09
8.2600e+03,3.5508e-09
8.2800e+03,3.5305e-09
8.3000e+03,3.3375e-09
8.3200e+03,3.2396e-09
8.3400e+03,3.2592e-09
8.3600e+03,3.3359e-09
8.3800e+03,3.2995e-09
8.4000e+03,3.3657e-09
8.4200e+03,3.4235e-09
8.4400e+03,3.4323e-09
8.4600e+03,3.3446e-09
8.4800e+03,3.4495e-09
8.5000e+03,3.3716e-09
8.5200e+03,3.1828e-09
8.5400e+03,3.1281e-09
8.5600e+03,3.5371e-09
8.5800e+03,3.5388e-09
8.6000e+03,3.6216e-09
8.6200e+03,3.6168e-09
8.6400e+03,3.2900e-09
8.6600e+03,3.2482e-09
8.6800e+03,3.4149e-09
8.7000e+03,3.4507e-09
8.7200e+03,3.5417e-09
8.7400e+03,3.2924e-09
8.7600e+03,3.5296e-09
8.7800e+03,3.3462e-09
8.8000e+03,3.4042e-09
8.8200e+03,3.3616e-09
8.8400e+03,3.4048e-09
8.8600e+03,3.3824e-09
8.8800e+03,3.3657e-09
8.9000e+03,3.3618e-09
8.9200e+03,3.4531e-09
8.9400e+03,3.3986e-09
8.9600e+03,3.4417e-09
8.9800e+03,3.4526e-09
9.0000e+03,3.3040e-09
9.0200e+03,3.4590e-09
9.0400e+03,3.6356e-09
9.0600e+03,3.3771e-09
9.0800e+03,3.2812e-09
9.1000e+03,3.2009e-09
9.1200e+03,3.2846e-09
9.1400e+03,2.9639e-09
9.1600e+03,2.8649e-09
9.1800e+03,2.9064e-09
9.2000e+03,3.0293e-09
9.2200e+03,3.1117e-09
9.2400e+03,3.0188e-09
9.2600e+03,3.0096e-09
9.2800e+03,3.4164e-09
9.3000e+03,3.4455e-09
9.3200e+03,3.3576e-09
9.3400e+03,3.5995e-09
9.3600e+03,3.2782e-09
9.3800e+03,3.3794e-09
9.4000e+03,3.5173e-09
9.4200e+03,2.7226e-09
9.4400e+03,2.6900e-09
9.4600e+03,3.0863e-09
9.4800e+03,3.0076e-09
9.5000e+03,3.0665e-09
9.5200e+03,3.3064e-09
9.5400e+03,3.1777e-09
9.5600e+03,3.1012e-09
9.5800e+03,3.0204e-09
9.6000e+03,2.8738e-09
9.6200e+03,2.9016e-09
9.6400e+03,2.8548e-09
9.6600e+03,2.8204e-09
9.6800e+03,2.9880e-09
9.7000e+03,2.7073e-09
9.7200e+03,2.6761e-09
9.7400e+03,2.7742e-09
9.7600e+03,2.7885e-09
9.7800e+03,2.7608e-09
9.8000e+03,2.8631e-09
9.8200e+03,2.8699e-09
9.8400e+03,2.8249e-09
9.8600e+03,2.7689e-09
9.8800e+03,2.7816e-09
9.9000e+03,2.7965e-09
9.9200e+03,2.7456e-09
9.9400e+03,2.7932e-09
9.9600e+03,2.8335e-09
9.9800e+03,2.8233e-09
1.0000e+04,2.8354e-09
1.0020e+04,2.8695e-09
1.0040e+04,2.7908e-09
1.0060e+04,2.8434e-09
1.0080e+04,2.8704e-09
1.0100e+04,2.8166e-09
1.0120e+04,2.8196e-09
1.0140e+04,2.7771e-09
1.0160e+04,2.8469e-09
1.0180e+04,2.8272e-09
1.0200e+04,2.7039e-09
1.0220e+04,2.7125e-09
1.0240e+04,2.8048e-09
1.0260e+04,2.7495e-09
1.0280e+04,2.7419e-09
1.0300e+04,2.6726e-09
1.0320e+04,2.6999e-09
1.0340e+04,2.7144e-09
1.0360e+04,2.7360e-09
1.0380e+04,2.6749e-09
1.0400e+04,2.7603e-09
1.0420e+04,2.7651e-09
1.0440e+04,2.7932e-09
1.0460e+04,2.7165e-09
1.0480e+04,2.7831e-09
1.0500e+04,2.8118e-09
1.0520e+04,2.7821e-09
1.0540e+04,2.6775e-09
1.0560e+04,2.8129e-09
1.0580e+04,2.6065e-09
1.0600e+04,2.6922e-09
1.0800e+04,2.6020e-09
1.1000e+04,2.4946e-09
1.1200e+04,2.3777e-09
1.1400e+04,2.2582e-09
1.1600e+04,2.1415e-09
1.1800e+04,2.0326e-09
1.2000e+04,1.9347e-09
1.2200e+04,1.8511e-09
1.2400e+04,1.7842e-09
1.2600e+04,1.7376e-09
1.2800e+04,1.6934e-09
1.3000e+04,1.6512e-09
1.3200e+04,1.6107e-09
1.3400e+04,1.5729e-09
1.3600e+04,1.5412e-09
1.3800e+04,1.5014e-09
1.4000e+04,1.4660e-09
1.4200e+04,1.4281e-09
1.4400e+04,1.3945e-09
1.4600e+04,1.3628e-09
1.4800e+04,1.3311e-09
1.5000e+04,1.3143e-09
1.5200e+04,1.2994e-09
1.5400e+04,1.2826e-09
1.5600e+04,1.2621e-09
1.5800e+04,1.2454e-09
1.6000e+04,1.2242e-09
1.6200e+04,1.2050e-09
1.6400e+04,1.1776e-09
1.6600e+04,1.1360e-09
1.6800e+04,1.0987e-09
1.7000e+04,1.0633e-09
1.7200e+04,1.0261e-09
1.7400e+04,9.9319e-10
1.7600e+04,9.5778e-10
1.7800e+04,9.2046e-10
1.8000e+04,8.8509e-10
1.8200e+04,8.5587e-10
1.8400e+04,8.2921e-10
1.8600e+04,7.9817e-10
1.8800e+04,7.6892e-10
1.9000e+04,7.4412e-10
1.9200e+04,7.2110e-10
1.9400e+04,6.9193e-10
1.9600e+04,6.6800e-10
1.9800e+04,6.4407e-10
2.0000e+04,6.2018e-10
2.0200e+04,5.9626e-10
2.0400e+04,5.7638e-10
2.0600e+04,5.5865e-10
2.0800e+04,5.4096e-10
2.1000e+04,5.2178e-10
2.1200e+04,5.0683e-10
2.1400e+04,4.9129e-10
2.1600e+04,4.7579e-10
2.1800e+04,4.6025e-10
2.2000e+04,4.4566e-10
2.2200e+04,4.3104e-10
2.2400e+04,4.1645e-10
2.2600e+04,4.0310e-10
2.2800e+04,3.8610e-10
2.3000e+04,3.6710e-10
2.3200e+04,3.4791e-10
2.3400e+04,3.3146e-10
2.3600e+04,3.1649e-10
2.3800e+04,3.0314e-10
2.4000e+04,2.9163e-10
2.4200e+04,2.8251e-10
2.4400e+04,2.7482e-10
2.4600e+04,2.6816e-10
2.4800e+04,2.6301e-10
2.5000e+04,2.5698e-10
2.5200e+04,2.5003e-10
2.5400e+04,2.4419e-10
2.5600e+04,2.3915e-10
