# wavelength, f_lambda
2.2900e+02,0.0000e+00
2.3400e+02,0.0000e+00
2.4300e+02,0.0000e+00
2.5200e+02,0.0000e+00
2.5600e+02,0.0000e+00
2.6000e+02,0.0000e+00
2.6600e+02,0.0000e+00
2.7500e+02,0.0000e+00
2.8300e+02,0.0000e+00
2.9300e+02,0.0000e+00
3.0100e+02,0.0000e+00
3.0900e+02,0.0000e+00
3.2500e+02,0.0000e+00
3.4200e+02,0.0000e+00
3.5100e+02,0.0000e+00
3.5600e+02,0.0000e+00
3.6500e+02,0.0000e+00
3.7500e+02,0.0000e+00
3.8400e+02,0.0000e+00
4.0000e+02,0.0000e+00
4.1500e+02,0.0000e+00
4.2500e+02,0.0000e+00
4.4500e+02,0.0000e+00
4.7200e+02,0.0000e+00
4.9400e+02,0.0000e+00
5.0600e+02,0.0000e+00
5.1600e+02,0.0000e+00
5.4000e+02,0.0000e+00
5.6400e+02,0.0000e+00
5.8700e+02,0.0000e+00
6.1200e+02,0.0000e+00
6.4000e+02,0.0000e+00
6.7100e+02,0.0000e+00
7.0500e+02,0.0000e+00
7.3600e+02,0.0000e+00
7.7000e+02,0.0000e+00
8.1000e+02,0.0000e+00
8.5000e+02,0.0000e+00
8.9000e+02,0.0000e+00
9.2000e+02,0.0000e+00
9.4000e+02,0.0000e+00
9.6200e+02,0.0000e+00
9.8700e+02,0.0000e+00
1.0120e+03,0.0000e+00
1.0370e+03,0.0000e+00
1.0620e+03,0.0000e+00
1.0870e+03,0.0000e+00
1.1120e+03,0.0000e+00
1.1200e+03,0.0000e+00
1.1400e+03,0.0000e+00
1.1600e+03,0.0000e+00
1.1800e+03,0.0000e+00
1.2000e+03,0.0000e+00
1.2200e+03,0.0000e+00
1.2400e+03,0.0000e+00
1.2600e+03,0.0000e+00
1.2800e+03,0.0000e+00
1.3000e+03,0.0000e+00
1.3200e+03,0.0000e+00
1.3400e+03,0.0000e+00
1.3600e+03,0.0000e+00
1.3800e+03,0.0000e+00
1.4000e+03,0.0000e+00
1.4200e+03,0.0000e+00
1.4400e+03,0.0000e+00
1.4600e+03,0.0000e+00
1.4800e+03,0.0000e+00
1.5000e+03,0.0000e+00
1.5200e+03,0.0000e+00
1.5400e+03,0.0000e+00
1.5600e+03,0.0000e+00
1.5800e+03,0.0000e+00
1.6000e+03,0.0000e+00
1.6200e+03,0.0000e+00
1.6400e+03,0.0000e+00
1.6600e+03,0.0000e+00
1.6800e+03,0.0000e+00
1.7000e+03,0.0000e+00
1.7200e+03,0.0000e+00
1.7400e+03,0.0000e+00
1.7600e+03,0.0000e+00
1.7800e+03,0.0000e+00
1.8000e+03,0.0000e+00
1.8200e+03,0.0000e+00
1.8400e+03,0.0000e+00
1.8600e+03,0.0000e+00
1.8800e+03,0.0000e+00
1.9000e+03,0.0000e+00
1.9200e+03,0.0000e+00
1.9400e+03,0.0000e+00
1.9600e+03,0.0000e+00
1.9800e+03,0.0000e+00
2.0000e+03,9.7954e-12
2.0025e+03,1.0343e-11
2.0050e+03,1.2837e-11
2.0075e+03,1.3711e-11
2.0100e+03,1.4168e-11
2.0125e+03,1.4280e-11
2.0150e+03,1.4337e-11
2.0175e+03,1.4101e-11
2.0200e+03,1.4018e-11
2.0225e+03,1.4055e-11
2.0250e+03,1.4051e-11
2.0275e+03,1.4044e-11
2.0300e+03,1.4639e-11
2.0325e+03,1.5558e-11
2.0350e+03,1.7098e-11
2.0375e+03,1.8101e-11
2.0400e+03,1.8744e-11
2.0425e+03,1.9179e-11
2.0450e+03,1.9423e-11
2.0475e+03,1.9799e-11
2.0500e+03,2.0089e-11
2.0525e+03,2.0171e-11
2.0550e+03,2.0180e-11
2.0575e+03,1.9954e-11
2.0600e+03,2.0265e-11
2.0625e+03,2.0902e-11
2.0650e+03,2.2105e-11
2.0675e+03,2.3308e-11
2.0700e+03,2.3831e-11
2.0725e+03,2.4507e-11
2.0750e+03,2.5506e-11
2.0775e+03,2.6812e-11
2.0800e+03,2.8263e-11
2.0825e+03,3.0121e-11
2.0850e+03,3.2251e-11
2.0875e+03,3.2107e-11
2.0900e+03,3.2310e-11
2.0925e+03,3.3036e-11
2.0950e+03,3.3570e-11
2.0975e+03,3.3699e-11
2.1000e+03,3.3829e-11
2.1025e+03,3.3309e-11
2.1050e+03,3.6703e-11
2.1075e+03,3.5476e-11
2.1100e+03,3.4664e-11
2.1125e+03,3.7374e-11
2.1150e+03,4.1337e-11
2.1175e+03,4.7059e-11
2.1200e+03,4.6155e-11
2.1225e+03,3.6611e-11
2.1250e+03,3.3360e-11
2.1275e+03,3.8311e-11
2.1300e+03,3.9602e-11
2.1325e+03,3.8427e-11
2.1350e+03,3.9186e-11
2.1375e+03,4.1155e-11
2.1400e+03,4.5877e-11
2.1425e+03,5.3039e-11
2.1450e+03,5.3685e-11
2.1475e+03,4.9163e-11
2.1500e+03,4.8186e-11
2.1525e+03,4.9626e-11
2.1550e+03,4.7402e-11
2.1575e+03,4.1093e-11
2.1600e+03,4.2100e-11
2.1625e+03,4.6505e-11
2.1650e+03,4.2045e-11
2.1675e+03,3.7676e-11
2.1700e+03,4.0608e-11
2.1725e+03,4.2563e-11
2.1750e+03,4.1130e-11
2.1775e+03,4.6494e-11
2.1800e+03,5.8130e-11
2.1825e+03,6.1361e-11
2.1850e+03,5.4359e-11
2.1875e+03,4.8849e-11
2.1900e+03,5.2208e-11
2.1925e+03,5.8724e-11
2.1950e+03,5.9683e-11
2.1975e+03,5.8783e-11
2.2000e+03,6.0566e-11
2.2025e+03,6.5350e-11
2.2050e+03,6.3064e-11
2.2075e+03,5.0042e-11
2.2100e+03,4.2719e-11
2.2125e+03,4.6297e-11
2.2150e+03,4.7599e-11
2.2175e+03,4.8452e-11
2.2200e+03,5.7324e-11
2.2225e+03,6.2630e-11
2.2250e+03,6.0351e-11
2.2275e+03,5.9778e-11
2.2300e+03,6.5645e-11
2.2325e+03,7.8912e-11
2.2350e+03,8.5917e-11
2.2375e+03,7.9302e-11
2.2400e+03,7.1706e-11
2.2425e+03,6.6247e-11
2.2450e+03,6.8059e-11
2.2475e+03,7.2982e-11
2.2500e+03,6.9489e-11
2.2525e+03,6.4387e-11
2.2550e+03,6.1846e-11
2.2575e+03,6.0274e-11
2.2600e+03,5.8137e-11
2.2625e+03,5.3408e-11
2.2650e+03,4.6381e-11
2.2675e+03,4.0914e-11
2.2700e+03,3.9675e-11
2.2725e+03,4.2256e-11
2.2750e+03,4.6439e-11
2.2775e+03,5.1810e-11
2.2800e+03,6.0245e-11
2.2825e+03,6.6218e-11
2.2850e+03,6.4139e-11
2.2875e+03,5.8487e-11
2.2900e+03,5.5942e-11
2.2925e+03,5.8174e-11
2.2950e+03,5.8695e-11
2.2975e+03,5.2120e-11
2.3000e+03,4.9134e-11
2.3025e+03,5.6106e-11
2.3050e+03,6.8205e-11
2.3075e+03,7.0404e-11
2.3100e+03,5.6584e-11
2.3125e+03,5.0862e-11
2.3150e+03,5.9530e-11
2.3175e+03,6.1503e-11
2.3200e+03,5.8815e-11
2.3225e+03,6.4435e-11
2.3250e+03,6.4070e-11
2.3275e+03,5.8691e-11
2.3300e+03,5.5752e-11
2.3325e+03,5.3130e-11
2.3350e+03,5.3721e-11
2.3375e+03,5.0053e-11
2.3400e+03,4.7431e-11
2.3425e+03,4.4156e-11
2.3450e+03,3.9547e-11
2.3475e+03,4.4298e-11
2.3500e+03,5.6325e-11
2.3525e+03,6.4449e-11
2.3550e+03,6.5693e-11
2.3575e+03,6.1456e-11
2.3600e+03,5.4801e-11
2.3625e+03,5.3998e-11
2.3650e+03,5.3185e-11
2.3675e+03,5.4695e-11
2.3700e+03,6.2043e-11
2.3725e+03,6.0996e-11
2.3750e+03,5.7678e-11
2.3775e+03,5.6328e-11
2.3800e+03,4.6271e-11
2.3825e+03,4.0816e-11
2.3850e+03,4.7044e-11
2.3875e+03,5.1971e-11
2.3900e+03,5.6850e-11
2.3925e+03,5.7003e-11
2.3950e+03,4.8255e-11
2.3975e+03,4.5586e-11
2.4000e+03,5.0246e-11
2.4025e+03,5.1497e-11
2.4050e+03,4.2869e-11
2.4075e+03,4.5633e-11
2.4100e+03,4.5181e-11
2.4125e+03,4.5987e-11
2.4150e+03,5.6449e-11
2.4175e+03,6.8767e-11
2.4200e+03,7.8459e-11
2.4225e+03,8.0137e-11
2.4250e+03,7.7672e-11
2.4275e+03,8.1256e-11
2.4300e+03,7.8872e-11
2.4325e+03,7.4065e-11
2.4350e+03,6.9110e-11
2.4375e+03,7.0247e-11
2.4400e+03,7.3887e-11
2.4425e+03,7.6177e-11
2.4450e+03,7.0488e-11
2.4475e+03,6.2604e-11
2.4500e+03,5.7149e-11
2.4525e+03,5.4538e-11
2.4550e+03,5.5530e-11
2.4575e+03,5.7670e-11
2.4600e+03,5.5081e-11
2.4625e+03,5.1402e-11
2.4650e+03,5.5406e-11
2.4675e+03,6.0693e-11
2.4700e+03,6.2524e-11
2.4725e+03,6.2342e-11
2.4750e+03,6.5525e-11
2.4775e+03,6.2024e-11
2.4800e+03,5.7251e-11
2.4825e+03,5.1128e-11
2.4850e+03,5.0002e-11
2.4875e+03,4.8153e-11
2.4900e+03,4.2198e-11
2.4925e+03,5.4921e-11
2.4950e+03,7.0601e-11
2.4975e+03,7.3256e-11
2.5000e+03,6.9245e-11
2.5025e+03,6.7677e-11
2.5050e+03,6.1981e-11
2.5075e+03,6.0321e-11
2.5100e+03,6.3045e-11
2.5125e+03,5.4589e-11
2.5150e+03,4.5491e-11
2.5175e+03,4.5371e-11
2.5200e+03,4.9458e-11
2.5225e+03,4.7245e-11
2.5250e+03,4.7526e-11
2.5275e+03,4.6625e-11
2.5300e+03,5.1070e-11
2.5325e+03,5.9785e-11
2.5350e+03,6.0143e-11
2.5375e+03,6.0281e-11
2.5400e+03,6.2699e-11
2.5425e+03,6.6087e-11
2.5450e+03,6.7593e-11
2.5475e+03,6.3487e-11
2.5500e+03,7.0674e-11
2.5525e+03,8.8972e-11
2.5550e+03,9.3239e-11
2.5575e+03,9.4388e-11
2.5600e+03,9.9259e-11
2.5625e+03,9.0982e-11
2.5650e+03,1.0203e-10
2.5675e+03,1.2693e-10
2.5700e+03,1.4163e-10
2.5725e+03,1.4298e-10
2.5750e+03,1.1645e-10
2.5775e+03,1.2187e-10
2.5800e+03,1.6250e-10
2.5825e+03,1.5338e-10
2.5850e+03,1.1108e-10
2.5875e+03,1.2545e-10
2.5900e+03,1.5526e-10
2.5925e+03,1.2902e-10
2.5950e+03,1.1237e-10
2.5975e+03,8.9027e-11
2.6000e+03,8.2091e-11
2.6025e+03,1.1142e-10
2.6050e+03,1.0096e-10
2.6075e+03,8.8436e-11
2.6100e+03,9.3461e-11
2.6125e+03,8.1946e-11
2.6150e+03,9.6926e-11
2.6175e+03,1.1285e-10
2.6200e+03,1.2147e-10
2.6225e+03,1.2863e-10
2.6250e+03,1.2124e-10
2.6275e+03,1.0469e-10
2.6300e+03,9.3720e-11
2.6325e+03,1.0991e-10
2.6350e+03,1.6321e-10
2.6375e+03,2.2495e-10
2.6400e+03,2.6493e-10
2.6425e+03,2.8499e-10
2.6450e+03,2.8773e-10
2.6475e+03,2.3815e-10
2.6500e+03,2.1431e-10
2.6525e+03,2.5086e-10
2.6550e+03,2.9142e-10
2.6575e+03,2.8864e-10
2.6600e+03,2.6796e-10
2.6625e+03,2.4659e-10
2.6650e+03,2.4766e-10
2.6675e+03,2.5196e-10
2.6700e+03,2.5124e-10
2.6725e+03,2.5315e-10
2.6750e+03,2.8046e-10
2.6775e+03,2.5707e-10
2.6800e+03,2.4794e-10
2.6825e+03,2.5469e-10
2.6850e+03,2.5741e-10
2.6875e+03,2.4560e-10
2.6900e+03,2.3285e-10
2.6925e+03,2.4549e-10
2.6950e+03,2.3077e-10
2.6975e+03,2.4103e-10
2.7000e+03,2.7880e-10
2.7025e+03,2.9277e-10
2.7050e+03,2.9261e-10
2.7075e+03,2.7006e-10
2.7100e+03,2.5996e-10
2.7125e+03,2.5785e-10
2.7150e+03,2.3351e-10
2.7175e+03,1.9146e-10
2.7200e+03,1.5904e-10
2.7225e+03,1.8072e-10
2.7250e+03,1.9768e-10
2.7275e+03,2.3395e-10
2.7300e+03,2.6434e-10
2.7325e+03,2.3063e-10
2.7350e+03,1.9000e-10
2.7375e+03,1.5989e-10
2.7400e+03,1.4027e-10
2.7425e+03,1.3053e-10
2.7450e+03,1.3399e-10
2.7475e+03,1.2856e-10
2.7500e+03,1.4737e-10
2.7525e+03,1.8117e-10
2.7550e+03,1.6671e-10
2.7575e+03,2.1355e-10
2.7600e+03,2.4858e-10
2.7625e+03,2.4214e-10
2.7650e+03,2.6030e-10
2.7675e+03,2.4687e-10
2.7700e+03,2.4561e-10
2.7725e+03,2.6132e-10
2.7750e+03,2.4586e-10
2.7775e+03,2.0310e-10
2.7800e+03,1.7412e-10
2.7825e+03,1.6917e-10
2.7850e+03,1.7039e-10
2.7875e+03,1.5201e-10
2.7900e+03,1.1681e-10
2.7925e+03,9.1791e-11
2.7950e+03,8.1596e-11
2.7975e+03,7.6414e-11
2.8000e+03,7.8952e-11
2.8025e+03,8.3754e-11
2.8050e+03,9.6926e-11
2.8075e+03,1.3293e-10
2.8100e+03,1.6390e-10
2.8125e+03,1.9266e-10
2.8150e+03,2.2747e-10
2.8175e+03,2.4948e-10
2.8200e+03,2.7144e-10
2.8225e+03,2.8876e-10
2.8250e+03,2.9660e-10
2.8275e+03,2.9746e-10
2.8300e+03,3.2413e-10
2.8325e+03,3.2834e-10
2.8350e+03,3.0542e-10
2.8375e+03,3.0604e-10
2.8400e+03,3.1830e-10
2.8425e+03,2.8506e-10
2.8450e+03,2.4852e-10
2.8475e+03,1.8507e-10
2.8500e+03,1.0923e-10
2.8525e+03,9.2641e-11
2.8550e+03,1.4307e-10
2.8575e+03,2.1996e-10
2.8600e+03,2.9830e-10
2.8625e+03,3.3466e-10
2.8650e+03,3.4545e-10
2.8675e+03,3.2699e-10
2.8700e+03,3.4684e-10
2.8725e+03,3.8515e-10
2.8750e+03,3.5376e-10
2.8775e+03,3.1118e-10
2.8800e+03,2.2102e-10
2.8825e+03,2.3624e-10
2.8850e+03,3.5538e-10
2.8875e+03,3.9215e-10
2.8900e+03,3.9106e-10
2.8925e+03,4.0433e-10
2.8950e+03,4.5662e-10
2.8975e+03,5.1796e-10
2.9000e+03,5.7215e-10
2.9025e+03,5.9968e-10
2.9050e+03,5.9720e-10
2.9075e+03,5.5738e-10
2.9100e+03,5.6059e-10
2.9125e+03,5.8236e-10
2.9150e+03,5.4089e-10
2.9175e+03,5.2704e-10
2.9200e+03,5.3692e-10
2.9225e+03,4.9692e-10
2.9250e+03,4.5020e-10
2.9275e+03,4.6023e-10
2.9300e+03,5.4720e-10
2.9325e+03,5.8921e-10
2.9350e+03,5.2576e-10
2.9375e+03,4.4528e-10
2.9400e+03,4.7449e-10
2.9425e+03,5.1814e-10
2.9450e+03,5.1468e-10
2.9475e+03,4.3988e-10
2.9500e+03,4.7956e-10
2.9525e+03,5.3575e-10
2.9550e+03,5.2583e-10
2.9575e+03,5.5114e-10
2.9600e+03,5.7794e-10
2.9625e+03,5.7350e-10
2.9650e+03,4.5338e-10
2.9675e+03,3.7450e-10
2.9700e+03,4.0039e-10
2.9725e+03,4.3799e-10
2.9750e+03,5.3721e-10
2.9775e+03,6.2043e-10
2.9800e+03,5.2015e-10
2.9825e+03,3.7064e-10
2.9850e+03,3.3050e-10
2.9875e+03,4.3431e-10
2.9900e+03,5.4749e-10
2.9925e+03,4.9973e-10
2.9950e+03,4.4816e-10
2.9975e+03,4.7664e-10
3.0000e+03,3.3564e-10
3.0025e+03,3.4983e-10
3.0050e+03,4.2005e-10
3.0075e+03,3.9339e-10
3.0100e+03,4.4594e-10
3.0125e+03,4.9396e-10
3.0150e+03,4.7682e-10
3.0175e+03,3.7589e-10
3.0200e+03,2.9344e-10
3.0225e+03,3.9744e-10
3.0250e+03,4.8153e-10
3.0275e+03,5.6536e-10
3.0300e+03,5.8852e-10
3.0325e+03,6.2779e-10
3.0350e+03,6.1977e-10
3.0375e+03,5.1836e-10
3.0400e+03,5.0487e-10
3.0425e+03,5.4691e-10
3.0450e+03,5.8604e-10
3.0475e+03,5.2915e-10
3.0500e+03,6.0693e-10
3.0525e+03,6.3224e-10
3.0550e+03,5.2507e-10
3.0575e+03,4.1232e-10
3.0600e+03,4.7270e-10
3.0625e+03,5.4046e-10
3.0650e+03,4.7628e-10
3.0675e+03,5.0862e-10
3.0700e+03,5.8104e-10
3.0725e+03,5.5836e-10
3.0750e+03,5.4622e-10
3.0775e+03,5.6157e-10
3.0800e+03,5.3852e-10
3.0825e+03,5.3583e-10
3.0850e+03,5.9264e-10
3.0875e+03,5.3805e-10
3.0900e+03,4.5764e-10
3.0925e+03,3.9820e-10
3.0950e+03,4.2712e-10
3.0975e+03,4.1049e-10
3.1000e+03,4.0827e-10
3.1025e+03,4.4984e-10
3.1050e+03,4.9181e-10
3.1075e+03,5.3444e-10
3.1100e+03,5.7663e-10
3.1125e+03,6.1029e-10
3.1150e+03,6.1011e-10
3.1175e+03,5.9676e-10
3.1200e+03,5.7463e-10
3.1225e+03,5.6697e-10
3.1250e+03,5.6591e-10
3.1275e+03,5.7473e-10
3.1300e+03,5.8276e-10
3.1325e+03,5.8928e-10
3.1350e+03,5.9060e-10
3.1375e+03,5.9264e-10
3.1400e+03,5.9512e-10
3.1425e+03,5.8597e-10
3.1450e+03,5.8495e-10
3.1475e+03,5.9610e-10
3.1500e+03,6.0179e-10
3.1525e+03,6.0453e-10
3.1550e+03,6.0084e-10
3.1575e+03,5.7484e-10
3.1600e+03,5.3389e-10
3.1625e+03,5.2456e-10
3.1650e+03,5.3309e-10
3.1675e+03,5.6839e-10
3.1700e+03,6.2083e-10
3.1725e+03,6.6827e-10
3.1750e+03,6.7841e-10
3.1775e+03,6.6039e-10
3.1800e+03,6.2364e-10
3.1825e+03,5.9399e-10
3.1850e+03,5.8170e-10
3.1875e+03,5.9534e-10
3.1900e+03,6.1149e-10
3.1925e+03,6.2652e-10
3.1950e+03,6.3436e-10
3.1975e+03,6.3487e-10
3.2000e+03,6.3056e-10
3.2025e+03,6.3523e-10
3.2050e+03,6.3986e-10
3.2075e+03,6.4453e-10
3.2100e+03,6.4920e-10
3.2125e+03,6.5387e-10
3.2150e+03,6.5853e-10
3.2175e+03,6.6320e-10
3.2200e+03,6.6787e-10
3.2225e+03,6.5704e-10
3.2250e+03,6.4621e-10
3.2275e+03,6.3538e-10
3.2300e+03,6.2455e-10
3.2325e+03,6.1375e-10
3.2350e+03,6.0292e-10
3.2375e+03,5.9209e-10
3.2400e+03,5.8126e-10
3.2600e+03,7.4882e-10
3.2700e+03,7.6436e-10
3.2800e+03,8.1402e-10
3.2900e+03,8.8757e-10
3.3000e+03,8.4338e-10
3.3100e+03,7.8923e-10
3.3200e+03,7.9473e-10
3.3300e+03,7.9127e-10
3.3400e+03,7.9539e-10
3.3500e+03,7.5973e-10
3.3600e+03,6.7957e-10
3.3700e+03,7.0758e-10
3.3800e+03,8.0888e-10
3.3900e+03,8.8159e-10
3.4000e+03,8.7988e-10
3.4100e+03,8.8119e-10
3.4200e+03,8.6099e-10
3.4300e+03,7.6804e-10
3.4400e+03,7.5232e-10
3.4500e+03,8.1486e-10
3.4600e+03,8.2813e-10
3.4700e+03,8.0312e-10
3.4800e+03,8.2963e-10
3.4900e+03,9.1587e-10
3.5000e+03,9.8574e-10
3.5100e+03,9.5854e-10
3.5200e+03,9.2087e-10
3.5300e+03,1.0108e-09
3.5400e+03,1.0273e-09
3.5500e+03,8.8688e-10
3.5600e+03,7.4219e-10
3.5700e+03,6.5321e-10
3.5800e+03,7.4951e-10
3.5900e+03,9.6189e-10
3.6000e+03,9.7885e-10
3.6100e+03,9.6401e-10
3.6200e+03,1.0645e-09
3.6300e+03,1.1057e-09
3.6400e+03,1.1775e-09
3.6500e+03,1.3433e-09
3.6600e+03,1.3948e-09
3.6700e+03,1.3131e-09
3.6800e+03,1.3003e-09
3.6900e+03,1.3217e-09
3.7000e+03,1.2150e-09
3.7100e+03,1.0738e-09
3.7200e+03,9.4873e-10
3.7300e+03,8.1854e-10
3.7400e+03,8.2919e-10
3.7500e+03,9.8720e-10
3.7600e+03,1.1851e-09
3.7700e+03,1.2685e-09
3.7800e+03,1.1648e-09
3.7900e+03,1.0537e-09
3.8000e+03,1.0052e-09
3.8100e+03,8.0819e-10
3.8200e+03,6.2750e-10
3.8300e+03,6.3942e-10
3.8400e+03,7.1925e-10
3.8500e+03,7.0820e-10
3.8600e+03,7.2158e-10
3.8700e+03,8.5293e-10
3.8800e+03,1.0628e-09
3.8900e+03,1.2765e-09
3.9000e+03,1.3589e-09
3.9100e+03,1.1837e-09
3.9200e+03,8.7966e-10
3.9300e+03,8.8878e-10
3.9400e+03,1.1979e-09
3.9500e+03,1.2046e-09
3.9600e+03,1.0613e-09
3.9700e+03,1.4437e-09
3.9800e+03,1.9558e-09
3.9900e+03,2.1842e-09
4.0000e+03,2.2933e-09
4.0100e+03,2.3500e-09
4.0200e+03,2.2972e-09
4.0300e+03,2.2381e-09
4.0400e+03,2.1855e-09
4.0500e+03,2.1795e-09
4.0600e+03,2.2602e-09
4.0700e+03,2.4540e-09
4.0800e+03,2.5652e-09
4.0900e+03,2.4658e-09
4.1000e+03,2.3905e-09
4.1100e+03,2.3415e-09
4.1200e+03,2.2295e-09
4.1300e+03,2.1778e-09
4.1400e+03,2.2029e-09
4.1500e+03,2.2682e-09
4.1600e+03,2.2503e-09
4.1700e+03,2.2038e-09
4.1800e+03,2.2269e-09
4.1900e+03,2.2769e-09
4.2000e+03,2.4075e-09
4.2100e+03,2.4380e-09
4.2200e+03,2.3842e-09
4.2300e+03,2.4348e-09
4.2400e+03,2.4635e-09
4.2500e+03,2.4206e-09
4.2600e+03,2.3829e-09
4.2700e+03,2.3888e-09
4.2800e+03,2.2681e-09
4.2900e+03,1.9864e-09
4.3000e+03,2.0804e-09
4.3100e+03,2.6497e-09
4.3200e+03,2.9345e-09
4.3300e+03,2.8743e-09
4.3400e+03,2.9240e-09
4.3500e+03,2.9504e-09
4.3600e+03,2.8483e-09
4.3700e+03,2.6285e-09
4.3800e+03,2.5784e-09
4.3900e+03,2.7082e-09
4.4000e+03,2.8357e-09
4.4100e+03,2.9215e-09
4.4200e+03,2.9559e-09
4.4300e+03,3.0421e-09
4.4400e+03,3.0795e-09
4.4500e+03,2.9969e-09
4.4600e+03,3.0932e-09
4.4700e+03,3.3136e-09
4.4800e+03,3.3762e-09
4.4900e+03,3.4602e-09
4.5000e+03,3.5521e-09
4.5100e+03,3.4241e-09
4.5200e+03,3.2608e-09
4.5300e+03,3.3053e-09
4.5400e+03,3.4097e-09
4.5500e+03,3.5066e-09
4.5600e+03,3.5105e-09
4.5700e+03,3.4351e-09
4.5800e+03,3.4022e-09
4.5900e+03,3.4468e-09
4.6000e+03,3.5927e-09
4.6100e+03,3.6954e-09
4.6200e+03,3.6827e-09
4.6300e+03,3.5810e-09
4.6400e+03,3.4934e-09
4.6500e+03,3.4789e-09
4.6600e+03,3.4375e-09
4.6700e+03,3.4670e-09
4.6800e+03,3.4897e-09
4.6900e+03,3.4481e-09
4.7000e+03,3.4977e-09
4.7100e+03,3.5998e-09
4.7200e+03,3.6075e-09
4.7300e+03,3.6369e-09
4.7400e+03,3.6765e-09
4.7500e+03,3.6553e-09
4.7600e+03,3.7064e-09
4.7700e+03,3.7749e-09
4.7800e+03,3.8121e-09
4.7900e+03,3.8548e-09
4.8000e+03,3.8810e-09
4.8100e+03,3.9095e-09
4.8200e+03,3.9157e-09
4.8300e+03,3.9171e-09
4.8400e+03,3.7760e-09
4.8500e+03,3.4978e-09
4.8600e+03,3.4364e-09
4.8700e+03,3.5037e-09
4.8800e+03,3.5709e-09
4.8900e+03,3.6652e-09
4.9000e+03,3.6087e-09
4.9100e+03,3.5025e-09
4.9200e+03,3.5936e-09
4.9300e+03,3.6943e-09
4.9400e+03,3.7399e-09
4.9500e+03,3.7348e-09
4.9600e+03,3.6568e-09
4.9700e+03,3.6034e-09
4.9800e+03,3.5845e-09
4.9900e+03,3.5314e-09
5.0000e+03,3.4432e-09
5.0100e+03,3.4833e-09
5.0200e+03,3.5443e-09
5.0300e+03,3.5333e-09
5.0400e+03,3.5869e-09
5.0500e+03,3.5971e-09
5.0600e+03,3.4560e-09
5.0700e+03,3.3914e-09
5.0800e+03,3.4460e-09
5.0900e+03,3.3982e-09
5.1000e+03,3.3671e-09
5.1100e+03,3.3985e-09
5.1200e+03,3.3391e-09
5.1300e+03,3.2586e-09
5.1400e+03,3.2615e-09
5.1500e+03,3.1766e-09
5.1600e+03,2.9451e-09
5.1700e+03,2.9885e-09
5.1800e+03,3.2320e-09
5.1900e+03,3.3439e-09
5.2000e+03,3.3409e-09
5.2100e+03,3.3485e-09
5.2200e+03,3.3922e-09
5.2300e+03,3.4899e-09
5.2400e+03,3.5372e-09
5.2500e+03,3.3725e-09
5.2600e+03,3.2419e-09
5.2700e+03,3.4196e-09
5.2800e+03,3.6593e-09
5.2900e+03,3.6699e-09
5.3000e+03,3.7272e-09
5.3100e+03,3.6703e-09
5.3200e+03,3.5206e-09
5.3300e+03,3.5780e-09
5.3400e+03,3.7115e-09
5.3500e+03,3.7385e-09
5.3600e+03,3.6973e-09
5.3700e+03,3.6845e-09
5.3800e+03,3.6172e-09
5.3900e+03,3.4911e-09
5.4000e+03,3.5083e-09
5.4100e+03,3.6520e-09
5.4200e+03,3.7472e-09
5.4300e+03,3.7643e-09
5.4400e+03,3.7804e-09
5.4500e+03,3.7592e-09
5.4600e+03,3.6925e-09
5.4700e+03,3.6418e-09
5.4800e+03,3.6684e-09
5.4900e+03,3.7082e-09
5.5000e+03,3.6987e-09
5.5100e+03,3.6852e-09
5.5200e+03,3.7155e-09
5.5300e+03,3.7636e-09
5.5400e+03,3.8114e-09
5.5500e+03,3.7906e-09
5.5600e+03,3.7735e-09
5.5700e+03,3.7633e-09
5.5800e+03,3.7465e-09
5.5900e+03,3.7724e-09
5.6000e+03,3.8329e-09
5.6100e+03,3.6962e-09
5.6200e+03,3.8198e-09
5.6300e+03,3.7151e-09
5.6400e+03,3.8103e-09
5.6500e+03,3.7027e-09
5.6600e+03,3.8143e-09
5.6700e+03,3.7319e-09
5.6800e+03,3.8734e-09
5.6900e+03,3.7158e-09
5.7000e+03,3.6962e-09
5.7100e+03,3.7786e-09
5.7200e+03,3.8905e-09
5.7300e+03,3.8329e-09
5.7400e+03,3.8165e-09
5.7600e+03,3.7932e-09
5.7800e+03,3.8004e-09
5.8000e+03,3.8697e-09
5.8200e+03,3.8989e-09
5.8400e+03,3.8493e-09
5.8600e+03,3.7133e-09
5.8800e+03,3.5950e-09
5.9000e+03,3.6885e-09
5.9200e+03,3.7997e-09
5.9400e+03,3.7870e-09
5.9600e+03,3.7552e-09
5.9800e+03,3.7425e-09
6.0000e+03,3.7516e-09
6.0200e+03,3.8121e-09
6.0400e+03,3.8508e-09
6.0600e+03,3.8376e-09
6.0800e+03,3.8453e-09
6.1000e+03,3.8380e-09
6.1200e+03,3.7509e-09
6.1400e+03,3.6560e-09
6.1600e+03,3.6586e-09
6.1800e+03,3.6987e-09
6.2000e+03,3.7067e-09
6.2200e+03,3.6513e-09
6.2400e+03,3.5940e-09
6.2600e+03,3.6104e-09
6.2800e+03,3.6524e-09
6.3000e+03,3.6375e-09
6.3200e+03,3.6063e-09
6.3400e+03,3.6385e-09
6.3600e+03,3.6816e-09
6.3800e+03,3.6885e-09
6.4000e+03,3.6954e-09
6.4200e+03,3.6991e-09
6.4400e+03,3.7086e-09
6.4600e+03,3.6856e-09
6.4800e+03,3.6571e-09
6.5000e+03,3.6692e-09
6.5200e+03,3.6100e-09
6.5400e+03,3.4818e-09
6.5600e+03,3.4553e-09
6.5800e+03,3.5086e-09
6.6000e+03,3.5486e-09
6.6200e+03,3.5677e-09
6.6400e+03,3.5963e-09
6.6600e+03,3.6122e-09
6.6800e+03,3.5882e-09
6.7000e+03,3.5941e-09
6.7200e+03,3.6144e-09
6.7400e+03,3.6517e-09
6.7600e+03,3.6808e-09
6.7800e+03,3.7122e-09
6.8000e+03,3.7815e-09
6.8200e+03,3.8384e-09
6.8400e+03,3.7614e-09
6.8600e+03,3.6097e-09
6.8800e+03,3.6520e-09
6.9000e+03,3.7078e-09
6.9200e+03,3.6145e-09
6.9400e+03,3.5892e-09
6.9600e+03,3.5526e-09
6.9800e+03,3.4525e-09
7.0000e+03,3.4306e-09
7.0200e+03,3.4628e-09
7.0400e+03,3.4231e-09
7.0600e+03,3.3859e-09
7.0800e+03,3.4022e-09
7.1000e+03,3.3852e-09
7.1200e+03,3.3401e-09
7.1400e+03,3.2169e-09
7.1600e+03,3.0325e-09
7.1800e+03,3.0456e-09
7.2000e+03,3.2213e-09
7.2200e+03,3.1737e-09
7.2400e+03,3.0907e-09
7.2600e+03,3.1115e-09
7.2800e+03,3.1592e-09
7.3000e+03,3.2605e-09
7.3200e+03,3.2987e-09
7.3400e+03,3.2478e-09
7.3600e+03,3.2199e-09
7.3800e+03,3.1943e-09
7.4000e+03,3.1569e-09
7.4200e+03,3.1720e-09
7.4400e+03,3.2011e-09
7.4600e+03,3.1820e-09
7.4800e+03,3.1550e-09
7.5000e+03,3.2053e-09
7.5200e+03,3.2921e-09
7.5400e+03,3.3080e-09
7.5600e+03,2.9295e-09
7.5800e+03,2.2831e-09
7.6000e+03,2.3152e-09
7.6200e+03,2.9542e-09
7.6400e+03,3.3207e-09
7.6600e+03,3.3676e-09
7.6800e+03,3.2185e-09
7.7000e+03,3.0876e-09
7.7200e+03,3.1219e-09
7.7400e+03,3.0929e-09
7.7600e+03,3.0163e-09
7.7800e+03,3.0226e-09
7.8000e+03,3.0363e-09
7.8200e+03,3.1260e-09
7.8400e+03,3.0874e-09
7.8600e+03,3.0792e-09
7.8800e+03,3.0075e-09
7.9000e+03,2.9161e-09
7.9200e+03,2.8440e-09
7.9400e+03,2.8132e-09
7.9600e+03,2.8540e-09
7.9800e+03,2.8744e-09
8.0000e+03,2.8672e-09
8.0200e+03,2.8601e-09
8.0400e+03,2.8675e-09
8.0600e+03,2.8533e-09
8.0800e+03,2.7930e-09
8.1000e+03,2.7262e-09
8.1200e+03,2.8289e-09
8.1400e+03,2.7797e-09
8.1600e+03,2.7644e-09
8.1800e+03,2.8536e-09
8.2000e+03,2.8661e-09
8.2200e+03,2.8537e-09
8.2400e+03,2.9151e-09
8.2600e+03,2.8945e-09
8.2800e+03,2.8304e-09
8.3000e+03,2.7974e-09
8.3200e+03,2.7296e-09
8.3400e+03,2.6974e-09
8.3600e+03,2.6765e-09
8.3800e+03,2.6858e-09
8.4000e+03,2.6889e-09
8.4200e+03,2.6901e-09
8.4400e+03,2.7086e-09
8.4600e+03,2.6709e-09
8.4800e+03,2.6152e-09
8.5000e+03,2.5768e-09
8.5200e+03,2.5326e-09
8.5400e+03,2.5983e-09
8.5600e+03,2.6740e-09
8.5800e+03,2.6750e-09
8.6000e+03,2.6792e-09
8.6200e+03,2.6354e-09
8.6400e+03,2.5697e-09
8.6600e+03,2.5608e-09
8.6800e+03,2.6108e-09
8.7000e+03,2.6370e-09
8.7200e+03,2.6176e-09
8.7400e+03,2.6070e-09
8.7600e+03,2.5923e-09
8.7800e+03,2.5489e-09
8.8000e+03,2.5502e-09
8.8200e+03,2.5400e-09
8.8400e+03,2.5017e-09
8.8600e+03,2.5215e-09
8.8800e+03,2.5592e-09
8.9000e+03,2.5785e-09
8.9200e+03,2.5545e-09
8.9400e+03,2.4501e-09
8.9600e+03,2.3273e-09
8.9800e+03,2.2853e-09
9.0000e+03,2.3997e-09
9.0200e+03,2.5799e-09
9.0400e+03,2.5414e-09
9.0600e+03,2.3803e-09
9.0800e+03,2.4249e-09
9.1000e+03,2.4585e-09
9.1200e+03,2.3183e-09
9.1400e+03,2.2259e-09
9.1600e+03,2.2770e-09
9.1800e+03,2.4026e-09
9.2000e+03,2.4446e-09
9.2200e+03,2.4575e-09
9.2400e+03,2.4494e-09
9.2600e+03,2.3975e-09
9.2800e+03,2.3047e-09
9.3000e+03,1.9653e-09
9.3200e+03,1.7041e-09
9.3400e+03,1.8075e-09
9.3600e+03,2.1339e-09
9.3800e+03,2.3932e-09
9.4000e+03,2.2626e-09
9.4200e+03,2.0355e-09
9.4400e+03,2.1613e-09
9.4600e+03,2.3393e-09
9.4800e+03,2.2542e-09
9.5000e+03,2.1734e-09
9.5200e+03,2.1839e-09
9.5400e+03,2.1601e-09
9.5600e+03,2.1632e-09
9.5800e+03,2.1626e-09
9.6000e+03,2.1620e-09
9.6200e+03,2.1279e-09
9.6400e+03,2.1358e-09
9.6600e+03,2.2791e-09
9.6800e+03,2.3490e-09
9.7000e+03,2.2639e-09
9.7200e+03,2.1666e-09
9.7400e+03,2.1343e-09
9.7600e+03,2.1337e-09
9.7800e+03,2.1505e-09
9.8000e+03,2.1406e-09
9.8200e+03,2.1330e-09
9.8400e+03,2.1232e-09
9.8600e+03,2.0884e-09
9.8800e+03,2.0833e-09
9.9000e+03,2.0795e-09
9.9200e+03,2.0575e-09
9.9400e+03,2.0516e-09
9.9600e+03,2.0601e-09
9.9800e+03,2.0853e-09
1.0000e+04,2.0990e-09
1.0020e+04,2.0719e-09
1.0040e+04,2.0669e-09
1.0060e+04,2.0740e-09
1.0080e+04,2.0407e-09
1.0100e+04,2.0034e-09
1.0120e+04,1.9932e-09
1.0140e+04,1.9843e-09
1.0160e+04,1.9658e-09
1.0180e+04,1.9677e-09
1.0200e+04,1.9621e-09
1.0220e+04,1.9534e-09
1.0240e+04,1.9490e-09
1.0260e+04,1.9297e-09
1.0280e+04,1.9096e-09
1.0300e+04,1.8981e-09
1.0320e+04,1.8907e-09
1.0340e+04,1.8844e-09
1.0360e+04,1.8792e-09
1.0380e+04,1.8751e-09
1.0400e+04,1.8987e-09
1.0420e+04,1.9159e-09
1.0440e+04,1.9136e-09
1.0460e+04,1.9042e-09
1.0480e+04,1.9152e-09
1.0500e+04,1.9491e-09
1.0520e+04,1.9628e-09
1.0540e+04,1.9384e-09
1.0560e+04,1.9221e-09
1.0580e+04,1.9237e-09
1.0600e+04,1.8799e-09
1.0800e+04,1.8160e-09
1.1000e+04,1.7477e-09
1.1200e+04,1.6773e-09
1.1400e+04,1.6068e-09
1.1600e+04,1.5378e-09
1.1800e+04,1.4716e-09
1.2000e+04,1.4095e-09
1.2200e+04,1.3525e-09
1.2400e+04,1.3012e-09
1.2600e+04,1.2567e-09
1.2800e+04,1.2122e-09
1.3000e+04,1.1781e-09
1.3200e+04,1.1439e-09
1.3400e+04,1.1084e-09
1.3600e+04,1.0733e-09
1.3800e+04,1.0426e-09
1.4000e+04,1.0130e-09
1.4200e+04,9.7017e-10
1.4400e+04,9.4103e-10
1.4600e+04,9.1944e-10
1.4800e+04,8.9658e-10
1.5000e+04,8.7580e-10
1.5200e+04,8.5129e-10
1.5400e+04,8.2748e-10
1.5600e+04,8.0403e-10
1.5800e+04,7.8321e-10
1.6000e+04,7.6771e-10
1.6200e+04,7.5039e-10
1.6400e+04,7.3143e-10
1.6600e+04,7.0820e-10
1.6800e+04,6.8191e-10
1.7000e+04,6.5704e-10
1.7200e+04,6.3195e-10
1.7400e+04,6.0668e-10
1.7600e+04,5.8385e-10
1.7800e+04,5.6263e-10
1.8000e+04,5.4020e-10
1.8200e+04,5.2146e-10
1.8400e+04,5.0272e-10
1.8600e+04,4.8415e-10
1.8800e+04,4.6826e-10
1.9000e+04,4.5360e-10
1.9200e+04,4.4010e-10
1.9400e+04,4.2420e-10
1.9600e+04,4.0809e-10
1.9800e+04,3.9343e-10
2.0000e+04,3.8019e-10
2.0200e+04,3.6918e-10
2.0400e+04,3.5716e-10
2.0600e+04,3.4534e-10
2.0800e+04,3.3329e-10
2.1000e+04,3.2006e-10
2.1200e+04,3.0944e-10
2.1400e+04,2.9884e-10
2.1600e+04,2.8824e-10
2.1800e+04,2.7763e-10
2.2000e+04,2.6827e-10
2.2200e+04,2.6011e-10
2.2400e+04,2.5217e-10
2.2600e+04,2.4289e-10
2.2800e+04,2.3605e-10
2.3000e+04,2.2791e-10
2.3200e+04,2.1985e-10
2.3400e+04,2.1313e-10
2.3600e+04,2.0620e-10
2.3800e+04,1.9949e-10
2.4000e+04,1.9295e-10
2.4200e+04,1.8633e-10
2.4400e+04,1.8107e-10
2.4600e+04,1.7580e-10
2.4800e+04,1.7059e-10
2.5000e+04,1.6651e-10
2.5200e+04,1.6237e-10
2.5400e+04,1.5840e-10
2.5600e+04,1.5446e-10
