# wavelength, f_lambda
2.2900e+02,0.0000e+00
2.3400e+02,0.0000e+00
2.4300e+02,0.0000e+00
2.5200e+02,0.0000e+00
2.5600e+02,0.0000e+00
2.6000e+02,0.0000e+00
2.6600e+02,0.0000e+00
2.7500e+02,0.0000e+00
2.8300e+02,0.0000e+00
2.9300e+02,0.0000e+00
3.0100e+02,0.0000e+00
3.0900e+02,0.0000e+00
3.2500e+02,0.0000e+00
3.4200e+02,0.0000e+00
3.5100e+02,0.0000e+00
3.5600e+02,0.0000e+00
3.6500e+02,0.0000e+00
3.7500e+02,0.0000e+00
3.8400e+02,0.0000e+00
4.0000e+02,0.0000e+00
4.1500e+02,0.0000e+00
4.2500e+02,0.0000e+00
4.4500e+02,0.0000e+00
4.7200e+02,0.0000e+00
4.9400e+02,0.0000e+00
5.0600e+02,0.0000e+00
5.1600e+02,0.0000e+00
5.4000e+02,0.0000e+00
5.6400e+02,0.0000e+00
5.8700e+02,0.0000e+00
6.1200e+02,0.0000e+00
6.4000e+02,0.0000e+00
6.7100e+02,0.0000e+00
7.0500e+02,0.0000e+00
7.3600e+02,0.0000e+00
7.7000e+02,0.0000e+00
8.1000e+02,0.0000e+00
8.5000e+02,0.0000e+00
8.9000e+02,0.0000e+00
9.2000e+02,0.0000e+00
9.4000e+02,0.0000e+00
9.6200e+02,0.0000e+00
9.8700e+02,0.0000e+00
1.0120e+03,0.0000e+00
1.0370e+03,0.0000e+00
1.0620e+03,0.0000e+00
1.0870e+03,0.0000e+00
1.1120e+03,0.0000e+00
1.1200e+03,0.0000e+00
1.1400e+03,0.0000e+00
1.1600e+03,0.0000e+00
1.1800e+03,0.0000e+00
1.2000e+03,0.0000e+00
1.2200e+03,0.0000e+00
1.2400e+03,0.0000e+00
1.2600e+03,0.0000e+00
1.2800e+03,0.0000e+00
1.3000e+03,0.0000e+00
1.3200e+03,0.0000e+00
1.3400e+03,0.0000e+00
1.3600e+03,0.0000e+00
1.3800e+03,0.0000e+00
1.4000e+03,0.0000e+00
1.4200e+03,0.0000e+00
1.4400e+03,0.0000e+00
1.4600e+03,0.0000e+00
1.4800e+03,0.0000e+00
1.5000e+03,0.0000e+00
1.5200e+03,0.0000e+00
1.5400e+03,0.0000e+00
1.5600e+03,0.0000e+00
1.5800e+03,0.0000e+00
1.6000e+03,0.0000e+00
1.6200e+03,0.0000e+00
1.6400e+03,0.0000e+00
1.6600e+03,0.0000e+00
1.6800e+03,0.0000e+00
1.7000e+03,0.0000e+00
1.7200e+03,0.0000e+00
1.7400e+03,0.0000e+00
1.7600e+03,0.0000e+00
1.7800e+03,0.0000e+00
1.8000e+03,0.0000e+00
1.8200e+03,0.0000e+00
1.8400e+03,0.0000e+00
1.8600e+03,0.0000e+00
1.8800e+03,0.0000e+00
1.9000e+03,0.0000e+00
1.9200e+03,0.0000e+00
1.9400e+03,0.0000e+00
1.9600e+03,0.0000e+00
1.9800e+03,0.0000e+00
2.0000e+03,3.4744e-13
2.0025e+03,4.1837e-13
2.0050e+03,3.4649e-13
2.0075e+03,6.1778e-13
2.0100e+03,7.0986e-13
2.0125e+03,6.6113e-13
2.0150e+03,6.2596e-13
2.0175e+03,6.0549e-13
2.0200e+03,3.1853e-13
2.0225e+03,1.2157e-13
2.0250e+03,2.4957e-13
2.0275e+03,3.4996e-13
2.0300e+03,3.3989e-13
2.0325e+03,4.6205e-13
2.0350e+03,6.7240e-13
2.0375e+03,5.8028e-13
2.0400e+03,4.8816e-13
2.0425e+03,4.8129e-13
2.0450e+03,5.2828e-13
2.0475e+03,6.7393e-13
2.0500e+03,7.4910e-13
2.0525e+03,7.9689e-13
2.0550e+03,7.0699e-13
2.0575e+03,5.3959e-13
2.0600e+03,6.0912e-13
2.0625e+03,7.6423e-13
2.0650e+03,1.0539e-12
2.0675e+03,1.2003e-12
2.0700e+03,9.7855e-13
2.0725e+03,8.9254e-13
2.0750e+03,8.9083e-13
2.0775e+03,1.1233e-12
2.0800e+03,1.3558e-12
2.0825e+03,1.4367e-12
2.0850e+03,1.4256e-12
2.0875e+03,1.2763e-12
2.0900e+03,1.1929e-12
2.0925e+03,1.1260e-12
2.0950e+03,1.0786e-12
2.0975e+03,1.0247e-12
2.1000e+03,8.6686e-13
2.1025e+03,7.2761e-13
2.1050e+03,6.1196e-13
2.1075e+03,4.3572e-13
2.1100e+03,1.5181e-13
2.1125e+03,2.7851e-13
2.1150e+03,5.0671e-13
2.1175e+03,5.8690e-13
2.1200e+03,6.7811e-13
2.1225e+03,8.9636e-13
2.1250e+03,1.0839e-12
2.1275e+03,1.2382e-12
2.1300e+03,1.3281e-12
2.1325e+03,1.4093e-12
2.1350e+03,1.4638e-12
2.1375e+03,1.4550e-12
2.1400e+03,1.2193e-12
2.1425e+03,8.7737e-13
2.1450e+03,4.6460e-13
2.1475e+03,2.7865e-13
2.1500e+03,3.0211e-13
2.1525e+03,3.6440e-13
2.1550e+03,3.7462e-13
2.1575e+03,1.9653e-13
2.1600e+03,9.3418e-14
2.1625e+03,3.8415e-13
2.1650e+03,5.1297e-13
2.1675e+03,5.1453e-13
2.1700e+03,4.6925e-13
2.1725e+03,4.2197e-13
2.1750e+03,3.4638e-13
2.1775e+03,2.8963e-13
2.1800e+03,2.9126e-13
2.1825e+03,2.4082e-13
2.1850e+03,1.8164e-13
2.1875e+03,1.2246e-13
2.1900e+03,6.3273e-14
2.1925e+03,1.8289e-13
2.1950e+03,3.0251e-13
2.1975e+03,4.6514e-13
2.2000e+03,5.8938e-13
2.2025e+03,5.8003e-13
2.2050e+03,5.8683e-13
2.2075e+03,6.0265e-13
2.2100e+03,5.0369e-13
2.2125e+03,3.1449e-13
2.2150e+03,3.2995e-13
2.2175e+03,2.9080e-13
2.2200e+03,1.3935e-13
2.2225e+03,1.5378e-14
2.2250e+03,2.3064e-14
2.2275e+03,3.0751e-14
2.2300e+03,3.8437e-14
2.2325e+03,4.6125e-14
2.2350e+03,5.3810e-14
2.2375e+03,5.9167e-14
2.2400e+03,1.8543e-13
2.2425e+03,4.9304e-13
2.2450e+03,6.4324e-13
2.2475e+03,7.3219e-13
2.2500e+03,8.4730e-13
2.2525e+03,9.8178e-13
2.2550e+03,1.2278e-12
2.2575e+03,1.3122e-12
2.2600e+03,1.1906e-12
2.2625e+03,1.0907e-12
2.2650e+03,1.0295e-12
2.2675e+03,1.0639e-12
2.2700e+03,1.1315e-12
2.2725e+03,1.2145e-12
2.2750e+03,1.2844e-12
2.2775e+03,1.2037e-12
2.2800e+03,1.0838e-12
2.2825e+03,9.2149e-13
2.2850e+03,7.1997e-13
2.2875e+03,5.1311e-13
2.2900e+03,4.3634e-13
2.2925e+03,3.8415e-13
2.2950e+03,2.7330e-13
2.2975e+03,2.2285e-13
2.3000e+03,2.2815e-13
2.3025e+03,2.6287e-13
2.3050e+03,3.3507e-13
2.3075e+03,3.3403e-13
2.3100e+03,3.3792e-13
2.3125e+03,4.0165e-13
2.3150e+03,4.8064e-13
2.3175e+03,6.3967e-13
2.3200e+03,9.1719e-13
2.3225e+03,1.2878e-12
2.3250e+03,1.4933e-12
2.3275e+03,1.6919e-12
2.3300e+03,1.8498e-12
2.3325e+03,1.9216e-12
2.3350e+03,1.7859e-12
2.3375e+03,1.6657e-12
2.3400e+03,1.5559e-12
2.3425e+03,1.3030e-12
2.3450e+03,9.1818e-13
2.3475e+03,6.9502e-13
2.3500e+03,5.6399e-13
2.3525e+03,5.9876e-13
2.3550e+03,7.0441e-13
2.3575e+03,1.0346e-12
2.3600e+03,1.1617e-12
2.3625e+03,1.1831e-12
2.3650e+03,1.4092e-12
2.3675e+03,1.6355e-12
2.3700e+03,1.5792e-12
2.3725e+03,1.6432e-12
2.3750e+03,1.9421e-12
2.3775e+03,1.8893e-12
2.3800e+03,1.7254e-12
2.3825e+03,1.6179e-12
2.3850e+03,1.5479e-12
2.3875e+03,1.5445e-12
2.3900e+03,1.5412e-12
2.3925e+03,1.5601e-12
2.3950e+03,1.4168e-12
2.3975e+03,9.2479e-13
2.4000e+03,8.1842e-13
2.4025e+03,8.6199e-13
2.4050e+03,5.6206e-13
2.4075e+03,9.4502e-14
2.4100e+03,2.4407e-13
2.4125e+03,4.1797e-13
2.4150e+03,6.2294e-13
2.4175e+03,9.1312e-13
2.4200e+03,1.3549e-12
2.4225e+03,1.4883e-12
2.4250e+03,1.5229e-12
2.4275e+03,1.5414e-12
2.4300e+03,1.5599e-12
2.4325e+03,1.2142e-12
2.4350e+03,9.4014e-13
2.4375e+03,7.7376e-13
2.4400e+03,8.5395e-13
2.4425e+03,9.9575e-13
2.4450e+03,1.1881e-12
2.4475e+03,1.3819e-12
2.4500e+03,1.4414e-12
2.4525e+03,1.5471e-12
2.4550e+03,1.6956e-12
2.4575e+03,1.8360e-12
2.4600e+03,1.9663e-12
2.4625e+03,2.0832e-12
2.4650e+03,2.1085e-12
2.4675e+03,1.8516e-12
2.4700e+03,1.6529e-12
2.4725e+03,1.7592e-12
2.4750e+03,1.8067e-12
2.4775e+03,1.7907e-12
2.4800e+03,1.9412e-12
2.4825e+03,2.1145e-12
2.4850e+03,1.7049e-12
2.4875e+03,1.3051e-12
2.4900e+03,1.5276e-12
2.4925e+03,1.5210e-12
2.4950e+03,1.3618e-12
2.4975e+03,1.3877e-12
2.5000e+03,1.5845e-12
2.5025e+03,1.5855e-12
2.5050e+03,1.6097e-12
2.5075e+03,1.7198e-12
2.5100e+03,1.8058e-12
2.5125e+03,1.8155e-12
2.5150e+03,1.6345e-12
2.5175e+03,1.3463e-12
2.5200e+03,1.2386e-12
2.5225e+03,1.1385e-12
2.5250e+03,1.3818e-12
2.5275e+03,1.6946e-12
2.5300e+03,2.0655e-12
2.5325e+03,2.2895e-12
2.5350e+03,2.4442e-12
2.5375e+03,2.4829e-12
2.5400e+03,2.4443e-12
2.5425e+03,2.5600e-12
2.5450e+03,2.6141e-12
2.5475e+03,2.5757e-12
2.5500e+03,2.5172e-12
2.5525e+03,2.4156e-12
2.5550e+03,2.3783e-12
2.5575e+03,2.3843e-12
2.5600e+03,2.5253e-12
2.5625e+03,2.6668e-12
2.5650e+03,2.8184e-12
2.5675e+03,2.8734e-12
2.5700e+03,2.7566e-12
2.5725e+03,2.3727e-12
2.5750e+03,1.9044e-12
2.5775e+03,1.5604e-12
2.5800e+03,1.2945e-12
2.5825e+03,1.2570e-12
2.5850e+03,1.4384e-12
2.5875e+03,1.8570e-12
2.5900e+03,2.2123e-12
2.5925e+03,2.4725e-12
2.5950e+03,2.5930e-12
2.5975e+03,2.6786e-12
2.6000e+03,2.9286e-12
2.6025e+03,3.2408e-12
2.6050e+03,3.5400e-12
2.6075e+03,3.8324e-12
2.6100e+03,4.1186e-12
2.6125e+03,4.2441e-12
2.6150e+03,4.1652e-12
2.6175e+03,4.1146e-12
2.6200e+03,4.0725e-12
2.6225e+03,4.0277e-12
2.6250e+03,4.0248e-12
2.6275e+03,4.5027e-12
2.6300e+03,4.9111e-12
2.6325e+03,5.2439e-12
2.6350e+03,5.5133e-12
2.6375e+03,5.7741e-12
2.6400e+03,5.7377e-12
2.6425e+03,5.6315e-12
2.6450e+03,5.5417e-12
2.6475e+03,5.4690e-12
2.6500e+03,5.4075e-12
2.6525e+03,5.5079e-12
2.6550e+03,5.7574e-12
2.6575e+03,5.8952e-12
2.6600e+03,6.0258e-12
2.6625e+03,6.1632e-12
2.6650e+03,6.2371e-12
2.6675e+03,5.9763e-12
2.6700e+03,5.9563e-12
2.6725e+03,6.1258e-12
2.6750e+03,6.1942e-12
2.6775e+03,6.2578e-12
2.6800e+03,6.6571e-12
2.6825e+03,7.0059e-12
2.6850e+03,7.1066e-12
2.6875e+03,6.9881e-12
2.6900e+03,6.7659e-12
2.6925e+03,6.2178e-12
2.6950e+03,5.4530e-12
2.6975e+03,4.7798e-12
2.7000e+03,4.5874e-12
2.7025e+03,4.4154e-12
2.7050e+03,5.1788e-12
2.7075e+03,5.8963e-12
2.7100e+03,6.1683e-12
2.7125e+03,6.2502e-12
2.7150e+03,6.2425e-12
2.7175e+03,5.8388e-12
2.7200e+03,5.1715e-12
2.7225e+03,5.5064e-12
2.7250e+03,5.8963e-12
2.7275e+03,6.4022e-12
2.7300e+03,6.8684e-12
2.7325e+03,7.2081e-12
2.7350e+03,7.3706e-12
2.7375e+03,7.4288e-12
2.7400e+03,7.3903e-12
2.7425e+03,7.3517e-12
2.7450e+03,7.5703e-12
2.7475e+03,7.7583e-12
2.7500e+03,7.8722e-12
2.7525e+03,8.0169e-12
2.7550e+03,8.1715e-12
2.7575e+03,8.0464e-12
2.7600e+03,7.9005e-12
2.7625e+03,9.0283e-12
2.7650e+03,9.9924e-12
2.7675e+03,1.0779e-11
2.7700e+03,1.1671e-11
2.7725e+03,1.2720e-11
2.7750e+03,1.2655e-11
2.7775e+03,1.2136e-11
2.7800e+03,1.1459e-11
2.7825e+03,1.0808e-11
2.7850e+03,1.0759e-11
2.7875e+03,1.1893e-11
2.7900e+03,1.4530e-11
2.7925e+03,1.5934e-11
2.7950e+03,1.7103e-11
2.7975e+03,1.8510e-11
2.8000e+03,1.9188e-11
2.8025e+03,1.5643e-11
2.8050e+03,1.3795e-11
2.8075e+03,1.3282e-11
2.8100e+03,1.2496e-11
2.8125e+03,1.1414e-11
2.8150e+03,1.1912e-11
2.8175e+03,1.2626e-11
2.8200e+03,1.3001e-11
2.8225e+03,1.3199e-11
2.8250e+03,1.2711e-11
2.8275e+03,1.2478e-11
2.8300e+03,1.2481e-11
2.8325e+03,1.2313e-11
2.8350e+03,1.1927e-11
2.8375e+03,1.2126e-11
2.8400e+03,1.2239e-11
2.8425e+03,1.1725e-11
2.8450e+03,1.1035e-11
2.8475e+03,9.4272e-12
2.8500e+03,8.0609e-12
2.8525e+03,6.8848e-12
2.8550e+03,7.0713e-12
2.8575e+03,7.3146e-12
2.8600e+03,8.4097e-12
2.8625e+03,9.6815e-12
2.8650e+03,1.1109e-11
2.8675e+03,1.1994e-11
2.8700e+03,1.2519e-11
2.8725e+03,1.3318e-11
2.8750e+03,1.4373e-11
2.8775e+03,1.4968e-11
2.8800e+03,1.5473e-11
2.8825e+03,1.5872e-11
2.8850e+03,1.6489e-11
2.8875e+03,1.7799e-11
2.8900e+03,1.9278e-11
2.8925e+03,2.0880e-11
2.8950e+03,2.3132e-11
2.8975e+03,2.5384e-11
2.9000e+03,2.6860e-11
2.9025e+03,2.8249e-11
2.9050e+03,2.9541e-11
2.9075e+03,3.0093e-11
2.9100e+03,3.0411e-11
2.9125e+03,3.0809e-11
2.9150e+03,3.1259e-11
2.9175e+03,3.0944e-11
2.9200e+03,3.0495e-11
2.9225e+03,2.9846e-11
2.9250e+03,2.9329e-11
2.9275e+03,2.9095e-11
2.9300e+03,2.8471e-11
2.9325e+03,2.7786e-11
2.9350e+03,2.7762e-11
2.9375e+03,2.7708e-11
2.9400e+03,2.6924e-11
2.9425e+03,2.6659e-11
2.9450e+03,2.7055e-11
2.9475e+03,2.6664e-11
2.9500e+03,2.6123e-11
2.9525e+03,2.7259e-11
2.9550e+03,2.8633e-11
2.9575e+03,2.8469e-11
2.9600e+03,2.7958e-11
2.9625e+03,2.7070e-11
2.9650e+03,2.5265e-11
2.9675e+03,2.2086e-11
2.9700e+03,2.2708e-11
2.9725e+03,2.4203e-11
2.9750e+03,2.5381e-11
2.9775e+03,2.6599e-11
2.9800e+03,2.8112e-11
2.9825e+03,2.8575e-11
2.9850e+03,2.8069e-11
2.9875e+03,2.7835e-11
2.9900e+03,2.7626e-11
2.9925e+03,2.6725e-11
2.9950e+03,2.5492e-11
2.9975e+03,2.3621e-11
3.0000e+03,2.2854e-11
3.0025e+03,2.2708e-11
3.0050e+03,2.3854e-11
3.0075e+03,2.6399e-11
3.0100e+03,2.7190e-11
3.0125e+03,2.7312e-11
3.0150e+03,2.6332e-11
3.0175e+03,2.5453e-11
3.0200e+03,2.4972e-11
3.0225e+03,2.5663e-11
3.0250e+03,2.7134e-11
3.0275e+03,3.0746e-11
3.0300e+03,3.6333e-11
3.0325e+03,3.6735e-11
3.0350e+03,3.6870e-11
3.0375e+03,3.7397e-11
3.0400e+03,3.7201e-11
3.0425e+03,3.4715e-11
3.0450e+03,3.6422e-11
3.0475e+03,4.0492e-11
3.0500e+03,3.9474e-11
3.0525e+03,3.8241e-11
3.0550e+03,3.9168e-11
3.0575e+03,3.9459e-11
3.0600e+03,3.7342e-11
3.0625e+03,3.8979e-11
3.0650e+03,4.2383e-11
3.0675e+03,4.5860e-11
3.0700e+03,4.9387e-11
3.0725e+03,5.2446e-11
3.0750e+03,5.4268e-11
3.0775e+03,5.4232e-11
3.0800e+03,5.4133e-11
3.0825e+03,5.3904e-11
3.0850e+03,5.2806e-11
3.0875e+03,5.1468e-11
3.0900e+03,5.0802e-11
3.0925e+03,5.0158e-11
3.0950e+03,5.0067e-11
3.0975e+03,5.1740e-11
3.1000e+03,5.6541e-11
3.1025e+03,6.0974e-11
3.1050e+03,6.5295e-11
3.1075e+03,7.0179e-11
3.1100e+03,7.4743e-11
3.1125e+03,7.2594e-11
3.1150e+03,7.0793e-11
3.1175e+03,6.9364e-11
3.1200e+03,6.7797e-11
3.1225e+03,6.6022e-11
3.1250e+03,6.6498e-11
3.1275e+03,6.7666e-11
3.1300e+03,6.9353e-11
3.1325e+03,7.1150e-11
3.1350e+03,7.3739e-11
3.1375e+03,7.6489e-11
3.1400e+03,7.9383e-11
3.1425e+03,8.0209e-11
3.1450e+03,8.0642e-11
3.1475e+03,8.0871e-11
3.1500e+03,8.0729e-11
3.1525e+03,7.9005e-11
3.1550e+03,7.6943e-11
3.1575e+03,7.4623e-11
3.1600e+03,7.1128e-11
3.1625e+03,6.6353e-11
3.1650e+03,7.0346e-11
3.1675e+03,7.6012e-11
3.1700e+03,8.2908e-11
3.1725e+03,8.9996e-11
3.1750e+03,9.7844e-11
3.1775e+03,9.8727e-11
3.1800e+03,9.4971e-11
3.1825e+03,9.2960e-11
3.1850e+03,9.0945e-11
3.1875e+03,8.9719e-11
3.1900e+03,8.9792e-11
3.1925e+03,9.3763e-11
3.1950e+03,9.5153e-11
3.1975e+03,9.5094e-11
3.2000e+03,9.6040e-11
3.2025e+03,9.5469e-11
3.2050e+03,9.4898e-11
3.2075e+03,9.4323e-11
3.2100e+03,9.3752e-11
3.2125e+03,9.3181e-11
3.2150e+03,9.2610e-11
3.2175e+03,9.2036e-11
3.2200e+03,9.1465e-11
3.2225e+03,9.0156e-11
3.2250e+03,8.8850e-11
3.2275e+03,8.7541e-11
3.2300e+03,8.6235e-11
3.2325e+03,8.4926e-11
3.2350e+03,8.3620e-11
3.2375e+03,8.2311e-11
3.2400e+03,8.1005e-11
3.2600e+03,1.5465e-10
3.2700e+03,1.5528e-10
3.2800e+03,1.2024e-10
3.2900e+03,1.7592e-10
3.3000e+03,1.6664e-10
3.3100e+03,1.1338e-10
3.3200e+03,9.7626e-11
3.3300e+03,1.2079e-10
3.3400e+03,1.3701e-10
3.3500e+03,1.8173e-10
3.3600e+03,1.5757e-10
3.3700e+03,1.4413e-10
3.3800e+03,1.2724e-10
3.3900e+03,1.0119e-10
3.4000e+03,1.1210e-10
3.4100e+03,1.8173e-10
3.4200e+03,2.5056e-10
3.4300e+03,2.5042e-10
3.4400e+03,1.9993e-10
3.4500e+03,2.0225e-10
3.4600e+03,2.2051e-10
3.4700e+03,1.3520e-10
3.4800e+03,1.5917e-10
3.4900e+03,1.1483e-10
3.5000e+03,1.8894e-10
3.5100e+03,2.9722e-10
3.5200e+03,2.5809e-10
3.5300e+03,2.6551e-10
3.5400e+03,2.4982e-10
3.5500e+03,1.7709e-10
3.5600e+03,1.3410e-10
3.5700e+03,1.3431e-10
3.5800e+03,1.0940e-10
3.5900e+03,1.3065e-10
3.6000e+03,1.7479e-10
3.6100e+03,1.7974e-10
3.6200e+03,1.9795e-10
3.6300e+03,1.4060e-10
3.6400e+03,1.4878e-10
3.6500e+03,1.4242e-10
3.6600e+03,2.9757e-10
3.6700e+03,3.6003e-10
3.6800e+03,3.1308e-10
3.6900e+03,3.1048e-10
3.7000e+03,2.8430e-10
3.7100e+03,2.2981e-10
3.7200e+03,2.0046e-10
3.7300e+03,1.7198e-10
3.7400e+03,1.6107e-10
3.7500e+03,2.1030e-10
3.7600e+03,2.4873e-10
3.7700e+03,3.5975e-10
3.7800e+03,4.2383e-10
3.7900e+03,2.8069e-10
3.8000e+03,2.6791e-10
3.8100e+03,2.3300e-10
3.8200e+03,2.1247e-10
3.8300e+03,2.0756e-10
3.8400e+03,2.5471e-10
3.8500e+03,2.8657e-10
3.8600e+03,2.6355e-10
3.8700e+03,2.5121e-10
3.8800e+03,2.4071e-10
3.8900e+03,3.3842e-10
3.9000e+03,4.1114e-10
3.9100e+03,4.3318e-10
3.9200e+03,3.6367e-10
3.9300e+03,1.9814e-10
3.9400e+03,2.1270e-10
3.9500e+03,3.3961e-10
3.9600e+03,3.0189e-10
3.9700e+03,2.1716e-10
3.9800e+03,4.5125e-10
3.9900e+03,6.6982e-10
4.0000e+03,7.5056e-10
4.0100e+03,8.4209e-10
4.0200e+03,8.7657e-10
4.0300e+03,7.6281e-10
4.0400e+03,7.4947e-10
4.0500e+03,8.5140e-10
4.0600e+03,8.7708e-10
4.0700e+03,8.4173e-10
4.0800e+03,9.9138e-10
4.0900e+03,1.0594e-09
4.1000e+03,9.7713e-10
4.1100e+03,8.8894e-10
4.1200e+03,9.2814e-10
4.1300e+03,8.6071e-10
4.1400e+03,8.4024e-10
4.1500e+03,8.7839e-10
4.1600e+03,9.6724e-10
4.1700e+03,9.0857e-10
4.1800e+03,9.6120e-10
4.1900e+03,9.6109e-10
4.2000e+03,9.7044e-10
4.2100e+03,1.0649e-09
4.2200e+03,9.5058e-10
4.2300e+03,9.5047e-10
4.2400e+03,1.2147e-09
4.2500e+03,1.2213e-09
4.2600e+03,1.2322e-09
4.2700e+03,1.1584e-09
4.2800e+03,1.1231e-09
4.2900e+03,1.1009e-09
4.3000e+03,9.7902e-10
4.3100e+03,1.2038e-09
4.3200e+03,1.5182e-09
4.3300e+03,1.6316e-09
4.3400e+03,1.7155e-09
4.3500e+03,1.6587e-09
4.3600e+03,1.7387e-09
4.3700e+03,1.7746e-09
4.3800e+03,1.5404e-09
4.3900e+03,1.5618e-09
4.4000e+03,1.6188e-09
4.4100e+03,1.6253e-09
4.4200e+03,1.7937e-09
4.4300e+03,1.7144e-09
4.4400e+03,1.7861e-09
4.4500e+03,1.8068e-09
4.4600e+03,1.8111e-09
4.4700e+03,2.0436e-09
4.4800e+03,2.2456e-09
4.4900e+03,2.1502e-09
4.5000e+03,2.3141e-09
4.5100e+03,2.4572e-09
4.5200e+03,2.2975e-09
4.5300e+03,2.1446e-09
4.5400e+03,2.2203e-09
4.5500e+03,2.3785e-09
4.5600e+03,2.4993e-09
4.5700e+03,2.5468e-09
4.5800e+03,2.5202e-09
4.5900e+03,2.4301e-09
4.6000e+03,2.4756e-09
4.6100e+03,2.6643e-09
4.6200e+03,2.8261e-09
4.6300e+03,2.7722e-09
4.6400e+03,2.5676e-09
4.6500e+03,2.5380e-09
4.6600e+03,2.6110e-09
4.6700e+03,2.5911e-09
4.6800e+03,2.6040e-09
4.6900e+03,2.6784e-09
4.7000e+03,2.6341e-09
4.7100e+03,2.6526e-09
4.7200e+03,2.8135e-09
4.7300e+03,2.7667e-09
4.7400e+03,2.7754e-09
4.7500e+03,2.7866e-09
4.7600e+03,2.7374e-09
4.7700e+03,2.6816e-09
4.7800e+03,2.6562e-09
4.7900e+03,2.7305e-09
4.8000e+03,2.8627e-09
4.8100e+03,2.9011e-09
4.8200e+03,2.9449e-09
4.8300e+03,2.8695e-09
4.8400e+03,2.8161e-09
4.8500e+03,2.8810e-09
4.8600e+03,2.7892e-09
4.8700e+03,2.7216e-09
4.8800e+03,2.7964e-09
4.8900e+03,2.8789e-09
4.9000e+03,3.0312e-09
4.9100e+03,3.0327e-09
4.9200e+03,2.8846e-09
4.9300e+03,2.9065e-09
4.9400e+03,3.0409e-09
4.9500e+03,3.1222e-09
4.9600e+03,3.0401e-09
4.9700e+03,3.0373e-09
4.9800e+03,2.9219e-09
4.9900e+03,2.8240e-09
5.0000e+03,2.8145e-09
5.0100e+03,2.7120e-09
5.0200e+03,2.7340e-09
5.0300e+03,2.8897e-09
5.0400e+03,2.8673e-09
5.0500e+03,2.8222e-09
5.0600e+03,2.9237e-09
5.0700e+03,2.9070e-09
5.0800e+03,2.7210e-09
5.0900e+03,2.6960e-09
5.1000e+03,2.6888e-09
5.1100e+03,2.6754e-09
5.1200e+03,2.6462e-09
5.1300e+03,2.6533e-09
5.1400e+03,2.6392e-09
5.1500e+03,2.5695e-09
5.1600e+03,2.6481e-09
5.1700e+03,2.3342e-09
5.1800e+03,2.1781e-09
5.1900e+03,2.5371e-09
5.2000e+03,2.7808e-09
5.2100e+03,2.7203e-09
5.2200e+03,2.8991e-09
5.2300e+03,3.1361e-09
5.2400e+03,3.3078e-09
5.2500e+03,3.1472e-09
5.2600e+03,2.9715e-09
5.2700e+03,2.9369e-09
5.2800e+03,3.1307e-09
5.2900e+03,3.4857e-09
5.3000e+03,3.4093e-09
5.3100e+03,3.5198e-09
5.3200e+03,3.5962e-09
5.3300e+03,3.3210e-09
5.3400e+03,3.3541e-09
5.3500e+03,3.5916e-09
5.3600e+03,3.7910e-09
5.3700e+03,3.7150e-09
5.3800e+03,3.6815e-09
5.3900e+03,3.5712e-09
5.4000e+03,3.3509e-09
5.4100e+03,3.3755e-09
5.4200e+03,3.6753e-09
5.4300e+03,3.6979e-09
5.4400e+03,3.7033e-09
5.4500e+03,3.6782e-09
5.4600e+03,3.5462e-09
5.4700e+03,3.6057e-09
5.4800e+03,3.5129e-09
5.4900e+03,3.5999e-09
5.5000e+03,3.7404e-09
5.5100e+03,3.7270e-09
5.5200e+03,3.7430e-09
5.5300e+03,3.8608e-09
5.5400e+03,3.9164e-09
5.5500e+03,3.9314e-09
5.5600e+03,3.9281e-09
5.5700e+03,3.9175e-09
5.5800e+03,3.9895e-09
5.5900e+03,3.8895e-09
5.6000e+03,3.7684e-09
5.6100e+03,3.9397e-09
5.6200e+03,4.0252e-09
5.6300e+03,3.8663e-09
5.6400e+03,3.9684e-09
5.6500e+03,3.9790e-09
5.6600e+03,3.9510e-09
5.6700e+03,3.9681e-09
5.6800e+03,4.0757e-09
5.6900e+03,4.1616e-09
5.7000e+03,4.0885e-09
5.7100e+03,3.8957e-09
5.7200e+03,4.0255e-09
5.7300e+03,4.1306e-09
5.7400e+03,4.2321e-09
5.7600e+03,4.2194e-09
5.7800e+03,4.2572e-09
5.8000e+03,4.3809e-09
5.8200e+03,4.5223e-09
5.8400e+03,4.5176e-09
5.8600e+03,4.3405e-09
5.8800e+03,4.0132e-09
5.9000e+03,3.8961e-09
5.9200e+03,4.2401e-09
5.9400e+03,4.2907e-09
5.9600e+03,4.4256e-09
5.9800e+03,4.4147e-09
6.0000e+03,4.3670e-09
6.0200e+03,4.3965e-09
6.0400e+03,4.5300e-09
6.0600e+03,4.6613e-09
6.0800e+03,4.6522e-09
6.1000e+03,4.6005e-09
6.1200e+03,4.5496e-09
6.1400e+03,4.4460e-09
6.1600e+03,4.3609e-09
6.1800e+03,4.2507e-09
6.2000e+03,4.2321e-09
6.2200e+03,4.0892e-09
6.2400e+03,3.9252e-09
6.2600e+03,3.9204e-09
6.2800e+03,4.0568e-09
6.3000e+03,4.2510e-09
6.3200e+03,4.3503e-09
6.3400e+03,4.4060e-09
6.3600e+03,4.4587e-09
6.3800e+03,4.5023e-09
6.4000e+03,4.5478e-09
6.4200e+03,4.5929e-09
6.4400e+03,4.5991e-09
6.4600e+03,4.5816e-09
6.4800e+03,4.4441e-09
6.5000e+03,4.4565e-09
6.5200e+03,4.6794e-09
6.5400e+03,4.6140e-09
6.5600e+03,4.5027e-09
6.5800e+03,4.5634e-09
6.6000e+03,4.6973e-09
6.6200e+03,4.7071e-09
6.6400e+03,4.6969e-09
6.6600e+03,4.6456e-09
6.6800e+03,4.6554e-09
6.7000e+03,4.6056e-09
6.7200e+03,4.6125e-09
6.7400e+03,4.5532e-09
6.7600e+03,4.5754e-09
6.7800e+03,4.5972e-09
6.8000e+03,4.6427e-09
6.8200e+03,4.7260e-09
6.8400e+03,5.0304e-09
6.8600e+03,4.7496e-09
6.8800e+03,4.6296e-09
6.9000e+03,4.9460e-09
6.9200e+03,4.9220e-09
6.9400e+03,4.7522e-09
6.9600e+03,4.7434e-09
6.9800e+03,4.6172e-09
7.0000e+03,4.5936e-09
7.0200e+03,4.6420e-09
7.0400e+03,4.7354e-09
7.0600e+03,4.6860e-09
7.0800e+03,4.6063e-09
7.1000e+03,4.4980e-09
7.1200e+03,4.4474e-09
7.1400e+03,4.3976e-09
7.1600e+03,4.5409e-09
7.1800e+03,4.5307e-09
7.2000e+03,4.4689e-09
7.2200e+03,4.6052e-09
7.2400e+03,4.5351e-09
7.2600e+03,4.5292e-09
7.2800e+03,4.5867e-09
7.3000e+03,4.6496e-09
7.3200e+03,4.6660e-09
7.3400e+03,4.6278e-09
7.3600e+03,4.6773e-09
7.3800e+03,4.7587e-09
7.4000e+03,4.7900e-09
7.4200e+03,4.8111e-09
7.4400e+03,4.8762e-09
7.4600e+03,4.8380e-09
7.4800e+03,4.8853e-09
7.5000e+03,4.9318e-09
7.5200e+03,5.1209e-09
7.5400e+03,5.2926e-09
7.5600e+03,5.4777e-09
7.5800e+03,5.7076e-09
7.6000e+03,4.9926e-09
7.6200e+03,6.2891e-09
7.6400e+03,5.6261e-09
7.6600e+03,5.2784e-09
7.6800e+03,4.3278e-09
7.7000e+03,4.6129e-09
7.7200e+03,4.7314e-09
7.7400e+03,4.8413e-09
7.7600e+03,4.8722e-09
7.7800e+03,4.8380e-09
7.8000e+03,4.8664e-09
7.8200e+03,4.8380e-09
7.8400e+03,4.8151e-09
7.8600e+03,4.7925e-09
7.8800e+03,4.7249e-09
7.9000e+03,4.5936e-09
7.9200e+03,4.6096e-09
7.9400e+03,4.5616e-09
7.9600e+03,4.6092e-09
7.9800e+03,4.6547e-09
8.0000e+03,4.6925e-09
8.0200e+03,4.6900e-09
8.0400e+03,4.7464e-09
8.0600e+03,4.7609e-09
8.0800e+03,4.6943e-09
8.1000e+03,4.5536e-09
8.1200e+03,4.7431e-09
8.1400e+03,4.6794e-09
8.1600e+03,4.4583e-09
8.1800e+03,4.5067e-09
8.2000e+03,4.6096e-09
8.2200e+03,4.7111e-09
8.2400e+03,4.7758e-09
8.2600e+03,4.9966e-09
8.2800e+03,4.8078e-09
8.3000e+03,4.7507e-09
8.3200e+03,4.6052e-09
8.3400e+03,4.4303e-09
8.3600e+03,4.5340e-09
8.3800e+03,4.5187e-09
8.4000e+03,4.5747e-09
8.4200e+03,4.5911e-09
8.4400e+03,4.6853e-09
8.4600e+03,4.7896e-09
8.4800e+03,4.6773e-09
8.5000e+03,4.5823e-09
8.5200e+03,4.5576e-09
8.5400e+03,4.3372e-09
8.5600e+03,4.5601e-09
8.5800e+03,4.7813e-09
8.6000e+03,4.8060e-09
8.6200e+03,4.8544e-09
8.6400e+03,4.7045e-09
8.6600e+03,4.4667e-09
8.6800e+03,4.5012e-09
8.7000e+03,4.8111e-09
8.7200e+03,4.8907e-09
8.7400e+03,4.8129e-09
8.7600e+03,4.7544e-09
8.7800e+03,4.8140e-09
8.8000e+03,4.6751e-09
8.8200e+03,4.6325e-09
8.8400e+03,4.7504e-09
8.8600e+03,4.7958e-09
8.8800e+03,4.7827e-09
8.9000e+03,4.7627e-09
8.9200e+03,4.7598e-09
8.9400e+03,4.7565e-09
8.9600e+03,4.8078e-09
8.9800e+03,4.8198e-09
9.0000e+03,4.4889e-09
9.0200e+03,4.8056e-09
9.0400e+03,5.1100e-09
9.0600e+03,4.7278e-09
9.0800e+03,4.3601e-09
9.1000e+03,4.4623e-09
9.1200e+03,4.4092e-09
9.1400e+03,4.1852e-09
9.1600e+03,4.1201e-09
9.1800e+03,4.3412e-09
9.2000e+03,4.6223e-09
9.2200e+03,4.5616e-09
9.2400e+03,4.6060e-09
9.2600e+03,4.4543e-09
9.2800e+03,4.7362e-09
9.3000e+03,5.0158e-09
9.3200e+03,4.7667e-09
9.3400e+03,5.7076e-09
9.3600e+03,4.4183e-09
9.3800e+03,4.7616e-09
9.4000e+03,5.6021e-09
9.4200e+03,4.4769e-09
9.4400e+03,4.3085e-09
9.4600e+03,4.9940e-09
9.4800e+03,4.8271e-09
9.5000e+03,4.8616e-09
9.5200e+03,5.3050e-09
9.5400e+03,5.4693e-09
9.5600e+03,5.0246e-09
9.5800e+03,4.7649e-09
9.6000e+03,4.5132e-09
9.6200e+03,4.5103e-09
9.6400e+03,4.4620e-09
9.6600e+03,4.4140e-09
9.6800e+03,4.4820e-09
9.7000e+03,4.2139e-09
9.7200e+03,4.2747e-09
9.7400e+03,4.2052e-09
9.7600e+03,4.3230e-09
9.7800e+03,4.2503e-09
9.8000e+03,4.2925e-09
9.8200e+03,4.3529e-09
9.8400e+03,4.3430e-09
9.8600e+03,4.2277e-09
9.8800e+03,4.2714e-09
9.9000e+03,4.2838e-09
9.9200e+03,4.3187e-09
9.9400e+03,4.3489e-09
9.9600e+03,4.4285e-09
9.9800e+03,4.3612e-09
1.0000e+04,4.5172e-09
1.0020e+04,4.6718e-09
1.0040e+04,4.4692e-09
1.0060e+04,4.3805e-09
1.0080e+04,4.4503e-09
1.0100e+04,4.4292e-09
1.0120e+04,4.4587e-09
1.0140e+04,4.4336e-09
1.0160e+04,4.4052e-09
1.0180e+04,4.3838e-09
1.0200e+04,4.3150e-09
1.0220e+04,4.2896e-09
1.0240e+04,4.3689e-09
1.0260e+04,4.4016e-09
1.0280e+04,4.3823e-09
1.0300e+04,4.4045e-09
1.0320e+04,4.2990e-09
1.0340e+04,4.1925e-09
1.0360e+04,4.2430e-09
1.0380e+04,4.2932e-09
1.0400e+04,4.3241e-09
1.0420e+04,4.3405e-09
1.0440e+04,4.4030e-09
1.0460e+04,4.3205e-09
1.0480e+04,4.3285e-09
1.0500e+04,4.3052e-09
1.0520e+04,4.3423e-09
1.0540e+04,4.2656e-09
1.0560e+04,4.2965e-09
1.0580e+04,4.2561e-09
1.0600e+04,4.2376e-09
1.0800e+04,4.1059e-09
1.1000e+04,3.9554e-09
1.1200e+04,3.7950e-09
1.1400e+04,3.6323e-09
1.1600e+04,3.4737e-09
1.1800e+04,3.3248e-09
1.2000e+04,3.1903e-09
1.2200e+04,3.0739e-09
1.2400e+04,2.9791e-09
1.2600e+04,2.9013e-09
1.2800e+04,2.8466e-09
1.3000e+04,2.8101e-09
1.3200e+04,2.7737e-09
1.3400e+04,2.7380e-09
1.3600e+04,2.7071e-09
1.3800e+04,2.6460e-09
1.4000e+04,2.5485e-09
1.4200e+04,2.4383e-09
1.4400e+04,2.3883e-09
1.4600e+04,2.3463e-09
1.4800e+04,2.3216e-09
1.5000e+04,2.3098e-09
1.5200e+04,2.2971e-09
1.5400e+04,2.2907e-09
1.5600e+04,2.2669e-09
1.5800e+04,2.2432e-09
1.6000e+04,2.2360e-09
1.6200e+04,2.2352e-09
1.6400e+04,2.2050e-09
1.6600e+04,2.1448e-09
1.6800e+04,2.0846e-09
1.7000e+04,2.0116e-09
1.7200e+04,1.9514e-09
1.7400e+04,1.8856e-09
1.7600e+04,1.8190e-09
1.7800e+04,1.7588e-09
1.8000e+04,1.7049e-09
1.8200e+04,1.6502e-09
1.8400e+04,1.5900e-09
1.8600e+04,1.5416e-09
1.8800e+04,1.4877e-09
1.9000e+04,1.4394e-09
1.9200e+04,1.3882e-09
1.9400e+04,1.3463e-09
1.9600e+04,1.3042e-09
1.9800e+04,1.2559e-09
2.0000e+04,1.2086e-09
2.0200e+04,1.1683e-09
2.0400e+04,1.1285e-09
2.0600e+04,1.0898e-09
2.0800e+04,1.0575e-09
2.1000e+04,1.0199e-09
2.1200e+04,9.8440e-10
2.1400e+04,9.5320e-10
2.1600e+04,9.2305e-10
2.1800e+04,8.9406e-10
2.2000e+04,8.6504e-10
2.2200e+04,8.3602e-10
2.2400e+04,8.1071e-10
2.2600e+04,7.8227e-10
2.2800e+04,7.3863e-10
2.3000e+04,6.8957e-10
2.3200e+04,6.4480e-10
2.3400e+04,6.0872e-10
2.3600e+04,5.7694e-10
2.3800e+04,5.5221e-10
2.4000e+04,5.3981e-10
2.4200e+04,5.1900e-10
2.4400e+04,5.0635e-10
2.4600e+04,4.9246e-10
2.4800e+04,4.8104e-10
2.5000e+04,4.7074e-10
2.5200e+04,4.6052e-10
2.5400e+04,4.5085e-10
2.5600e+04,4.4743e-10
