# wavelength, f_lambda
2.2900e+02,0.0000e+00
2.3400e+02,0.0000e+00
2.4300e+02,0.0000e+00
2.5200e+02,0.0000e+00
2.5600e+02,0.0000e+00
2.6000e+02,0.0000e+00
2.6600e+02,0.0000e+00
2.7500e+02,0.0000e+00
2.8300e+02,0.0000e+00
2.9300e+02,0.0000e+00
3.0100e+02,0.0000e+00
3.0900e+02,0.0000e+00
3.2500e+02,0.0000e+00
3.4200e+02,0.0000e+00
3.5100e+02,0.0000e+00
3.5600e+02,0.0000e+00
3.6500e+02,0.0000e+00
3.7500e+02,0.0000e+00
3.8400e+02,0.0000e+00
4.0000e+02,0.0000e+00
4.1500e+02,0.0000e+00
4.2500e+02,0.0000e+00
4.4500e+02,0.0000e+00
4.7200e+02,0.0000e+00
4.9400e+02,0.0000e+00
5.0600e+02,0.0000e+00
5.1600e+02,0.0000e+00
5.4000e+02,0.0000e+00
5.6400e+02,0.0000e+00
5.8700e+02,0.0000e+00
6.1200e+02,0.0000e+00
6.4000e+02,0.0000e+00
6.7100e+02,0.0000e+00
7.0500e+02,0.0000e+00
7.3600e+02,0.0000e+00
7.7000e+02,0.0000e+00
8.1000e+02,0.0000e+00
8.5000e+02,0.0000e+00
8.9000e+02,0.0000e+00
9.2000e+02,0.0000e+00
9.4000e+02,0.0000e+00
9.6200e+02,0.0000e+00
9.8700e+02,0.0000e+00
1.0120e+03,0.0000e+00
1.0370e+03,0.0000e+00
1.0620e+03,0.0000e+00
1.0870e+03,0.0000e+00
1.1120e+03,0.0000e+00
1.1200e+03,0.0000e+00
1.1400e+03,0.0000e+00
1.1600e+03,0.0000e+00
1.1800e+03,0.0000e+00
1.2000e+03,0.0000e+00
1.2200e+03,0.0000e+00
1.2400e+03,0.0000e+00
1.2600e+03,0.0000e+00
1.2800e+03,0.0000e+00
1.3000e+03,0.0000e+00
1.3200e+03,0.0000e+00
1.3400e+03,0.0000e+00
1.3600e+03,0.0000e+00
1.3800e+03,0.0000e+00
1.4000e+03,0.0000e+00
1.4200e+03,0.0000e+00
1.4400e+03,0.0000e+00
1.4600e+03,0.0000e+00
1.4800e+03,0.0000e+00
1.5000e+03,0.0000e+00
1.5200e+03,0.0000e+00
1.5400e+03,0.0000e+00
1.5600e+03,0.0000e+00
1.5800e+03,0.0000e+00
1.6000e+03,0.0000e+00
1.6200e+03,0.0000e+00
1.6400e+03,0.0000e+00
1.6600e+03,0.0000e+00
1.6800e+03,0.0000e+00
1.7000e+03,0.0000e+00
1.7200e+03,0.0000e+00
1.7400e+03,0.0000e+00
1.7600e+03,0.0000e+00
1.7800e+03,0.0000e+00
1.8000e+03,0.0000e+00
1.8200e+03,0.0000e+00
1.8400e+03,0.0000e+00
1.8600e+03,0.0000e+00
1.8800e+03,0.0000e+00
1.9000e+03,0.0000e+00
1.9200e+03,0.0000e+00
1.9400e+03,0.0000e+00
1.9600e+03,0.0000e+00
1.9800e+03,0.0000e+00
2.0000e+03,1.7596e-12
2.0025e+03,2.1188e-12
2.0050e+03,1.7548e-12
2.0075e+03,3.1287e-12
2.0100e+03,3.5950e-12
2.0125e+03,3.3483e-12
2.0150e+03,3.1702e-12
2.0175e+03,3.0665e-12
2.0200e+03,1.6132e-12
2.0225e+03,6.1570e-13
2.0250e+03,1.2639e-12
2.0275e+03,1.7723e-12
2.0300e+03,1.7213e-12
2.0325e+03,2.3401e-12
2.0350e+03,3.4054e-12
2.0375e+03,2.9388e-12
2.0400e+03,2.4722e-12
2.0425e+03,2.4375e-12
2.0450e+03,2.6755e-12
2.0475e+03,3.4130e-12
2.0500e+03,3.7939e-12
2.0525e+03,4.0359e-12
2.0550e+03,3.5805e-12
2.0575e+03,2.7327e-12
2.0600e+03,3.0850e-12
2.0625e+03,3.8704e-12
2.0650e+03,5.3371e-12
2.0675e+03,6.0787e-12
2.0700e+03,4.9557e-12
2.0725e+03,4.5201e-12
2.0750e+03,4.5114e-12
2.0775e+03,5.6889e-12
2.0800e+03,6.8664e-12
2.0825e+03,7.2764e-12
2.0850e+03,7.2200e-12
2.0875e+03,6.4638e-12
2.0900e+03,6.0414e-12
2.0925e+03,5.7024e-12
2.0950e+03,5.4627e-12
2.0975e+03,5.1893e-12
2.1000e+03,4.3902e-12
2.1025e+03,3.6849e-12
2.1050e+03,3.0992e-12
2.1075e+03,2.2068e-12
2.1100e+03,7.6885e-13
2.1125e+03,1.4105e-12
2.1150e+03,2.5662e-12
2.1175e+03,2.9723e-12
2.1200e+03,3.4343e-12
2.1225e+03,4.5395e-12
2.1250e+03,5.4894e-12
2.1275e+03,6.2705e-12
2.1300e+03,6.7262e-12
2.1325e+03,7.1373e-12
2.1350e+03,7.4136e-12
2.1375e+03,7.3690e-12
2.1400e+03,6.1753e-12
2.1425e+03,4.4433e-12
2.1450e+03,2.3529e-12
2.1475e+03,1.4112e-12
2.1500e+03,1.5301e-12
2.1525e+03,1.8455e-12
2.1550e+03,1.8973e-12
2.1575e+03,9.9532e-13
2.1600e+03,4.7313e-13
2.1625e+03,1.9455e-12
2.1650e+03,2.5979e-12
2.1675e+03,2.6059e-12
2.1700e+03,2.3764e-12
2.1725e+03,2.1371e-12
2.1750e+03,1.7543e-12
2.1775e+03,1.4668e-12
2.1800e+03,1.4751e-12
2.1825e+03,1.2197e-12
2.1850e+03,9.1991e-13
2.1875e+03,6.2017e-13
2.1900e+03,3.2044e-13
2.1925e+03,9.2625e-13
2.1950e+03,1.5320e-12
2.1975e+03,2.3558e-12
2.2000e+03,2.9849e-12
2.2025e+03,2.9376e-12
2.2050e+03,2.9719e-12
2.2075e+03,3.0522e-12
2.2100e+03,2.5509e-12
2.2125e+03,1.5927e-12
2.2150e+03,1.6711e-12
2.2175e+03,1.4727e-12
2.2200e+03,7.0575e-13
2.2225e+03,7.7881e-14
2.2250e+03,1.1681e-13
2.2275e+03,1.5574e-13
2.2300e+03,1.9466e-13
2.2325e+03,2.3359e-13
2.2350e+03,2.7252e-13
2.2375e+03,2.9965e-13
2.2400e+03,9.3913e-13
2.2425e+03,2.4970e-12
2.2450e+03,3.2577e-12
2.2475e+03,3.7083e-12
2.2500e+03,4.2910e-12
2.2525e+03,4.9722e-12
2.2550e+03,6.2185e-12
2.2575e+03,6.6453e-12
2.2600e+03,6.0297e-12
2.2625e+03,5.5242e-12
2.2650e+03,5.2141e-12
2.2675e+03,5.3884e-12
2.2700e+03,5.7306e-12
2.2725e+03,6.1508e-12
2.2750e+03,6.5051e-12
2.2775e+03,6.0959e-12
2.2800e+03,5.4887e-12
2.2825e+03,4.6669e-12
2.2850e+03,3.6462e-12
2.2875e+03,2.5985e-12
2.2900e+03,2.2099e-12
2.2925e+03,1.9455e-12
2.2950e+03,1.3842e-12
2.2975e+03,1.1286e-12
2.3000e+03,1.1555e-12
2.3025e+03,1.3313e-12
2.3050e+03,1.6969e-12
2.3075e+03,1.6917e-12
2.3100e+03,1.7114e-12
2.3125e+03,2.0341e-12
2.3150e+03,2.4340e-12
2.3175e+03,3.2397e-12
2.3200e+03,4.6450e-12
2.3225e+03,6.5220e-12
2.3250e+03,7.5626e-12
2.3275e+03,8.5685e-12
2.3300e+03,9.3683e-12
2.3325e+03,9.7317e-12
2.3350e+03,9.0447e-12
2.3375e+03,8.4360e-12
2.3400e+03,7.8796e-12
2.3425e+03,6.5992e-12
2.3450e+03,4.6501e-12
2.3475e+03,3.5199e-12
2.3500e+03,2.8562e-12
2.3525e+03,3.0324e-12
2.3550e+03,3.5675e-12
2.3575e+03,5.2398e-12
2.3600e+03,5.8833e-12
2.3625e+03,5.9916e-12
2.3650e+03,7.1373e-12
2.3675e+03,8.2826e-12
2.3700e+03,7.9978e-12
2.3725e+03,8.3221e-12
2.3750e+03,9.8357e-12
2.3775e+03,9.5681e-12
2.3800e+03,8.7379e-12
2.3825e+03,8.1937e-12
2.3850e+03,7.8393e-12
2.3875e+03,7.8221e-12
2.3900e+03,7.8053e-12
2.3925e+03,7.9012e-12
2.3950e+03,7.1753e-12
2.3975e+03,4.6838e-12
2.4000e+03,4.1450e-12
2.4025e+03,4.3657e-12
2.4050e+03,2.8465e-12
2.4075e+03,4.7859e-13
2.4100e+03,1.2361e-12
2.4125e+03,2.1169e-12
2.4150e+03,3.1548e-12
2.4175e+03,4.6245e-12
2.4200e+03,6.8617e-12
2.4225e+03,7.5374e-12
2.4250e+03,7.7127e-12
2.4275e+03,7.8064e-12
2.4300e+03,7.9001e-12
2.4325e+03,6.1490e-12
2.4350e+03,4.7614e-12
2.4375e+03,3.9188e-12
2.4400e+03,4.3247e-12
2.4425e+03,5.0428e-12
2.4450e+03,6.0172e-12
2.4475e+03,6.9986e-12
2.4500e+03,7.2998e-12
2.4525e+03,7.8353e-12
2.4550e+03,8.5871e-12
2.4575e+03,9.2983e-12
2.4600e+03,9.9583e-12
2.4625e+03,1.0550e-11
2.4650e+03,1.0678e-11
2.4675e+03,9.3774e-12
2.4700e+03,8.3708e-12
2.4725e+03,8.9092e-12
2.4750e+03,9.1501e-12
2.4775e+03,9.0688e-12
2.4800e+03,9.8313e-12
2.4825e+03,1.0709e-11
2.4850e+03,8.6344e-12
2.4875e+03,6.6098e-12
2.4900e+03,7.7361e-12
2.4925e+03,7.7032e-12
2.4950e+03,6.8968e-12
2.4975e+03,7.0282e-12
2.5000e+03,8.0249e-12
2.5025e+03,8.0297e-12
2.5050e+03,8.1523e-12
2.5075e+03,8.7101e-12
2.5100e+03,9.1457e-12
2.5125e+03,9.1944e-12
2.5150e+03,8.2778e-12
2.5175e+03,6.8181e-12
2.5200e+03,6.2731e-12
2.5225e+03,5.7658e-12
2.5250e+03,6.9978e-12
2.5275e+03,8.5820e-12
2.5300e+03,1.0461e-11
2.5325e+03,1.1595e-11
2.5350e+03,1.2379e-11
2.5375e+03,1.2575e-11
2.5400e+03,1.2379e-11
2.5425e+03,1.2965e-11
2.5450e+03,1.3239e-11
2.5475e+03,1.3045e-11
2.5500e+03,1.2748e-11
2.5525e+03,1.2234e-11
2.5550e+03,1.2045e-11
2.5575e+03,1.2075e-11
2.5600e+03,1.2790e-11
2.5625e+03,1.3506e-11
2.5650e+03,1.4274e-11
2.5675e+03,1.4552e-11
2.5700e+03,1.3961e-11
2.5725e+03,1.2017e-11
2.5750e+03,9.6450e-12
2.5775e+03,7.9023e-12
2.5800e+03,6.5560e-12
2.5825e+03,6.3660e-12
2.5850e+03,7.2848e-12
2.5875e+03,9.4049e-12
2.5900e+03,1.1204e-11
2.5925e+03,1.2522e-11
2.5950e+03,1.3132e-11
2.5975e+03,1.3566e-11
2.6000e+03,1.4832e-11
2.6025e+03,1.6413e-11
2.6050e+03,1.7928e-11
2.6075e+03,1.9410e-11
2.6100e+03,2.0859e-11
2.6125e+03,2.1495e-11
2.6150e+03,2.1095e-11
2.6175e+03,2.0839e-11
2.6200e+03,2.0625e-11
2.6225e+03,2.0399e-11
2.6250e+03,2.0384e-11
2.6275e+03,2.2804e-11
2.6300e+03,2.4872e-11
2.6325e+03,2.6558e-11
2.6350e+03,2.7922e-11
2.6375e+03,2.9243e-11
2.6400e+03,2.9059e-11
2.6425e+03,2.8521e-11
2.6450e+03,2.8066e-11
2.6475e+03,2.7697e-11
2.6500e+03,2.7386e-11
2.6525e+03,2.7894e-11
2.6550e+03,2.9158e-11
2.6575e+03,2.9856e-11
2.6600e+03,3.0517e-11
2.6625e+03,3.1213e-11
2.6650e+03,3.1587e-11
2.6675e+03,3.0266e-11
2.6700e+03,3.0166e-11
2.6725e+03,3.1025e-11
2.6750e+03,3.1369e-11
2.6775e+03,3.1693e-11
2.6800e+03,3.3715e-11
2.6825e+03,3.5481e-11
2.6850e+03,3.5992e-11
2.6875e+03,3.5390e-11
2.6900e+03,3.4265e-11
2.6925e+03,3.1490e-11
2.6950e+03,2.7616e-11
2.6975e+03,2.4207e-11
2.7000e+03,2.3234e-11
2.7025e+03,2.2362e-11
2.7050e+03,2.6227e-11
2.7075e+03,2.9862e-11
2.7100e+03,3.1239e-11
2.7125e+03,3.1653e-11
2.7150e+03,3.1615e-11
2.7175e+03,2.9571e-11
2.7200e+03,2.6190e-11
2.7225e+03,2.7888e-11
2.7250e+03,2.9862e-11
2.7275e+03,3.2424e-11
2.7300e+03,3.4784e-11
2.7325e+03,3.6506e-11
2.7350e+03,3.7328e-11
2.7375e+03,3.7625e-11
2.7400e+03,3.7427e-11
2.7425e+03,3.7233e-11
2.7450e+03,3.8338e-11
2.7475e+03,3.9290e-11
2.7500e+03,3.9868e-11
2.7525e+03,4.0600e-11
2.7550e+03,4.1384e-11
2.7575e+03,4.0750e-11
2.7600e+03,4.0011e-11
2.7625e+03,4.5725e-11
2.7650e+03,5.0608e-11
2.7675e+03,5.4590e-11
2.7700e+03,5.9107e-11
2.7725e+03,6.4418e-11
2.7750e+03,6.4092e-11
2.7775e+03,6.1461e-11
2.7800e+03,5.8035e-11
2.7825e+03,5.4737e-11
2.7850e+03,5.4491e-11
2.7875e+03,6.0231e-11
2.7900e+03,7.3584e-11
2.7925e+03,8.0696e-11
2.7950e+03,8.6618e-11
2.7975e+03,9.3745e-11
2.8000e+03,9.7174e-11
2.8025e+03,7.9221e-11
2.8050e+03,6.9865e-11
2.8075e+03,6.7266e-11
2.8100e+03,6.3283e-11
2.8125e+03,5.7808e-11
2.8150e+03,6.0330e-11
2.8175e+03,6.3942e-11
2.8200e+03,6.5846e-11
2.8225e+03,6.6845e-11
2.8250e+03,6.4371e-11
2.8275e+03,6.3196e-11
2.8300e+03,6.3210e-11
2.8325e+03,6.2361e-11
2.8350e+03,6.0403e-11
2.8375e+03,6.1413e-11
2.8400e+03,6.1984e-11
2.8425e+03,5.9378e-11
2.8450e+03,5.5886e-11
2.8475e+03,4.7745e-11
2.8500e+03,4.0824e-11
2.8525e+03,3.4867e-11
2.8550e+03,3.5812e-11
2.8575e+03,3.7046e-11
2.8600e+03,4.2592e-11
2.8625e+03,4.9030e-11
2.8650e+03,5.6263e-11
2.8675e+03,6.0747e-11
2.8700e+03,6.3401e-11
2.8725e+03,6.7449e-11
2.8750e+03,7.2789e-11
2.8775e+03,7.5802e-11
2.8800e+03,7.8360e-11
2.8825e+03,8.0381e-11
2.8850e+03,8.3507e-11
2.8875e+03,9.0139e-11
2.8900e+03,9.7632e-11
2.8925e+03,1.0575e-10
2.8950e+03,1.1715e-10
2.8975e+03,1.2855e-10
2.9000e+03,1.3603e-10
2.9025e+03,1.4306e-10
2.9050e+03,1.4961e-10
2.9075e+03,1.5241e-10
2.9100e+03,1.5402e-10
2.9125e+03,1.5603e-10
2.9150e+03,1.5831e-10
2.9175e+03,1.5671e-10
2.9200e+03,1.5444e-10
2.9225e+03,1.5115e-10
2.9250e+03,1.4854e-10
2.9275e+03,1.4735e-10
2.9300e+03,1.4419e-10
2.9325e+03,1.4072e-10
2.9350e+03,1.4060e-10
2.9375e+03,1.4033e-10
2.9400e+03,1.3635e-10
2.9425e+03,1.3501e-10
2.9450e+03,1.3702e-10
2.9475e+03,1.3504e-10
2.9500e+03,1.3230e-10
2.9525e+03,1.3805e-10
2.9550e+03,1.4501e-10
2.9575e+03,1.4418e-10
2.9600e+03,1.4159e-10
2.9625e+03,1.3709e-10
2.9650e+03,1.2795e-10
2.9675e+03,1.1185e-10
2.9700e+03,1.1501e-10
2.9725e+03,1.2257e-10
2.9750e+03,1.2854e-10
2.9775e+03,1.3471e-10
2.9800e+03,1.4237e-10
2.9825e+03,1.4472e-10
2.9850e+03,1.4215e-10
2.9875e+03,1.4097e-10
2.9900e+03,1.3991e-10
2.9925e+03,1.3535e-10
2.9950e+03,1.2910e-10
2.9975e+03,1.1963e-10
3.0000e+03,1.1574e-10
3.0025e+03,1.1500e-10
3.0050e+03,1.2081e-10
3.0075e+03,1.3370e-10
3.0100e+03,1.3770e-10
3.0125e+03,1.3832e-10
3.0150e+03,1.3336e-10
3.0175e+03,1.2891e-10
3.0200e+03,1.2647e-10
3.0225e+03,1.2997e-10
3.0250e+03,1.3742e-10
3.0275e+03,1.5571e-10
3.0300e+03,1.8401e-10
3.0325e+03,1.8604e-10
3.0350e+03,1.8672e-10
3.0375e+03,1.8939e-10
3.0400e+03,1.8840e-10
3.0425e+03,1.7581e-10
3.0450e+03,1.8446e-10
3.0475e+03,2.0506e-10
3.0500e+03,1.9991e-10
3.0525e+03,1.9368e-10
3.0550e+03,1.9837e-10
3.0575e+03,1.9983e-10
3.0600e+03,1.8913e-10
3.0625e+03,1.9742e-10
3.0650e+03,2.1464e-10
3.0675e+03,2.3225e-10
3.0700e+03,2.5012e-10
3.0725e+03,2.6562e-10
3.0750e+03,2.7484e-10
3.0775e+03,2.7466e-10
3.0800e+03,2.7416e-10
3.0825e+03,2.7299e-10
3.0850e+03,2.6744e-10
3.0875e+03,2.6065e-10
3.0900e+03,2.5728e-10
3.0925e+03,2.5403e-10
3.0950e+03,2.5357e-10
3.0975e+03,2.6203e-10
3.1000e+03,2.8634e-10
3.1025e+03,3.0881e-10
3.1050e+03,3.3069e-10
3.1075e+03,3.5542e-10
3.1100e+03,3.7855e-10
3.1125e+03,3.6764e-10
3.1150e+03,3.5852e-10
3.1175e+03,3.5129e-10
3.1200e+03,3.4336e-10
3.1225e+03,3.3437e-10
3.1250e+03,3.3677e-10
3.1275e+03,3.4268e-10
3.1300e+03,3.5124e-10
3.1325e+03,3.6034e-10
3.1350e+03,3.7346e-10
3.1375e+03,3.8737e-10
3.1400e+03,4.0205e-10
3.1425e+03,4.0622e-10
3.1450e+03,4.0842e-10
3.1475e+03,4.0955e-10
3.1500e+03,4.0886e-10
3.1525e+03,4.0011e-10
3.1550e+03,3.8968e-10
3.1575e+03,3.7793e-10
3.1600e+03,3.6022e-10
3.1625e+03,3.3604e-10
3.1650e+03,3.5627e-10
3.1675e+03,3.8496e-10
3.1700e+03,4.1988e-10
3.1725e+03,4.5578e-10
3.1750e+03,4.9554e-10
3.1775e+03,5.0000e-10
3.1800e+03,4.8097e-10
3.1825e+03,4.7079e-10
3.1850e+03,4.6058e-10
3.1875e+03,4.5439e-10
3.1900e+03,4.5476e-10
3.1925e+03,4.7485e-10
3.1950e+03,4.8188e-10
3.1975e+03,4.8159e-10
3.2000e+03,4.8638e-10
3.2025e+03,4.8075e-10
3.2050e+03,4.7507e-10
3.2075e+03,4.6940e-10
3.2100e+03,4.6376e-10
3.2125e+03,4.5809e-10
3.2150e+03,4.5242e-10
3.2175e+03,4.4678e-10
3.2200e+03,4.4111e-10
3.2225e+03,4.5692e-10
3.2250e+03,4.7273e-10
3.2275e+03,4.8858e-10
3.2300e+03,5.0439e-10
3.2325e+03,5.2021e-10
3.2350e+03,5.3606e-10
3.2375e+03,5.5187e-10
3.2400e+03,5.6768e-10
3.2600e+03,6.3551e-10
3.2700e+03,6.5073e-10
3.2800e+03,6.7555e-10
3.2900e+03,7.5147e-10
3.3000e+03,8.0121e-10
3.3100e+03,7.2617e-10
3.3200e+03,7.3108e-10
3.3300e+03,6.8463e-10
3.3400e+03,7.3880e-10
3.3500e+03,7.3452e-10
3.3600e+03,7.0363e-10
3.3700e+03,6.2072e-10
3.3800e+03,6.9005e-10
3.3900e+03,7.6376e-10
3.4000e+03,7.8789e-10
3.4100e+03,7.2145e-10
3.4200e+03,7.4122e-10
3.4300e+03,7.3558e-10
3.4400e+03,6.2226e-10
3.4500e+03,6.5699e-10
3.4600e+03,7.3708e-10
3.4700e+03,6.8635e-10
3.4800e+03,7.3243e-10
3.4900e+03,7.3580e-10
3.5000e+03,7.6871e-10
3.5100e+03,8.6355e-10
3.5200e+03,7.4740e-10
3.5300e+03,8.0820e-10
3.5400e+03,9.3192e-10
3.5500e+03,8.8013e-10
3.5600e+03,7.1479e-10
3.5700e+03,6.1805e-10
3.5800e+03,6.0582e-10
3.5900e+03,6.5912e-10
3.6000e+03,7.2076e-10
3.6100e+03,6.9949e-10
3.6200e+03,7.8434e-10
3.6300e+03,8.3759e-10
3.6400e+03,7.9550e-10
3.6500e+03,9.3931e-10
3.6600e+03,1.0579e-09
3.6700e+03,1.0869e-09
3.6800e+03,1.0013e-09
3.6900e+03,1.0368e-09
3.7000e+03,9.2870e-10
3.7100e+03,7.7010e-10
3.7200e+03,7.0732e-10
3.7300e+03,6.0088e-10
3.7400e+03,5.5502e-10
3.7500e+03,6.4729e-10
3.7600e+03,7.2222e-10
3.7700e+03,9.3060e-10
3.7800e+03,1.0371e-09
3.7900e+03,8.5721e-10
3.8000e+03,8.1497e-10
3.8100e+03,7.8075e-10
3.8200e+03,5.7778e-10
3.8300e+03,5.7749e-10
3.8400e+03,6.2295e-10
3.8500e+03,6.9371e-10
3.8600e+03,6.6973e-10
3.8700e+03,6.6098e-10
3.8800e+03,7.1944e-10
3.8900e+03,8.4243e-10
3.9000e+03,8.8273e-10
3.9100e+03,1.0159e-09
3.9200e+03,8.5344e-10
3.9300e+03,7.4103e-10
3.9400e+03,8.6633e-10
3.9500e+03,1.0104e-09
3.9600e+03,9.2361e-10
3.9700e+03,1.0073e-09
3.9800e+03,1.3741e-09
3.9900e+03,1.7686e-09
4.0000e+03,1.8607e-09
4.0100e+03,2.0016e-09
4.0200e+03,1.9586e-09
4.0300e+03,1.7892e-09
4.0400e+03,1.7776e-09
4.0500e+03,1.7899e-09
4.0600e+03,1.7696e-09
4.0700e+03,1.8463e-09
4.0800e+03,2.0312e-09
4.0900e+03,2.1670e-09
4.1000e+03,2.0730e-09
4.1100e+03,2.1308e-09
4.1200e+03,2.1080e-09
4.1300e+03,2.0502e-09
4.1400e+03,1.8525e-09
4.1500e+03,1.9762e-09
4.1600e+03,2.0349e-09
4.1700e+03,2.0539e-09
4.1800e+03,1.9932e-09
4.1900e+03,1.9329e-09
4.2000e+03,2.0133e-09
4.2100e+03,2.1130e-09
4.2200e+03,1.7880e-09
4.2300e+03,1.7677e-09
4.2400e+03,1.9279e-09
4.2500e+03,1.9897e-09
4.2600e+03,1.9711e-09
4.2700e+03,2.0089e-09
4.2800e+03,1.9643e-09
4.2900e+03,1.9128e-09
4.3000e+03,1.7558e-09
4.3100e+03,2.1450e-09
4.3200e+03,2.4357e-09
4.3300e+03,2.5878e-09
4.3400e+03,2.6303e-09
4.3500e+03,2.8082e-09
4.3600e+03,2.9019e-09
4.3700e+03,2.7377e-09
4.3800e+03,2.4194e-09
4.3900e+03,2.6193e-09
4.4000e+03,2.5452e-09
4.4100e+03,2.7026e-09
4.4200e+03,2.8767e-09
4.4300e+03,2.8831e-09
4.4400e+03,3.0220e-09
4.4500e+03,2.8605e-09
4.4600e+03,2.8264e-09
4.4700e+03,3.2702e-09
4.4800e+03,3.3260e-09
4.4900e+03,3.3598e-09
4.5000e+03,3.5104e-09
4.5100e+03,3.5376e-09
4.5200e+03,3.2495e-09
4.5300e+03,3.1543e-09
4.5400e+03,3.3937e-09
4.5500e+03,3.5778e-09
4.5600e+03,3.5552e-09
4.5700e+03,3.5801e-09
4.5800e+03,3.5608e-09
4.5900e+03,3.5448e-09
4.6000e+03,3.5562e-09
4.6100e+03,3.6753e-09
4.6200e+03,3.5573e-09
4.6300e+03,3.6261e-09
4.6400e+03,3.5722e-09
4.6500e+03,3.5909e-09
4.6600e+03,3.5560e-09
4.6700e+03,3.4902e-09
4.6800e+03,3.5780e-09
4.6900e+03,3.4651e-09
4.7000e+03,3.4806e-09
4.7100e+03,3.5973e-09
4.7200e+03,3.5701e-09
4.7300e+03,3.6082e-09
4.7400e+03,3.6856e-09
4.7500e+03,3.6070e-09
4.7600e+03,3.5270e-09
4.7700e+03,3.5240e-09
4.7800e+03,3.4781e-09
4.7900e+03,3.7310e-09
4.8000e+03,3.8159e-09
4.8100e+03,3.7954e-09
4.8200e+03,3.6966e-09
4.8300e+03,3.5926e-09
4.8400e+03,3.6386e-09
4.8500e+03,3.5308e-09
4.8600e+03,3.4202e-09
4.8700e+03,3.4836e-09
4.8800e+03,3.3365e-09
4.8900e+03,3.4845e-09
4.9000e+03,3.6316e-09
4.9100e+03,3.4243e-09
4.9200e+03,3.3856e-09
4.9300e+03,3.5280e-09
4.9400e+03,3.4120e-09
4.9500e+03,3.4786e-09
4.9600e+03,3.4733e-09
4.9700e+03,3.4498e-09
4.9800e+03,3.2973e-09
4.9900e+03,3.2474e-09
5.0000e+03,3.1970e-09
5.0100e+03,3.1182e-09
5.0200e+03,3.2397e-09
5.0300e+03,3.2474e-09
5.0400e+03,3.0654e-09
5.0500e+03,3.1834e-09
5.0600e+03,3.1330e-09
5.0700e+03,2.9569e-09
5.0800e+03,2.9862e-09
5.0900e+03,3.0209e-09
5.1000e+03,2.8293e-09
5.1100e+03,2.9202e-09
5.1200e+03,2.9631e-09
5.1300e+03,2.8750e-09
5.1400e+03,2.8171e-09
5.1500e+03,2.7898e-09
5.1600e+03,2.5411e-09
5.1700e+03,2.2655e-09
5.1800e+03,2.4638e-09
5.1900e+03,2.8461e-09
5.2000e+03,2.7524e-09
5.2100e+03,2.9810e-09
5.2200e+03,3.2159e-09
5.2300e+03,3.2928e-09
5.2400e+03,3.4007e-09
5.2500e+03,3.3918e-09
5.2600e+03,2.9862e-09
5.2700e+03,3.0851e-09
5.2800e+03,3.5970e-09
5.2900e+03,3.5484e-09
5.3000e+03,3.5342e-09
5.3100e+03,3.6437e-09
5.3200e+03,3.3578e-09
5.3300e+03,3.3092e-09
5.3400e+03,3.5088e-09
5.3500e+03,3.6786e-09
5.3600e+03,3.5020e-09
5.3700e+03,3.5662e-09
5.3800e+03,3.6882e-09
5.3900e+03,3.5379e-09
5.4000e+03,3.3220e-09
5.4100e+03,3.4996e-09
5.4200e+03,3.6492e-09
5.4300e+03,3.7185e-09
5.4400e+03,3.7808e-09
5.4500e+03,3.7859e-09
5.4600e+03,3.7610e-09
5.4700e+03,3.7248e-09
5.4800e+03,3.8002e-09
5.4900e+03,3.8968e-09
5.5000e+03,3.8939e-09
5.5100e+03,3.8357e-09
5.5200e+03,3.7705e-09
5.5300e+03,3.8298e-09
5.5400e+03,3.9466e-09
5.5500e+03,3.9832e-09
5.5600e+03,3.8141e-09
5.5700e+03,3.7859e-09
5.5800e+03,3.6364e-09
5.5900e+03,3.6698e-09
5.6000e+03,3.8730e-09
5.6100e+03,3.9089e-09
5.6200e+03,3.8598e-09
5.6300e+03,3.8880e-09
5.6400e+03,3.9901e-09
5.6500e+03,3.9026e-09
5.6600e+03,3.9583e-09
5.6700e+03,3.9861e-09
5.6800e+03,3.8924e-09
5.6900e+03,3.9890e-09
5.7000e+03,3.9235e-09
5.7100e+03,3.8075e-09
5.7200e+03,3.9711e-09
5.7300e+03,4.0893e-09
5.7400e+03,4.1797e-09
5.7600e+03,4.2383e-09
5.7800e+03,4.2222e-09
5.8000e+03,4.2032e-09
5.8200e+03,4.1545e-09
5.8400e+03,4.2112e-09
5.8600e+03,4.0556e-09
5.8800e+03,3.7705e-09
5.9000e+03,3.8221e-09
5.9200e+03,4.0183e-09
5.9400e+03,4.1713e-09
5.9600e+03,4.1779e-09
5.9800e+03,4.1658e-09
6.0000e+03,4.1592e-09
6.0200e+03,4.1783e-09
6.0400e+03,4.1929e-09
6.0600e+03,4.2112e-09
6.0800e+03,4.1051e-09
6.1000e+03,4.1289e-09
6.1200e+03,4.1585e-09
6.1400e+03,4.0165e-09
6.1600e+03,4.0168e-09
6.1800e+03,4.0286e-09
6.2000e+03,4.1563e-09
6.2200e+03,3.9828e-09
6.2400e+03,3.9974e-09
6.2600e+03,3.9462e-09
6.2800e+03,3.9041e-09
6.3000e+03,4.0253e-09
6.3200e+03,4.0000e-09
6.3400e+03,3.9246e-09
6.3600e+03,4.0652e-09
6.3800e+03,4.0480e-09
6.4000e+03,3.9005e-09
6.4200e+03,3.9411e-09
6.4400e+03,3.8682e-09
6.4600e+03,3.9616e-09
6.4800e+03,4.0007e-09
6.5000e+03,4.0055e-09
6.5200e+03,4.0150e-09
6.5400e+03,3.9539e-09
6.5600e+03,3.8935e-09
6.5800e+03,3.8854e-09
6.6000e+03,3.9846e-09
6.6200e+03,3.9759e-09
6.6400e+03,3.8536e-09
6.6600e+03,3.9330e-09
6.6800e+03,3.9147e-09
6.7000e+03,3.8939e-09
6.7200e+03,3.9543e-09
6.7400e+03,3.9824e-09
6.7600e+03,3.9612e-09
6.7800e+03,3.9985e-09
6.8000e+03,3.8836e-09
6.8200e+03,3.9305e-09
6.8400e+03,3.9766e-09
6.8600e+03,3.8514e-09
6.8800e+03,3.7775e-09
6.9000e+03,3.8423e-09
6.9200e+03,3.8638e-09
6.9400e+03,3.8767e-09
6.9600e+03,3.8748e-09
6.9800e+03,3.8276e-09
7.0000e+03,3.6535e-09
7.0200e+03,3.8225e-09
7.0400e+03,3.8433e-09
7.0600e+03,3.7705e-09
7.0800e+03,3.8137e-09
7.1000e+03,3.7701e-09
7.1200e+03,3.6633e-09
7.1400e+03,3.6558e-09
7.1600e+03,3.6702e-09
7.1800e+03,3.8225e-09
7.2000e+03,3.8313e-09
7.2200e+03,3.7866e-09
7.2400e+03,3.7145e-09
7.2600e+03,3.6775e-09
7.2800e+03,3.6885e-09
7.3000e+03,3.7021e-09
7.3200e+03,3.6507e-09
7.3400e+03,3.5398e-09
7.3600e+03,3.4920e-09
7.3800e+03,3.5567e-09
7.4000e+03,3.5173e-09
7.4200e+03,3.5125e-09
7.4400e+03,3.5801e-09
7.4600e+03,3.6089e-09
7.4800e+03,3.5261e-09
7.5000e+03,3.5606e-09
7.5200e+03,3.4570e-09
7.5400e+03,3.5053e-09
7.5600e+03,3.5297e-09
7.5800e+03,3.1682e-09
7.6000e+03,3.1631e-09
7.6200e+03,4.0150e-09
7.6400e+03,3.7251e-09
7.6600e+03,3.5463e-09
7.6800e+03,3.2465e-09
7.7000e+03,3.3256e-09
7.7200e+03,3.3513e-09
7.7400e+03,3.4585e-09
7.7600e+03,3.4203e-09
7.7800e+03,3.3751e-09
7.8000e+03,3.4970e-09
7.8200e+03,3.4845e-09
7.8400e+03,3.4614e-09
7.8600e+03,3.4996e-09
7.8800e+03,3.3726e-09
7.9000e+03,3.4018e-09
7.9200e+03,3.4716e-09
7.9400e+03,3.3924e-09
7.9600e+03,3.4211e-09
7.9800e+03,3.3917e-09
8.0000e+03,3.3991e-09
8.0200e+03,3.3890e-09
8.0400e+03,3.3757e-09
8.0600e+03,3.3933e-09
8.0800e+03,3.2161e-09
8.1000e+03,3.3039e-09
8.1200e+03,3.3668e-09
8.1400e+03,3.3503e-09
8.1600e+03,3.3173e-09
8.1800e+03,3.2661e-09
8.2000e+03,3.2834e-09
8.2200e+03,3.2261e-09
8.2400e+03,3.2105e-09
8.2600e+03,3.3353e-09
8.2800e+03,3.2121e-09
8.3000e+03,3.2290e-09
8.3200e+03,3.0638e-09
8.3400e+03,2.9804e-09
8.3600e+03,3.1732e-09
8.3800e+03,3.1327e-09
8.4000e+03,3.1430e-09
8.4200e+03,3.1721e-09
8.4400e+03,3.0102e-09
8.4600e+03,3.1391e-09
8.4800e+03,3.0205e-09
8.5000e+03,3.0156e-09
8.5200e+03,2.9432e-09
8.5400e+03,2.9157e-09
8.5600e+03,2.9826e-09
8.5800e+03,3.0958e-09
8.6000e+03,2.9865e-09
8.6200e+03,3.0701e-09
8.6400e+03,2.9769e-09
8.6600e+03,2.9528e-09
8.6800e+03,3.0116e-09
8.7000e+03,2.9638e-09
8.7200e+03,2.9576e-09
8.7400e+03,2.9281e-09
8.7600e+03,2.9786e-09
8.7800e+03,2.9216e-09
8.8000e+03,2.7244e-09
8.8200e+03,2.8881e-09
8.8400e+03,2.8407e-09
8.8600e+03,2.9145e-09
8.8800e+03,2.9720e-09
8.9000e+03,2.8827e-09
8.9200e+03,2.8292e-09
8.9400e+03,2.9239e-09
8.9600e+03,2.8720e-09
8.9800e+03,3.0056e-09
9.0000e+03,2.9840e-09
9.0200e+03,3.0611e-09
9.0400e+03,3.0939e-09
9.0600e+03,2.9948e-09
9.0800e+03,2.8762e-09
9.1000e+03,3.0384e-09
9.1200e+03,2.9367e-09
9.1400e+03,2.8959e-09
9.1600e+03,2.7559e-09
9.1800e+03,2.8761e-09
9.2000e+03,2.8530e-09
9.2200e+03,2.7778e-09
9.2400e+03,2.7711e-09
9.2600e+03,2.7136e-09
9.2800e+03,2.6786e-09
9.3000e+03,2.7367e-09
9.3200e+03,2.7864e-09
9.3400e+03,3.2901e-09
9.3600e+03,2.9876e-09
9.3800e+03,2.9534e-09
9.4000e+03,2.9245e-09
9.4200e+03,2.6850e-09
9.4400e+03,2.8835e-09
9.4600e+03,2.9733e-09
9.4800e+03,2.8840e-09
9.5000e+03,2.7953e-09
9.5200e+03,2.6693e-09
9.5400e+03,2.7267e-09
9.5600e+03,2.7335e-09
9.5800e+03,2.7063e-09
9.6000e+03,2.8027e-09
9.6200e+03,2.7513e-09
9.6400e+03,2.6476e-09
9.6600e+03,2.6784e-09
9.6800e+03,2.5973e-09
9.7000e+03,2.5901e-09
9.7200e+03,2.5560e-09
9.7400e+03,2.5853e-09
9.7600e+03,2.5899e-09
9.7800e+03,2.5479e-09
9.8000e+03,2.5248e-09
9.8200e+03,2.5330e-09
9.8400e+03,2.5055e-09
9.8600e+03,2.4416e-09
9.8800e+03,2.3780e-09
9.9000e+03,2.4082e-09
9.9200e+03,2.4007e-09
9.9400e+03,2.3404e-09
9.9600e+03,2.3646e-09
9.9800e+03,2.3954e-09
1.0000e+04,2.3503e-09
1.0020e+04,2.3575e-09
1.0040e+04,2.3956e-09
1.0060e+04,2.3630e-09
1.0080e+04,2.3887e-09
1.0100e+04,2.3825e-09
1.0120e+04,2.3002e-09
1.0140e+04,2.2945e-09
1.0160e+04,2.2574e-09
1.0180e+04,2.2968e-09
1.0200e+04,2.2376e-09
1.0220e+04,2.2288e-09
1.0240e+04,2.1553e-09
1.0260e+04,2.2611e-09
1.0280e+04,2.1902e-09
1.0300e+04,2.2048e-09
1.0320e+04,2.1743e-09
1.0340e+04,2.1722e-09
1.0360e+04,2.2043e-09
1.0380e+04,2.2236e-09
1.0400e+04,2.1111e-09
1.0420e+04,2.1862e-09
1.0440e+04,2.1317e-09
1.0460e+04,2.1969e-09
1.0480e+04,2.1997e-09
1.0500e+04,2.2004e-09
1.0520e+04,2.2544e-09
1.0540e+04,2.1707e-09
1.0560e+04,2.1105e-09
1.0580e+04,2.1185e-09
1.0600e+04,2.1201e-09
1.0800e+04,2.0454e-09
1.1000e+04,1.9720e-09
1.1200e+04,1.9007e-09
1.1400e+04,1.8323e-09
1.1600e+04,1.7672e-09
1.1800e+04,1.7059e-09
1.2000e+04,1.6488e-09
1.2200e+04,1.5963e-09
1.2400e+04,1.5486e-09
1.2600e+04,1.5063e-09
1.2800e+04,1.4646e-09
1.3000e+04,1.4260e-09
1.3200e+04,1.3864e-09
1.3400e+04,1.3501e-09
1.3600e+04,1.3194e-09
1.3800e+04,1.2822e-09
1.4000e+04,1.2485e-09
1.4200e+04,1.2123e-09
1.4400e+04,1.1806e-09
1.4600e+04,1.1498e-09
1.4800e+04,1.1191e-09
1.5000e+04,1.1027e-09
1.5200e+04,1.0863e-09
1.5400e+04,1.0670e-09
1.5600e+04,1.0496e-09
1.5800e+04,1.0333e-09
1.6000e+04,1.0154e-09
1.6200e+04,9.9459e-10
1.6400e+04,9.6830e-10
1.6600e+04,9.3207e-10
1.6800e+04,9.0235e-10
1.7000e+04,8.7357e-10
1.7200e+04,8.4385e-10
1.7400e+04,8.1658e-10
1.7600e+04,7.8584e-10
1.7800e+04,7.5707e-10
1.8000e+04,7.2833e-10
1.8200e+04,7.0304e-10
1.8400e+04,6.8122e-10
1.8600e+04,6.5696e-10
1.8800e+04,6.3360e-10
1.9000e+04,6.1376e-10
1.9200e+04,5.9396e-10
1.9400e+04,5.7068e-10
1.9600e+04,5.4986e-10
1.9800e+04,5.3002e-10
2.0000e+04,5.1117e-10
2.0200e+04,4.9133e-10
2.0400e+04,4.7423e-10
2.0600e+04,4.5985e-10
2.0800e+04,4.4447e-10
2.1000e+04,4.2910e-10
2.1200e+04,4.1647e-10
2.1400e+04,4.0381e-10
2.1600e+04,3.9118e-10
2.1800e+04,3.7855e-10
2.2000e+04,3.6589e-10
2.2200e+04,3.5324e-10
2.2400e+04,3.4160e-10
2.2600e+04,3.3120e-10
2.2800e+04,3.1903e-10
2.3000e+04,3.0466e-10
2.3200e+04,2.9078e-10
2.3400e+04,2.7914e-10
2.3600e+04,2.6650e-10
2.3800e+04,2.5555e-10
2.4000e+04,2.4661e-10
2.4200e+04,2.3894e-10
2.4400e+04,2.3264e-10
2.4600e+04,2.2704e-10
2.4800e+04,2.2268e-10
2.5000e+04,2.1721e-10
2.5200e+04,2.1043e-10
2.5400e+04,2.0545e-10
2.5600e+04,2.0105e-10
