# wavelength, f_lambda
2.2900e+02,0.0000e+00
2.3400e+02,0.0000e+00
2.4300e+02,0.0000e+00
2.5200e+02,0.0000e+00
2.5600e+02,0.0000e+00
2.6000e+02,0.0000e+00
2.6600e+02,0.0000e+00
2.7500e+02,0.0000e+00
2.8300e+02,0.0000e+00
2.9300e+02,0.0000e+00
3.0100e+02,0.0000e+00
3.0900e+02,0.0000e+00
3.2500e+02,0.0000e+00
3.4200e+02,0.0000e+00
3.5100e+02,0.0000e+00
3.5600e+02,0.0000e+00
3.6500e+02,0.0000e+00
3.7500e+02,0.0000e+00
3.8400e+02,0.0000e+00
4.0000e+02,0.0000e+00
4.1500e+02,0.0000e+00
4.2500e+02,0.0000e+00
4.4500e+02,0.0000e+00
4.7200e+02,0.0000e+00
4.9400e+02,0.0000e+00
5.0600e+02,0.0000e+00
5.1600e+02,0.0000e+00
5.4000e+02,0.0000e+00
5.6400e+02,0.0000e+00
5.8700e+02,0.0000e+00
6.1200e+02,0.0000e+00
6.4000e+02,0.0000e+00
6.7100e+02,0.0000e+00
7.0500e+02,0.0000e+00
7.3600e+02,0.0000e+00
7.7000e+02,0.0000e+00
8.1000e+02,0.0000e+00
8.5000e+02,0.0000e+00
8.9000e+02,0.0000e+00
9.2000e+02,0.0000e+00
9.4000e+02,0.0000e+00
9.6200e+02,0.0000e+00
9.8700e+02,0.0000e+00
1.0120e+03,0.0000e+00
1.0370e+03,0.0000e+00
1.0620e+03,0.0000e+00
1.0870e+03,0.0000e+00
1.1120e+03,0.0000e+00
1.1200e+03,0.0000e+00
1.1400e+03,0.0000e+00
1.1600e+03,0.0000e+00
1.1800e+03,0.0000e+00
1.2000e+03,0.0000e+00
1.2200e+03,0.0000e+00
1.2400e+03,0.0000e+00
1.2600e+03,0.0000e+00
1.2800e+03,0.0000e+00
1.3000e+03,0.0000e+00
1.3200e+03,0.0000e+00
1.3400e+03,0.0000e+00
1.3600e+03,0.0000e+00
1.3800e+03,0.0000e+00
1.4000e+03,0.0000e+00
1.4200e+03,0.0000e+00
1.4400e+03,0.0000e+00
1.4600e+03,0.0000e+00
1.4800e+03,0.0000e+00
1.5000e+03,0.0000e+00
1.5200e+03,0.0000e+00
1.5400e+03,0.0000e+00
1.5600e+03,0.0000e+00
1.5800e+03,0.0000e+00
1.6000e+03,0.0000e+00
1.6200e+03,0.0000e+00
1.6400e+03,0.0000e+00
1.6600e+03,0.0000e+00
1.6800e+03,0.0000e+00
1.7000e+03,0.0000e+00
1.7200e+03,0.0000e+00
1.7400e+03,0.0000e+00
1.7600e+03,0.0000e+00
1.7800e+03,0.0000e+00
1.8000e+03,0.0000e+00
1.8200e+03,0.0000e+00
1.8400e+03,0.0000e+00
1.8600e+03,0.0000e+00
1.8800e+03,0.0000e+00
1.9000e+03,0.0000e+00
1.9200e+03,0.0000e+00
1.9400e+03,0.0000e+00
1.9600e+03,0.0000e+00
1.9800e+03,0.0000e+00
2.0000e+03,2.3603e-13
2.0025e+03,2.1788e-13
2.0050e+03,3.1204e-13
2.0075e+03,3.1111e-13
2.0100e+03,3.9274e-13
2.0125e+03,4.1587e-13
2.0150e+03,3.9407e-13
2.0175e+03,3.0887e-13
2.0200e+03,2.5166e-13
2.0225e+03,1.8519e-13
2.0250e+03,1.4271e-13
2.0275e+03,1.8416e-13
2.0300e+03,2.4976e-13
2.0325e+03,2.9958e-13
2.0350e+03,3.1789e-13
2.0375e+03,3.6664e-13
2.0400e+03,3.3263e-13
2.0425e+03,3.1235e-13
2.0450e+03,3.4660e-13
2.0475e+03,3.8150e-13
2.0500e+03,4.4351e-13
2.0525e+03,4.4608e-13
2.0550e+03,4.1944e-13
2.0575e+03,4.0564e-13
2.0600e+03,3.8692e-13
2.0625e+03,4.8446e-13
2.0650e+03,5.7503e-13
2.0675e+03,6.1822e-13
2.0700e+03,6.4666e-13
2.0725e+03,5.6943e-13
2.0750e+03,5.9899e-13
2.0775e+03,6.5772e-13
2.0800e+03,7.5884e-13
2.0825e+03,8.3650e-13
2.0850e+03,8.2675e-13
2.0875e+03,8.0199e-13
2.0900e+03,7.3376e-13
2.0925e+03,6.9335e-13
2.0950e+03,6.5696e-13
2.0975e+03,6.0098e-13
2.1000e+03,5.4742e-13
2.1025e+03,4.6404e-13
2.1050e+03,3.7160e-13
2.1075e+03,2.5983e-13
2.1100e+03,2.3197e-13
2.1125e+03,1.9286e-13
2.1150e+03,2.5777e-13
2.1175e+03,3.6055e-13
2.1200e+03,4.4460e-13
2.1225e+03,5.2461e-13
2.1250e+03,6.4005e-13
2.1275e+03,7.2837e-13
2.1300e+03,8.0289e-13
2.1325e+03,8.4825e-13
2.1350e+03,8.7434e-13
2.1375e+03,8.3318e-13
2.1400e+03,7.4294e-13
2.1425e+03,5.5606e-13
2.1450e+03,3.9021e-13
2.1475e+03,2.5322e-13
2.1500e+03,2.0439e-13
2.1525e+03,2.1454e-13
2.1550e+03,1.9004e-13
2.1575e+03,1.6669e-13
2.1600e+03,1.7879e-13
2.1625e+03,1.7548e-13
2.1650e+03,2.7570e-13
2.1675e+03,3.0810e-13
2.1700e+03,2.9607e-13
2.1725e+03,2.6066e-13
2.1750e+03,2.2938e-13
2.1775e+03,2.0318e-13
2.1800e+03,1.7020e-13
2.1825e+03,1.0425e-13
2.1850e+03,7.7572e-14
2.1875e+03,1.7073e-14
2.1900e+03,3.5262e-14
2.1925e+03,1.0514e-13
2.1950e+03,1.8755e-13
2.1975e+03,2.6016e-13
2.2000e+03,3.1358e-13
2.2025e+03,3.5789e-13
2.2050e+03,3.5846e-13
2.2075e+03,3.3538e-13
2.2100e+03,2.9248e-13
2.2125e+03,2.6220e-13
2.2150e+03,1.8684e-13
2.2175e+03,1.5356e-13
2.2200e+03,1.0841e-13
2.2225e+03,4.2469e-14
2.2250e+03,3.6838e-14
2.2275e+03,3.1210e-14
2.2300e+03,2.5581e-14
2.2325e+03,1.9952e-14
2.2350e+03,1.4323e-14
2.2375e+03,6.9090e-14
2.2400e+03,1.4918e-13
2.2425e+03,2.3091e-13
2.2450e+03,3.5969e-13
2.2475e+03,4.4077e-13
2.2500e+03,5.0568e-13
2.2525e+03,6.0803e-13
2.2550e+03,6.7582e-13
2.2575e+03,7.2964e-13
2.2600e+03,7.3314e-13
2.2625e+03,6.7539e-13
2.2650e+03,6.4959e-13
2.2675e+03,6.4558e-13
2.2700e+03,6.7857e-13
2.2725e+03,7.1966e-13
2.2750e+03,7.2772e-13
2.2775e+03,7.2125e-13
2.2800e+03,6.5197e-13
2.2825e+03,5.5924e-13
2.2850e+03,4.5049e-13
2.2875e+03,3.6148e-13
2.2900e+03,2.7687e-13
2.2925e+03,2.2236e-13
2.2950e+03,1.9174e-13
2.2975e+03,1.5514e-13
2.3000e+03,1.4690e-13
2.3025e+03,1.6750e-13
2.3050e+03,1.7959e-13
2.3075e+03,2.0590e-13
2.3100e+03,2.2213e-13
2.3125e+03,2.4394e-13
2.3150e+03,3.0684e-13
2.3175e+03,4.0524e-13
2.3200e+03,5.5508e-13
2.3225e+03,7.0365e-13
2.3250e+03,8.8262e-13
2.3275e+03,9.9415e-13
2.3300e+03,1.0813e-12
2.3325e+03,1.1014e-12
2.3350e+03,1.0957e-12
2.3375e+03,1.0210e-12
2.3400e+03,9.1507e-13
2.3425e+03,7.7901e-13
2.3450e+03,6.3473e-13
2.3475e+03,4.6834e-13
2.3500e+03,4.0004e-13
2.3525e+03,3.8157e-13
2.3550e+03,4.7767e-13
2.3575e+03,5.4637e-13
2.3600e+03,6.6560e-13
2.3625e+03,7.6690e-13
2.3650e+03,8.3170e-13
2.3675e+03,8.9520e-13
2.3700e+03,9.8934e-13
2.3725e+03,1.0459e-12
2.3750e+03,1.0542e-12
2.3775e+03,1.1154e-12
2.3800e+03,1.0695e-12
2.3825e+03,9.9480e-13
2.3850e+03,9.5656e-13
2.3875e+03,9.3130e-13
2.3900e+03,9.3477e-13
2.3925e+03,8.9686e-13
2.3950e+03,7.7763e-13
2.3975e+03,7.0076e-13
2.4000e+03,5.4174e-13
2.4025e+03,4.2830e-13
2.4050e+03,3.2389e-13
2.4075e+03,2.5831e-13
2.4100e+03,1.4105e-13
2.4125e+03,2.4491e-13
2.4150e+03,3.7897e-13
2.4175e+03,5.6242e-13
2.4200e+03,6.9668e-13
2.4225e+03,8.5808e-13
2.4250e+03,9.0893e-13
2.4275e+03,9.2563e-13
2.4300e+03,8.4384e-13
2.4325e+03,7.8034e-13
2.4350e+03,6.1847e-13
2.4375e+03,5.2425e-13
2.4400e+03,4.7792e-13
2.4425e+03,5.1471e-13
2.4450e+03,5.5815e-13
2.4475e+03,5.8345e-13
2.4500e+03,7.7984e-13
2.4525e+03,1.0435e-12
2.4550e+03,1.1423e-12
2.4575e+03,1.2558e-12
2.4600e+03,1.4475e-12
2.4625e+03,1.4835e-12
2.4650e+03,1.1766e-12
2.4675e+03,1.1465e-12
2.4700e+03,1.1389e-12
2.4725e+03,1.0402e-12
2.4750e+03,9.9935e-13
2.4775e+03,1.3012e-12
2.4800e+03,1.3348e-12
2.4825e+03,1.1125e-12
2.4850e+03,1.0481e-12
2.4875e+03,1.0491e-12
2.4900e+03,8.4308e-13
2.4925e+03,8.1233e-13
2.4950e+03,1.0109e-12
2.4975e+03,1.1567e-12
2.5000e+03,1.1651e-12
2.5025e+03,1.2406e-12
2.5050e+03,1.2606e-12
2.5075e+03,1.1662e-12
2.5100e+03,1.0710e-12
2.5125e+03,9.1453e-13
2.5150e+03,7.3564e-13
2.5175e+03,6.7077e-13
2.5200e+03,6.5197e-13
2.5225e+03,7.7221e-13
2.5250e+03,9.0174e-13
2.5275e+03,1.1584e-12
2.5300e+03,1.2816e-12
2.5325e+03,1.3699e-12
2.5350e+03,1.3278e-12
2.5375e+03,1.2740e-12
2.5400e+03,1.2443e-12
2.5425e+03,1.2172e-12
2.5450e+03,1.2749e-12
2.5475e+03,1.3350e-12
2.5500e+03,1.3664e-12
2.5525e+03,1.4189e-12
2.5550e+03,1.4758e-12
2.5575e+03,1.6035e-12
2.5600e+03,1.7071e-12
2.5625e+03,1.8313e-12
2.5650e+03,1.9404e-12
2.5675e+03,2.0390e-12
2.5700e+03,1.5162e-12
2.5725e+03,1.0085e-12
2.5750e+03,6.7550e-13
2.5775e+03,3.5036e-13
2.5800e+03,1.8519e-13
2.5825e+03,4.3170e-13
2.5850e+03,9.7348e-13
2.5875e+03,1.3258e-12
2.5900e+03,1.7490e-12
2.5925e+03,1.8613e-12
2.5950e+03,1.8829e-12
2.5975e+03,2.1891e-12
2.6000e+03,2.4094e-12
2.6025e+03,2.5043e-12
2.6050e+03,2.7072e-12
2.6075e+03,2.9821e-12
2.6100e+03,2.9502e-12
2.6125e+03,2.8363e-12
2.6150e+03,2.9347e-12
2.6175e+03,2.9943e-12
2.6200e+03,2.9323e-12
2.6225e+03,3.0707e-12
2.6250e+03,3.4678e-12
2.6275e+03,3.5157e-12
2.6300e+03,3.3810e-12
2.6325e+03,3.5857e-12
2.6350e+03,3.7145e-12
2.6375e+03,3.3974e-12
2.6400e+03,3.1904e-12
2.6425e+03,3.2511e-12
2.6450e+03,3.1006e-12
2.6475e+03,2.8675e-12
2.6500e+03,2.7385e-12
2.6525e+03,2.6596e-12
2.6550e+03,2.8417e-12
2.6575e+03,3.1884e-12
2.6600e+03,3.7817e-12
2.6625e+03,4.2241e-12
2.6650e+03,4.6202e-12
2.6675e+03,4.7875e-12
2.6700e+03,4.8244e-12
2.6725e+03,4.5555e-12
2.6750e+03,4.3896e-12
2.6775e+03,4.1576e-12
2.6800e+03,3.9462e-12
2.6825e+03,3.7611e-12
2.6850e+03,3.7940e-12
2.6875e+03,3.8739e-12
2.6900e+03,3.9848e-12
2.6925e+03,4.1341e-12
2.6950e+03,4.4713e-12
2.6975e+03,4.5602e-12
2.7000e+03,4.3795e-12
2.7025e+03,4.4395e-12
2.7050e+03,4.7897e-12
2.7075e+03,4.8909e-12
2.7100e+03,4.9288e-12
2.7125e+03,4.9624e-12
2.7150e+03,5.0203e-12
2.7175e+03,4.6343e-12
2.7200e+03,4.4839e-12
2.7225e+03,4.5508e-12
2.7250e+03,4.9173e-12
2.7275e+03,5.2584e-12
2.7300e+03,5.5222e-12
2.7325e+03,5.7543e-12
2.7350e+03,5.8500e-12
2.7375e+03,5.9801e-12
2.7400e+03,6.1254e-12
2.7425e+03,6.1453e-12
2.7450e+03,6.1334e-12
2.7475e+03,6.2667e-12
2.7500e+03,6.3405e-12
2.7525e+03,6.2104e-12
2.7550e+03,6.1800e-12
2.7575e+03,6.3423e-12
2.7600e+03,6.2563e-12
2.7625e+03,6.0051e-12
2.7650e+03,6.1164e-12
2.7675e+03,6.2002e-12
2.7700e+03,6.2526e-12
2.7725e+03,6.3166e-12
2.7750e+03,6.4030e-12
2.7775e+03,6.5302e-12
2.7800e+03,6.5136e-12
2.7825e+03,7.9588e-12
2.7850e+03,9.6957e-12
2.7875e+03,1.5300e-11
2.7900e+03,2.0616e-11
2.7925e+03,2.7250e-11
2.7950e+03,3.2290e-11
2.7975e+03,3.5654e-11
2.8000e+03,3.3752e-11
2.8025e+03,2.9472e-11
2.8050e+03,2.4463e-11
2.8075e+03,1.8186e-11
2.8100e+03,1.2726e-11
2.8125e+03,9.1240e-12
2.8150e+03,8.3098e-12
2.8175e+03,7.7564e-12
2.8200e+03,7.9773e-12
2.8225e+03,7.8587e-12
2.8250e+03,7.5714e-12
2.8275e+03,7.0495e-12
2.8300e+03,6.6990e-12
2.8325e+03,6.6354e-12
2.8350e+03,6.7655e-12
2.8375e+03,7.2396e-12
2.8400e+03,7.3257e-12
2.8425e+03,7.2454e-12
2.8450e+03,6.6654e-12
2.8475e+03,5.9689e-12
2.8500e+03,5.4127e-12
2.8525e+03,5.2432e-12
2.8550e+03,5.4926e-12
2.8575e+03,6.2245e-12
2.8600e+03,7.3679e-12
2.8625e+03,8.4749e-12
2.8650e+03,9.4149e-12
2.8675e+03,9.7228e-12
2.8700e+03,9.9119e-12
2.8725e+03,9.7199e-12
2.8750e+03,9.4424e-12
2.8775e+03,9.0886e-12
2.8800e+03,9.4370e-12
2.8825e+03,9.9194e-12
2.8850e+03,1.0677e-11
2.8875e+03,1.1559e-11
2.8900e+03,1.2647e-11
2.8925e+03,2.1205e-10
2.8950e+03,1.3480e-11
2.8975e+03,1.3424e-11
2.9000e+03,1.3193e-11
2.9025e+03,1.3209e-11
2.9050e+03,1.3460e-11
2.9075e+03,1.4234e-11
2.9100e+03,1.4913e-11
2.9125e+03,1.5716e-11
2.9150e+03,1.6268e-11
2.9175e+03,1.6647e-11
2.9200e+03,1.6296e-11
2.9225e+03,1.5958e-11
2.9250e+03,1.5830e-11
2.9275e+03,1.5731e-11
2.9300e+03,1.5694e-11
2.9325e+03,1.5701e-11
2.9350e+03,1.5730e-11
2.9375e+03,1.5571e-11
2.9400e+03,1.5274e-11
2.9425e+03,1.5261e-11
2.9450e+03,1.5414e-11
2.9475e+03,1.5841e-11
2.9500e+03,1.6308e-11
2.9525e+03,1.6942e-11
2.9550e+03,1.6910e-11
2.9575e+03,1.6551e-11
2.9600e+03,1.5940e-11
2.9625e+03,1.5414e-11
2.9650e+03,1.4694e-11
2.9675e+03,1.4487e-11
2.9700e+03,1.5121e-11
2.9725e+03,1.5665e-11
2.9750e+03,1.6168e-11
2.9775e+03,1.6568e-11
2.9800e+03,1.6925e-11
2.9825e+03,1.7260e-11
2.9850e+03,1.7576e-11
2.9875e+03,1.7766e-11
2.9900e+03,1.8069e-11
2.9925e+03,1.8720e-11
2.9950e+03,1.8493e-11
2.9975e+03,1.8037e-11
3.0000e+03,1.8139e-11
3.0025e+03,1.8482e-11
3.0050e+03,1.8976e-11
3.0075e+03,1.9321e-11
3.0100e+03,1.9403e-11
3.0125e+03,1.9090e-11
3.0150e+03,1.8238e-11
3.0175e+03,1.7711e-11
3.0200e+03,1.7483e-11
3.0225e+03,1.8797e-11
3.0250e+03,2.0269e-11
3.0275e+03,2.2892e-11
3.0300e+03,2.4727e-11
3.0325e+03,2.5558e-11
3.0350e+03,2.5504e-11
3.0375e+03,2.5179e-11
3.0400e+03,2.4257e-11
3.0425e+03,2.3502e-11
3.0450e+03,2.4092e-11
3.0475e+03,2.4652e-11
3.0500e+03,2.5191e-11
3.0525e+03,2.5337e-11
3.0550e+03,2.4837e-11
3.0575e+03,2.3847e-11
3.0600e+03,2.2927e-11
3.0625e+03,2.2595e-11
3.0650e+03,2.2545e-11
3.0675e+03,2.3854e-11
3.0700e+03,2.5566e-11
3.0725e+03,2.7652e-11
3.0750e+03,2.8794e-11
3.0775e+03,2.9725e-11
3.0800e+03,3.0112e-11
3.0825e+03,3.0316e-11
3.0850e+03,3.0112e-11
3.0875e+03,2.9643e-11
3.0900e+03,2.9039e-11
3.0925e+03,2.9134e-11
3.0950e+03,2.9528e-11
3.0975e+03,3.1190e-11
3.1000e+03,3.3470e-11
3.1025e+03,3.6881e-11
3.1050e+03,4.0098e-11
3.1075e+03,4.3191e-11
3.1100e+03,4.4500e-11
3.1125e+03,4.4807e-11
3.1150e+03,4.3686e-11
3.1175e+03,4.2693e-11
3.1200e+03,4.1457e-11
3.1225e+03,4.0954e-11
3.1250e+03,4.2082e-11
3.1275e+03,4.3412e-11
3.1300e+03,4.4760e-11
3.1325e+03,4.6954e-11
3.1350e+03,4.9780e-11
3.1375e+03,5.0893e-11
3.1400e+03,5.1822e-11
3.1425e+03,5.2526e-11
3.1450e+03,5.3022e-11
3.1475e+03,5.3090e-11
3.1500e+03,5.3549e-11
3.1525e+03,5.4420e-11
3.1550e+03,5.6162e-11
3.1575e+03,5.7966e-11
3.1600e+03,6.0206e-11
3.1625e+03,6.3083e-11
3.1650e+03,6.6907e-11
3.1675e+03,7.1399e-11
3.1700e+03,7.5732e-11
3.1725e+03,7.7933e-11
3.1750e+03,7.9516e-11
3.1775e+03,7.8970e-11
3.1800e+03,7.8175e-11
3.1825e+03,7.7149e-11
3.1850e+03,7.5450e-11
3.1875e+03,7.2732e-11
3.1900e+03,7.0817e-11
3.1925e+03,6.9043e-11
3.1950e+03,6.7449e-11
3.1975e+03,6.6571e-11
3.2000e+03,6.7814e-11
3.2025e+03,6.7911e-11
3.2050e+03,6.8009e-11
3.2075e+03,6.8107e-11
3.2100e+03,6.8204e-11
3.2125e+03,4.2689e-12
3.2150e+03,6.8399e-11
3.2175e+03,6.8493e-11
3.2200e+03,6.8591e-11
3.2225e+03,6.8916e-11
3.2250e+03,6.9241e-11
3.2275e+03,6.9567e-11
3.2300e+03,6.9892e-11
3.2325e+03,7.0217e-11
3.2350e+03,7.0542e-11
3.2375e+03,7.0864e-11
3.2400e+03,7.1189e-11
3.2600e+03,7.8432e-11
3.2700e+03,7.1872e-11
3.2800e+03,7.5183e-11
3.2900e+03,1.0522e-10
3.3000e+03,1.0581e-10
3.3100e+03,9.6741e-11
3.3200e+03,1.0231e-10
3.3300e+03,1.0229e-10
3.3400e+03,1.0871e-10
3.3500e+03,1.0986e-10
3.3600e+03,1.0594e-10
3.3700e+03,9.9592e-11
3.3800e+03,1.1321e-10
3.3900e+03,1.2161e-10
3.4000e+03,1.2903e-10
3.4100e+03,1.4320e-10
3.4200e+03,1.5242e-10
3.4300e+03,1.4610e-10
3.4400e+03,1.2207e-10
3.4500e+03,1.3059e-10
3.4600e+03,1.4311e-10
3.4700e+03,1.3932e-10
3.4800e+03,1.4803e-10
3.4900e+03,1.5308e-10
3.5000e+03,1.6839e-10
3.5100e+03,1.6888e-10
3.5200e+03,1.4677e-10
3.5300e+03,1.7820e-10
3.5400e+03,2.1133e-10
3.5500e+03,2.0348e-10
3.5600e+03,1.6752e-10
3.5700e+03,1.3715e-10
3.5800e+03,1.1586e-10
3.5900e+03,1.4606e-10
3.6000e+03,1.7212e-10
3.6100e+03,1.7142e-10
3.6200e+03,2.1064e-10
3.6300e+03,2.3540e-10
3.6400e+03,2.0698e-10
3.6500e+03,2.4030e-10
3.6600e+03,2.8138e-10
3.6700e+03,2.7902e-10
3.6800e+03,2.5831e-10
3.6900e+03,2.7485e-10
3.7000e+03,2.5193e-10
3.7100e+03,2.3716e-10
3.7200e+03,2.2779e-10
3.7300e+03,1.7651e-10
3.7400e+03,1.6196e-10
3.7500e+03,1.8554e-10
3.7600e+03,2.1932e-10
3.7700e+03,2.7489e-10
3.7800e+03,2.9522e-10
3.7900e+03,2.6396e-10
3.8000e+03,2.6506e-10
3.8100e+03,2.4778e-10
3.8200e+03,1.8701e-10
3.8300e+03,1.8237e-10
3.8400e+03,2.1499e-10
3.8500e+03,2.3291e-10
3.8600e+03,2.3441e-10
3.8700e+03,2.3963e-10
3.8800e+03,2.3237e-10
3.8900e+03,2.8142e-10
3.9000e+03,3.1415e-10
3.9100e+03,2.9745e-10
3.9200e+03,2.5411e-10
3.9300e+03,1.6915e-10
3.9400e+03,2.1503e-10
3.9500e+03,3.1041e-10
3.9600e+03,2.5564e-10
3.9700e+03,2.4740e-10
3.9800e+03,4.3701e-10
3.9900e+03,5.5631e-10
4.0000e+03,6.2960e-10
4.0100e+03,7.2353e-10
4.0200e+03,7.6014e-10
4.0300e+03,7.6325e-10
4.0400e+03,7.4850e-10
4.0500e+03,7.7966e-10
4.0600e+03,7.9075e-10
4.0700e+03,7.9296e-10
4.0800e+03,9.3033e-10
4.0900e+03,9.3318e-10
4.1000e+03,8.5931e-10
4.1100e+03,8.6708e-10
4.1200e+03,8.7149e-10
4.1300e+03,8.8627e-10
4.1400e+03,8.3954e-10
4.1500e+03,8.7384e-10
4.1600e+03,8.8652e-10
4.1700e+03,8.6162e-10
4.1800e+03,9.0944e-10
4.1900e+03,9.4402e-10
4.2000e+03,9.3694e-10
4.2100e+03,1.0121e-09
4.2200e+03,8.4012e-10
4.2300e+03,8.1421e-10
4.2400e+03,1.0900e-09
4.2500e+03,1.0806e-09
4.2600e+03,1.0879e-09
4.2700e+03,1.1356e-09
4.2800e+03,1.0355e-09
4.2900e+03,1.0368e-09
4.3000e+03,1.0265e-09
4.3100e+03,1.2617e-09
4.3200e+03,1.4821e-09
4.3300e+03,1.4615e-09
4.3400e+03,1.5808e-09
4.3500e+03,1.6239e-09
4.3600e+03,1.6848e-09
4.3700e+03,1.6184e-09
4.3800e+03,1.4446e-09
4.3900e+03,1.5049e-09
4.4000e+03,1.5565e-09
4.4100e+03,1.5552e-09
4.4200e+03,1.6943e-09
4.4300e+03,1.6873e-09
4.4400e+03,1.8518e-09
4.4500e+03,1.7796e-09
4.4600e+03,1.7361e-09
4.4700e+03,1.9604e-09
4.4800e+03,2.1129e-09
4.4900e+03,2.1080e-09
4.5000e+03,2.2584e-09
4.5100e+03,2.3420e-09
4.5200e+03,2.1140e-09
4.5300e+03,1.9972e-09
4.5400e+03,2.1253e-09
4.5500e+03,2.3021e-09
4.5600e+03,2.4487e-09
4.5700e+03,2.4278e-09
4.5800e+03,2.4273e-09
4.5900e+03,2.3658e-09
4.6000e+03,2.4132e-09
4.6100e+03,2.6540e-09
4.6200e+03,2.7118e-09
4.6300e+03,2.4807e-09
4.6400e+03,2.3416e-09
4.6500e+03,2.4973e-09
4.6600e+03,2.5139e-09
4.6700e+03,2.4661e-09
4.6800e+03,2.4658e-09
4.6900e+03,2.5429e-09
4.7000e+03,2.5944e-09
4.7100e+03,2.6137e-09
4.7200e+03,2.6509e-09
4.7300e+03,2.6282e-09
4.7400e+03,2.7557e-09
4.7500e+03,2.7436e-09
4.7600e+03,2.4964e-09
4.7700e+03,2.3766e-09
4.7800e+03,2.4108e-09
4.7900e+03,2.5149e-09
4.8000e+03,2.6216e-09
4.8100e+03,2.6252e-09
4.8200e+03,2.7035e-09
4.8300e+03,2.7303e-09
4.8400e+03,2.7596e-09
4.8500e+03,2.7283e-09
4.8600e+03,2.6412e-09
4.8700e+03,2.7102e-09
4.8800e+03,2.7489e-09
4.8900e+03,2.8266e-09
4.9000e+03,3.0404e-09
4.9100e+03,3.0039e-09
4.9200e+03,3.0874e-09
4.9300e+03,3.1353e-09
4.9400e+03,3.2291e-09
4.9500e+03,3.0492e-09
4.9600e+03,2.6145e-09
4.9700e+03,2.6348e-09
4.9800e+03,2.6802e-09
4.9900e+03,2.6493e-09
5.0000e+03,2.5796e-09
5.0100e+03,2.4756e-09
5.0200e+03,2.5546e-09
5.0300e+03,2.6746e-09
5.0400e+03,2.7402e-09
5.0500e+03,2.8273e-09
5.0600e+03,2.8485e-09
5.0700e+03,2.7376e-09
5.0800e+03,2.6912e-09
5.0900e+03,2.7161e-09
5.1000e+03,2.6663e-09
5.1100e+03,2.6892e-09
5.1200e+03,2.6570e-09
5.1300e+03,2.6743e-09
5.1400e+03,2.7495e-09
5.1500e+03,2.7051e-09
5.1600e+03,2.5739e-09
5.1700e+03,2.1287e-09
5.1800e+03,2.0829e-09
5.1900e+03,2.4166e-09
5.2000e+03,2.4409e-09
5.2100e+03,2.5792e-09
5.2200e+03,2.9244e-09
5.2300e+03,3.0753e-09
5.2400e+03,3.1444e-09
5.2500e+03,3.0617e-09
5.2600e+03,2.9400e-09
5.2700e+03,2.9865e-09
5.2800e+03,3.3853e-09
5.2900e+03,3.4802e-09
5.3000e+03,3.5364e-09
5.3100e+03,3.7279e-09
5.3200e+03,3.5399e-09
5.3300e+03,3.4439e-09
5.3400e+03,3.5370e-09
5.3500e+03,3.7094e-09
5.3600e+03,3.8522e-09
5.3700e+03,3.7778e-09
5.3800e+03,3.8388e-09
5.3900e+03,3.6838e-09
5.4000e+03,3.4773e-09
5.4100e+03,3.6697e-09
5.4200e+03,4.0062e-09
5.4300e+03,3.8854e-09
5.4400e+03,3.8442e-09
5.4500e+03,3.6263e-09
5.4600e+03,3.3754e-09
5.4700e+03,3.4783e-09
5.4800e+03,3.5242e-09
5.4900e+03,3.6599e-09
5.5000e+03,3.6491e-09
5.5100e+03,3.5475e-09
5.5200e+03,3.7156e-09
5.5300e+03,3.8486e-09
5.5400e+03,3.9223e-09
5.5500e+03,4.0680e-09
5.5600e+03,4.0137e-09
5.5700e+03,3.9595e-09
5.5800e+03,3.9993e-09
5.5900e+03,3.8956e-09
5.6000e+03,3.6957e-09
5.6100e+03,3.7821e-09
5.6200e+03,3.7868e-09
5.6300e+03,3.7412e-09
5.6400e+03,3.7984e-09
5.6500e+03,3.8797e-09
5.6600e+03,3.9393e-09
5.6700e+03,3.8522e-09
5.6800e+03,4.0401e-09
5.6900e+03,4.1193e-09
5.7000e+03,4.0810e-09
5.7100e+03,3.9118e-09
5.7200e+03,4.1139e-09
5.7300e+03,4.2085e-09
5.7400e+03,4.3639e-09
5.7600e+03,4.3878e-09
5.7800e+03,4.3473e-09
5.8000e+03,4.4904e-09
5.8200e+03,4.6350e-09
5.8400e+03,4.5045e-09
5.8600e+03,4.2360e-09
5.8800e+03,3.9028e-09
5.9000e+03,3.6708e-09
5.9200e+03,3.8757e-09
5.9400e+03,3.9639e-09
5.9600e+03,4.1363e-09
5.9800e+03,4.1804e-09
6.0000e+03,4.2675e-09
6.0200e+03,4.4525e-09
6.0400e+03,4.6813e-09
6.0600e+03,4.8392e-09
6.0800e+03,4.7647e-09
6.1000e+03,4.7008e-09
6.1200e+03,4.7058e-09
6.1400e+03,4.8237e-09
6.1600e+03,4.4474e-09
6.1800e+03,3.9581e-09
6.2000e+03,3.9064e-09
6.2200e+03,3.6701e-09
6.2400e+03,3.5689e-09
6.2600e+03,3.7604e-09
6.2800e+03,4.0745e-09
6.3000e+03,4.3477e-09
6.3200e+03,4.6596e-09
6.3400e+03,4.7806e-09
6.3600e+03,4.8724e-09
6.3800e+03,5.0152e-09
6.4000e+03,5.0987e-09
6.4200e+03,5.0889e-09
6.4400e+03,5.1598e-09
6.4600e+03,5.2700e-09
6.4800e+03,5.0831e-09
6.5000e+03,5.0304e-09
6.5200e+03,5.3050e-09
6.5400e+03,5.3488e-09
6.5600e+03,5.1547e-09
6.5800e+03,5.2064e-09
6.6000e+03,5.3188e-09
6.6200e+03,5.2226e-09
6.6400e+03,5.0998e-09
6.6600e+03,4.9682e-09
6.6800e+03,4.8284e-09
6.7000e+03,4.6845e-09
6.7200e+03,4.6296e-09
6.7400e+03,4.5577e-09
6.7600e+03,4.6411e-09
6.7800e+03,4.7160e-09
6.8000e+03,4.7828e-09
6.8200e+03,4.9859e-09
6.8400e+03,5.1626e-09
6.8600e+03,5.0398e-09
6.8800e+03,5.0553e-09
6.9000e+03,5.3932e-09
6.9200e+03,5.5400e-09
6.9400e+03,5.6542e-09
6.9600e+03,5.7561e-09
6.9800e+03,5.7691e-09
7.0000e+03,5.8255e-09
7.0200e+03,5.9194e-09
7.0400e+03,5.9039e-09
7.0600e+03,5.4413e-09
7.0800e+03,5.0109e-09
7.1000e+03,4.8428e-09
7.1200e+03,4.5989e-09
7.1400e+03,4.4239e-09
7.1600e+03,4.7445e-09
7.1800e+03,4.9718e-09
7.2000e+03,4.8992e-09
7.2200e+03,5.1449e-09
7.2400e+03,5.4005e-09
7.2600e+03,5.5598e-09
7.2800e+03,5.7279e-09
7.3000e+03,5.9024e-09
7.3200e+03,5.9917e-09
7.3400e+03,5.9903e-09
7.3600e+03,6.1294e-09
7.3800e+03,6.2010e-09
7.4000e+03,6.2964e-09
7.4200e+03,6.2035e-09
7.4400e+03,6.2812e-09
7.4600e+03,6.3282e-09
7.4800e+03,6.2082e-09
7.5000e+03,6.2111e-09
7.5200e+03,6.3188e-09
7.5400e+03,6.3029e-09
7.5600e+03,6.3011e-09
7.5800e+03,6.4062e-09
7.6000e+03,5.5349e-09
7.6200e+03,5.5407e-09
7.6400e+03,5.8186e-09
7.6600e+03,5.8894e-09
7.6800e+03,5.5038e-09
7.7000e+03,5.7492e-09
7.7200e+03,5.8490e-09
7.7400e+03,5.8468e-09
7.7600e+03,5.9209e-09
7.7800e+03,5.8775e-09
7.8000e+03,5.9451e-09
7.8200e+03,6.0210e-09
7.8400e+03,5.9483e-09
7.8600e+03,5.9415e-09
7.8800e+03,5.9765e-09
7.9000e+03,5.8511e-09
7.9200e+03,5.7698e-09
7.9400e+03,5.8081e-09
7.9600e+03,5.9010e-09
7.9800e+03,5.9769e-09
8.0000e+03,6.0279e-09
8.0200e+03,6.0344e-09
8.0400e+03,6.0821e-09
8.0600e+03,6.0777e-09
8.0800e+03,6.0271e-09
8.1000e+03,5.8851e-09
8.1200e+03,6.1142e-09
8.1400e+03,6.1684e-09
8.1600e+03,6.0004e-09
8.1800e+03,5.9476e-09
8.2000e+03,6.0553e-09
8.2200e+03,6.0210e-09
8.2400e+03,6.0083e-09
8.2600e+03,6.2483e-09
8.2800e+03,6.1822e-09
8.3000e+03,6.0763e-09
8.3200e+03,5.9433e-09
8.3400e+03,5.9151e-09
8.3600e+03,5.9397e-09
8.3800e+03,5.9574e-09
8.4000e+03,6.0307e-09
8.4200e+03,5.9830e-09
8.4400e+03,5.8699e-09
8.4600e+03,5.9722e-09
8.4800e+03,5.8739e-09
8.5000e+03,5.7687e-09
8.5200e+03,5.7431e-09
8.5400e+03,5.4583e-09
8.5600e+03,5.6346e-09
8.5800e+03,5.9292e-09
8.6000e+03,6.0304e-09
8.6200e+03,6.1157e-09
8.6400e+03,5.8771e-09
8.6600e+03,5.7246e-09
8.6800e+03,5.6657e-09
8.7000e+03,6.0112e-09
8.7200e+03,6.1543e-09
8.7400e+03,6.2230e-09
8.7600e+03,6.1421e-09
8.7800e+03,6.1009e-09
8.8000e+03,6.0676e-09
8.8200e+03,6.0528e-09
8.8400e+03,6.2606e-09
8.8600e+03,6.2266e-09
8.8800e+03,6.1019e-09
8.9000e+03,6.0860e-09
8.9200e+03,6.0080e-09
8.9400e+03,5.9979e-09
8.9600e+03,6.1247e-09
8.9800e+03,6.0546e-09
9.0000e+03,5.8728e-09
9.0200e+03,6.0875e-09
9.0400e+03,6.4677e-09
9.0600e+03,6.3054e-09
9.0800e+03,5.9707e-09
9.1000e+03,5.9646e-09
9.1200e+03,5.9469e-09
9.1400e+03,5.7893e-09
9.1600e+03,5.5772e-09
9.1800e+03,5.6711e-09
9.2000e+03,5.8161e-09
9.2200e+03,5.7590e-09
9.2400e+03,5.6372e-09
9.2600e+03,5.4796e-09
9.2800e+03,5.5548e-09
9.3000e+03,5.3574e-09
9.3200e+03,5.3372e-09
9.3400e+03,5.5389e-09
9.3600e+03,5.0130e-09
9.3800e+03,5.5071e-09
9.4000e+03,6.0463e-09
9.4200e+03,5.4402e-09
9.4400e+03,5.1269e-09
9.4600e+03,5.3918e-09
9.4800e+03,5.3542e-09
9.5000e+03,5.4236e-09
9.5200e+03,5.6083e-09
9.5400e+03,5.5418e-09
9.5600e+03,5.6213e-09
9.5800e+03,5.3907e-09
9.6000e+03,5.4398e-09
9.6200e+03,5.5490e-09
9.6400e+03,5.4117e-09
9.6600e+03,5.4001e-09
9.6800e+03,5.4890e-09
9.7000e+03,5.3900e-09
9.7200e+03,5.3976e-09
9.7400e+03,5.3874e-09
9.7600e+03,5.3947e-09
9.7800e+03,5.4052e-09
9.8000e+03,5.4825e-09
9.8200e+03,5.5960e-09
9.8400e+03,5.6090e-09
9.8600e+03,5.5035e-09
9.8800e+03,5.6003e-09
9.9000e+03,5.5859e-09
9.9200e+03,5.5826e-09
9.9400e+03,5.4684e-09
9.9600e+03,5.5638e-09
9.9800e+03,5.5877e-09
1.0000e+04,5.5284e-09
1.0020e+04,5.5732e-09
1.0040e+04,5.5067e-09
1.0060e+04,5.4283e-09
1.0080e+04,5.4619e-09
1.0100e+04,5.4536e-09
1.0120e+04,5.4944e-09
1.0140e+04,5.4912e-09
1.0160e+04,5.4391e-09
1.0180e+04,5.4688e-09
1.0200e+04,5.4095e-09
1.0220e+04,5.3853e-09
1.0240e+04,5.4474e-09
1.0260e+04,5.4294e-09
1.0280e+04,5.4232e-09
1.0300e+04,5.3452e-09
1.0320e+04,5.3014e-09
1.0340e+04,5.3260e-09
1.0360e+04,5.2772e-09
1.0380e+04,5.3014e-09
1.0400e+04,5.3390e-09
1.0420e+04,5.3477e-09
1.0440e+04,5.3249e-09
1.0460e+04,5.3087e-09
1.0480e+04,5.3119e-09
1.0500e+04,5.3780e-09
1.0520e+04,5.3578e-09
1.0540e+04,5.3162e-09
1.0560e+04,5.3061e-09
1.0580e+04,5.2620e-09
1.0600e+04,5.2205e-09
1.0800e+04,5.0362e-09
1.1000e+04,4.8251e-09
1.1200e+04,4.6010e-09
1.1400e+04,4.3759e-09
1.1600e+04,4.1594e-09
1.1800e+04,3.9603e-09
1.2000e+04,3.7850e-09
1.2200e+04,3.6390e-09
1.2400e+04,3.5271e-09
1.2600e+04,3.4506e-09
1.2800e+04,3.3897e-09
1.3000e+04,3.3492e-09
1.3200e+04,3.3086e-09
1.3400e+04,3.2578e-09
1.3600e+04,3.2309e-09
1.3800e+04,3.1667e-09
1.4000e+04,3.0620e-09
1.4200e+04,2.9507e-09
1.4400e+04,2.9138e-09
1.4600e+04,2.8596e-09
1.4800e+04,2.8360e-09
1.5000e+04,2.8190e-09
1.5200e+04,2.8124e-09
1.5400e+04,2.8090e-09
1.5600e+04,2.7751e-09
1.5800e+04,2.7412e-09
1.6000e+04,2.7482e-09
1.6200e+04,2.7585e-09
1.6400e+04,2.7213e-09
1.6600e+04,2.6468e-09
1.6800e+04,2.5724e-09
1.7000e+04,2.4912e-09
1.7200e+04,2.4167e-09
1.7400e+04,2.3287e-09
1.7600e+04,2.2509e-09
1.7800e+04,2.1764e-09
1.8000e+04,2.1053e-09
1.8200e+04,2.0444e-09
1.8400e+04,1.9700e-09
1.8600e+04,1.9125e-09
1.8800e+04,1.8413e-09
1.9000e+04,1.7838e-09
1.9200e+04,1.7195e-09
1.9400e+04,1.6653e-09
1.9600e+04,1.6111e-09
1.9800e+04,1.5536e-09
2.0000e+04,1.4988e-09
2.0200e+04,1.4488e-09
2.0400e+04,1.4000e-09
2.0600e+04,1.3540e-09
2.0800e+04,1.3113e-09
2.1000e+04,1.2680e-09
2.1200e+04,1.2237e-09
2.1400e+04,1.1837e-09
2.1600e+04,1.1465e-09
2.1800e+04,1.1120e-09
2.2000e+04,1.0775e-09
2.2200e+04,1.0430e-09
2.2400e+04,1.0115e-09
2.2600e+04,9.7836e-10
2.2800e+04,9.2006e-10
2.3000e+04,8.5468e-10
2.3200e+04,7.9368e-10
2.3400e+04,7.4796e-10
2.3600e+04,7.0665e-10
2.3800e+04,6.7651e-10
2.4000e+04,6.5819e-10
2.4200e+04,6.3661e-10
2.4400e+04,6.2136e-10
2.4600e+04,6.0445e-10
2.4800e+04,5.8988e-10
2.5000e+04,5.7806e-10
2.5200e+04,5.6520e-10
2.5400e+04,5.5371e-10
2.5600e+04,5.4655e-10
