# wavelength, f_lambda
2.2900e+02,0.0000e+00
2.3400e+02,0.0000e+00
2.4300e+02,0.0000e+00
2.5200e+02,0.0000e+00
2.5600e+02,0.0000e+00
2.6000e+02,0.0000e+00
2.6600e+02,0.0000e+00
2.7500e+02,0.0000e+00
2.8300e+02,0.0000e+00
2.9300e+02,0.0000e+00
3.0100e+02,0.0000e+00
3.0900e+02,0.0000e+00
3.2500e+02,0.0000e+00
3.4200e+02,0.0000e+00
3.5100e+02,0.0000e+00
3.5600e+02,0.0000e+00
3.6500e+02,0.0000e+00
3.7500e+02,0.0000e+00
3.8400e+02,0.0000e+00
4.0000e+02,0.0000e+00
4.1500e+02,0.0000e+00
4.2500e+02,0.0000e+00
4.4500e+02,0.0000e+00
4.7200e+02,0.0000e+00
4.9400e+02,0.0000e+00
5.0600e+02,0.0000e+00
5.1600e+02,0.0000e+00
5.4000e+02,0.0000e+00
5.6400e+02,0.0000e+00
5.8700e+02,0.0000e+00
6.1200e+02,0.0000e+00
6.4000e+02,0.0000e+00
6.7100e+02,0.0000e+00
7.0500e+02,0.0000e+00
7.3600e+02,0.0000e+00
7.7000e+02,0.0000e+00
8.1000e+02,0.0000e+00
8.5000e+02,0.0000e+00
8.9000e+02,0.0000e+00
9.2000e+02,0.0000e+00
9.4000e+02,0.0000e+00
9.6200e+02,0.0000e+00
9.8700e+02,0.0000e+00
1.0120e+03,0.0000e+00
1.0370e+03,0.0000e+00
1.0620e+03,0.0000e+00
1.0870e+03,0.0000e+00
1.1120e+03,0.0000e+00
1.1200e+03,0.0000e+00
1.1400e+03,0.0000e+00
1.1600e+03,0.0000e+00
1.1800e+03,0.0000e+00
1.2000e+03,0.0000e+00
1.2200e+03,0.0000e+00
1.2400e+03,0.0000e+00
1.2600e+03,0.0000e+00
1.2800e+03,0.0000e+00
1.3000e+03,0.0000e+00
1.3200e+03,0.0000e+00
1.3400e+03,0.0000e+00
1.3600e+03,0.0000e+00
1.3800e+03,0.0000e+00
1.4000e+03,0.0000e+00
1.4200e+03,0.0000e+00
1.4400e+03,0.0000e+00
1.4600e+03,0.0000e+00
1.4800e+03,0.0000e+00
1.5000e+03,0.0000e+00
1.5200e+03,0.0000e+00
1.5400e+03,0.0000e+00
1.5600e+03,0.0000e+00
1.5800e+03,0.0000e+00
1.6000e+03,0.0000e+00
1.6200e+03,0.0000e+00
1.6400e+03,0.0000e+00
1.6600e+03,0.0000e+00
1.6800e+03,0.0000e+00
1.7000e+03,0.0000e+00
1.7200e+03,0.0000e+00
1.7400e+03,0.0000e+00
1.7600e+03,0.0000e+00
1.7800e+03,0.0000e+00
1.8000e+03,0.0000e+00
1.8200e+03,0.0000e+00
1.8400e+03,0.0000e+00
1.8600e+03,0.0000e+00
1.8800e+03,0.0000e+00
1.9000e+03,0.0000e+00
1.9200e+03,0.0000e+00
1.9400e+03,0.0000e+00
1.9600e+03,0.0000e+00
1.9800e+03,0.0000e+00
2.0000e+03,1.8808e-12
2.0025e+03,1.8808e-12
2.0050e+03,2.2647e-12
2.0075e+03,1.8756e-12
2.0100e+03,3.3441e-12
2.0125e+03,3.8426e-12
2.0150e+03,3.5788e-12
2.0175e+03,3.3885e-12
2.0200e+03,3.2777e-12
2.0225e+03,1.7243e-12
2.0250e+03,6.5808e-13
2.0275e+03,1.3510e-12
2.0300e+03,1.8944e-12
2.0325e+03,1.8399e-12
2.0350e+03,2.5012e-12
2.0375e+03,3.6398e-12
2.0400e+03,3.1412e-12
2.0425e+03,2.6425e-12
2.0450e+03,2.6054e-12
2.0475e+03,2.8597e-12
2.0500e+03,3.6482e-12
2.0525e+03,4.0552e-12
2.0550e+03,4.3137e-12
2.0575e+03,3.8270e-12
2.0600e+03,2.9209e-12
2.0625e+03,3.2974e-12
2.0650e+03,4.1370e-12
2.0675e+03,5.7045e-12
2.0700e+03,6.4975e-12
2.0725e+03,5.2972e-12
2.0750e+03,4.8315e-12
2.0775e+03,4.8221e-12
2.0800e+03,6.0808e-12
2.0825e+03,7.3394e-12
2.0850e+03,7.7776e-12
2.0875e+03,7.7171e-12
2.0900e+03,6.9089e-12
2.0925e+03,6.4573e-12
2.0950e+03,6.0952e-12
2.0975e+03,5.8385e-12
2.1000e+03,5.5467e-12
2.1025e+03,4.6925e-12
2.1050e+03,3.9386e-12
2.1075e+03,3.3126e-12
2.1100e+03,2.3587e-12
2.1125e+03,8.2179e-13
2.1150e+03,1.5076e-12
2.1175e+03,2.7429e-12
2.1200e+03,3.1770e-12
2.1225e+03,3.6706e-12
2.1250e+03,4.8521e-12
2.1275e+03,5.8675e-12
2.1300e+03,6.7025e-12
2.1325e+03,7.1891e-12
2.1350e+03,7.6287e-12
2.1375e+03,7.9239e-12
2.1400e+03,7.8764e-12
2.1425e+03,6.6004e-12
2.1450e+03,4.7493e-12
2.1475e+03,2.5149e-12
2.1500e+03,1.5084e-12
2.1525e+03,1.6354e-12
2.1550e+03,1.9726e-12
2.1575e+03,2.0279e-12
2.1600e+03,1.0639e-12
2.1625e+03,5.0571e-13
2.1650e+03,2.0795e-12
2.1675e+03,2.7768e-12
2.1700e+03,2.7853e-12
2.1725e+03,2.5401e-12
2.1750e+03,2.2842e-12
2.1775e+03,1.8750e-12
2.1800e+03,1.5678e-12
2.1825e+03,1.5767e-12
2.1850e+03,1.3036e-12
2.1875e+03,9.8325e-13
2.1900e+03,6.6290e-13
2.1925e+03,3.4251e-13
2.1950e+03,9.9002e-13
2.1975e+03,1.6375e-12
2.2000e+03,2.5180e-12
2.2025e+03,3.1904e-12
2.2050e+03,3.1398e-12
2.2075e+03,3.1765e-12
2.2100e+03,3.2623e-12
2.2125e+03,2.7266e-12
2.2150e+03,1.7024e-12
2.2175e+03,1.7861e-12
2.2200e+03,1.5742e-12
2.2225e+03,7.5433e-13
2.2250e+03,8.3243e-14
2.2275e+03,1.2485e-13
2.2300e+03,1.6646e-13
2.2325e+03,2.0807e-13
2.2350e+03,2.4968e-13
2.2375e+03,2.9128e-13
2.2400e+03,3.2029e-13
2.2425e+03,1.0038e-12
2.2450e+03,2.6690e-12
2.2475e+03,3.4820e-12
2.2500e+03,3.9636e-12
2.2525e+03,4.5867e-12
2.2550e+03,5.3146e-12
2.2575e+03,6.6467e-12
2.2600e+03,7.1030e-12
2.2625e+03,6.4450e-12
2.2650e+03,5.9044e-12
2.2675e+03,5.5731e-12
2.2700e+03,5.7592e-12
2.2725e+03,6.1253e-12
2.2750e+03,6.5743e-12
2.2775e+03,6.9527e-12
2.2800e+03,6.5156e-12
2.2825e+03,5.8668e-12
2.2850e+03,4.9879e-12
2.2875e+03,3.8973e-12
2.2900e+03,2.7775e-12
2.2925e+03,2.3621e-12
2.2950e+03,2.0795e-12
2.2975e+03,1.4794e-12
2.3000e+03,1.2063e-12
2.3025e+03,1.2350e-12
2.3050e+03,1.4230e-12
2.3075e+03,1.8138e-12
2.3100e+03,1.8082e-12
2.3125e+03,1.8292e-12
2.3150e+03,2.1742e-12
2.3175e+03,2.6017e-12
2.3200e+03,3.4628e-12
2.3225e+03,4.9651e-12
2.3250e+03,6.9712e-12
2.3275e+03,8.0832e-12
2.3300e+03,9.1583e-12
2.3325e+03,1.0014e-11
2.3350e+03,1.0402e-11
2.3375e+03,9.6674e-12
2.3400e+03,9.0167e-12
2.3425e+03,8.4221e-12
2.3450e+03,7.0534e-12
2.3475e+03,4.9702e-12
2.3500e+03,3.7622e-12
2.3525e+03,3.0529e-12
2.3550e+03,3.2412e-12
2.3575e+03,3.8133e-12
2.3600e+03,5.6002e-12
2.3625e+03,6.2886e-12
2.3650e+03,6.4041e-12
2.3675e+03,7.6287e-12
2.3700e+03,8.8530e-12
2.3725e+03,8.5485e-12
2.3750e+03,8.8950e-12
2.3775e+03,1.0513e-11
2.3800e+03,1.0227e-11
2.3825e+03,9.3397e-12
2.3850e+03,8.7578e-12
2.3875e+03,8.3790e-12
2.3900e+03,8.3609e-12
2.3925e+03,8.3428e-12
2.3950e+03,8.4453e-12
2.3975e+03,7.6697e-12
2.4000e+03,5.0060e-12
2.4025e+03,4.4303e-12
2.4050e+03,4.6660e-12
2.4075e+03,3.0425e-12
2.4100e+03,5.1154e-13
2.4125e+03,1.3212e-12
2.4150e+03,2.2627e-12
2.4175e+03,3.3720e-12
2.4200e+03,4.9430e-12
2.4225e+03,7.3344e-12
2.4250e+03,8.0564e-12
2.4275e+03,8.2436e-12
2.4300e+03,8.3439e-12
2.4325e+03,8.4442e-12
2.4350e+03,6.5725e-12
2.4375e+03,5.0893e-12
2.4400e+03,4.1888e-12
2.4425e+03,4.6226e-12
2.4450e+03,5.3902e-12
2.4475e+03,6.4316e-12
2.4500e+03,7.4803e-12
2.4525e+03,7.8022e-12
2.4550e+03,8.3747e-12
2.4575e+03,9.1785e-12
2.4600e+03,9.9386e-12
2.4625e+03,1.0644e-11
2.4650e+03,1.1277e-11
2.4675e+03,1.1414e-11
2.4700e+03,1.0023e-11
2.4725e+03,8.9475e-12
2.4750e+03,9.5229e-12
2.4775e+03,9.7803e-12
2.4800e+03,9.6934e-12
2.4825e+03,1.0508e-11
2.4850e+03,1.1446e-11
2.4875e+03,9.2289e-12
2.4900e+03,7.0649e-12
2.4925e+03,8.2689e-12
2.4950e+03,8.2334e-12
2.4975e+03,7.3716e-12
2.5000e+03,7.5121e-12
2.5025e+03,8.5774e-12
2.5050e+03,8.5825e-12
2.5075e+03,8.7140e-12
2.5100e+03,9.3096e-12
2.5125e+03,9.7753e-12
2.5150e+03,9.8274e-12
2.5175e+03,8.8479e-12
2.5200e+03,7.2876e-12
2.5225e+03,6.7047e-12
2.5250e+03,6.1626e-12
2.5275e+03,7.4799e-12
2.5300e+03,9.1731e-12
2.5325e+03,1.1181e-11
2.5350e+03,1.2393e-11
2.5375e+03,1.3231e-11
2.5400e+03,1.3440e-11
2.5425e+03,1.3232e-11
2.5450e+03,1.3858e-11
2.5475e+03,1.4151e-11
2.5500e+03,1.3943e-11
2.5525e+03,1.3626e-11
2.5550e+03,1.3076e-11
2.5575e+03,1.2874e-11
2.5600e+03,1.2907e-11
2.5625e+03,1.3670e-11
2.5650e+03,1.4436e-11
2.5675e+03,1.5257e-11
2.5700e+03,1.5554e-11
2.5725e+03,1.4922e-11
2.5750e+03,1.2844e-11
2.5775e+03,1.0309e-11
2.5800e+03,8.4464e-12
2.5825e+03,7.0074e-12
2.5850e+03,6.8042e-12
2.5875e+03,7.7863e-12
2.5900e+03,1.0052e-11
2.5925e+03,1.1560e-11
2.5950e+03,1.1929e-11
2.5975e+03,1.1698e-11
2.6000e+03,1.1318e-11
2.6025e+03,1.0023e-11
2.6050e+03,7.3579e-12
2.6075e+03,7.9296e-12
2.6100e+03,9.3103e-12
2.6125e+03,1.1258e-11
2.6150e+03,1.3704e-11
2.6175e+03,1.8184e-11
2.6200e+03,2.0371e-11
2.6225e+03,2.0441e-11
2.6250e+03,1.8471e-11
2.6275e+03,1.3907e-11
2.6300e+03,1.4660e-11
2.6325e+03,1.6974e-11
2.6350e+03,2.1024e-11
2.6375e+03,2.5956e-11
2.6400e+03,3.5518e-11
2.6425e+03,3.7090e-11
2.6450e+03,3.2383e-11
2.6475e+03,3.0856e-11
2.6500e+03,2.9764e-11
2.6525e+03,2.6969e-11
2.6550e+03,2.5465e-11
2.6575e+03,3.0830e-11
2.6600e+03,3.2757e-11
2.6625e+03,3.2393e-11
2.6650e+03,3.2431e-11
2.6675e+03,3.2840e-11
2.6700e+03,3.2123e-11
2.6725e+03,3.1308e-11
2.6750e+03,3.2695e-11
2.6775e+03,3.3138e-11
2.6800e+03,2.9262e-11
2.6825e+03,2.9787e-11
2.6850e+03,3.2790e-11
2.6875e+03,3.2611e-11
2.6900e+03,2.9933e-11
2.6925e+03,3.5447e-11
2.6950e+03,3.8531e-11
2.6975e+03,3.4487e-11
2.7000e+03,3.0665e-11
2.7025e+03,2.7732e-11
2.7050e+03,2.7503e-11
2.7075e+03,2.9075e-11
2.7100e+03,3.0481e-11
2.7125e+03,3.1886e-11
2.7150e+03,3.4699e-11
2.7175e+03,3.3678e-11
2.7200e+03,2.4251e-11
2.7225e+03,2.1915e-11
2.7250e+03,2.2338e-11
2.7275e+03,2.3070e-11
2.7300e+03,2.4166e-11
2.7325e+03,2.9820e-11
2.7350e+03,3.2386e-11
2.7375e+03,3.1018e-11
2.7400e+03,3.0293e-11
2.7425e+03,3.0712e-11
2.7450e+03,3.0453e-11
2.7475e+03,3.0036e-11
2.7500e+03,3.1450e-11
2.7525e+03,3.2864e-11
2.7550e+03,3.7919e-11
2.7575e+03,4.1356e-11
2.7600e+03,4.2373e-11
2.7625e+03,4.2630e-11
2.7650e+03,4.2703e-11
2.7675e+03,4.3619e-11
2.7700e+03,4.4857e-11
2.7725e+03,4.6048e-11
2.7750e+03,4.7891e-11
2.7775e+03,5.0336e-11
2.7800e+03,4.8855e-11
2.7825e+03,4.2369e-11
2.7850e+03,4.2967e-11
2.7875e+03,4.8565e-11
2.7900e+03,7.3322e-11
2.7925e+03,9.9140e-11
2.7950e+03,1.3712e-10
2.7975e+03,1.7487e-10
2.8000e+03,2.1238e-10
2.8025e+03,1.9829e-10
2.8050e+03,1.7717e-10
2.8075e+03,1.4162e-10
2.8100e+03,1.0278e-10
2.8125e+03,6.5156e-11
2.8150e+03,4.5827e-11
2.8175e+03,3.8687e-11
2.8200e+03,3.8071e-11
2.8225e+03,4.3481e-11
2.8250e+03,4.3763e-11
2.8275e+03,4.4202e-11
2.8300e+03,4.5929e-11
2.8325e+03,4.6802e-11
2.8350e+03,4.4966e-11
2.8375e+03,4.5444e-11
2.8400e+03,4.7739e-11
2.8425e+03,5.1527e-11
2.8450e+03,5.5376e-11
2.8475e+03,5.7006e-11
2.8500e+03,5.8957e-11
2.8525e+03,6.2520e-11
2.8550e+03,6.1687e-11
2.8575e+03,5.8791e-11
2.8600e+03,5.7806e-11
2.8625e+03,5.8092e-11
2.8650e+03,5.8320e-11
2.8675e+03,5.8878e-11
2.8700e+03,5.9924e-11
2.8725e+03,6.2893e-11
2.8750e+03,6.9954e-11
2.8775e+03,6.8104e-11
2.8800e+03,6.2792e-11
2.8825e+03,6.1213e-11
2.8850e+03,6.1738e-11
2.8875e+03,5.8106e-11
2.8900e+03,5.6538e-11
2.8925e+03,5.8932e-11
2.8950e+03,6.1695e-11
2.8975e+03,6.5388e-11
2.9000e+03,6.4099e-11
2.9025e+03,6.0909e-11
2.9050e+03,6.2806e-11
2.9075e+03,6.4704e-11
2.9100e+03,7.0175e-11
2.9125e+03,7.6316e-11
2.9150e+03,8.3468e-11
2.9175e+03,8.6582e-11
2.9200e+03,8.8686e-11
2.9225e+03,8.5325e-11
2.9250e+03,8.1096e-11
2.9275e+03,8.6071e-11
2.9300e+03,9.0080e-11
2.9325e+03,9.2857e-11
2.9350e+03,9.6862e-11
2.9375e+03,1.0305e-10
2.9400e+03,9.3570e-11
2.9425e+03,8.0100e-11
2.9450e+03,7.1703e-11
2.9475e+03,6.3429e-11
2.9500e+03,5.6582e-11
2.9525e+03,5.9721e-11
2.9550e+03,7.3669e-11
2.9575e+03,7.6237e-11
2.9600e+03,7.7247e-11
2.9625e+03,7.5335e-11
2.9650e+03,7.0668e-11
2.9675e+03,5.7922e-11
2.9700e+03,5.4862e-11
2.9725e+03,5.8262e-11
2.9750e+03,6.0054e-11
2.9775e+03,6.0359e-11
2.9800e+03,6.6543e-11
2.9825e+03,7.3235e-11
2.9850e+03,7.7964e-11
2.9875e+03,8.2867e-11
2.9900e+03,8.8675e-11
2.9925e+03,9.1445e-11
2.9950e+03,9.1836e-11
2.9975e+03,8.8577e-11
3.0000e+03,8.5166e-11
3.0025e+03,8.3251e-11
3.0050e+03,8.2530e-11
3.0075e+03,8.4348e-11
3.0100e+03,8.4710e-11
3.0125e+03,8.4384e-11
3.0150e+03,8.0553e-11
3.0175e+03,7.4390e-11
3.0200e+03,7.0773e-11
3.0225e+03,6.9407e-11
3.0250e+03,7.2837e-11
3.0275e+03,7.9047e-11
3.0300e+03,9.4077e-11
3.0325e+03,1.0637e-10
3.0350e+03,1.1665e-10
3.0375e+03,1.1573e-10
3.0400e+03,1.1481e-10
3.0425e+03,1.0693e-10
3.0450e+03,1.0109e-10
3.0475e+03,9.9375e-11
3.0500e+03,9.9476e-11
3.0525e+03,1.0015e-10
3.0550e+03,9.6102e-11
3.0575e+03,8.9261e-11
3.0600e+03,7.5954e-11
3.0625e+03,6.8614e-11
3.0650e+03,6.7738e-11
3.0675e+03,7.0693e-11
3.0700e+03,7.9398e-11
3.0725e+03,8.8124e-11
3.0750e+03,9.6011e-11
3.0775e+03,9.7659e-11
3.0800e+03,9.9628e-11
3.0825e+03,1.0924e-10
3.0850e+03,1.1451e-10
3.0875e+03,1.1426e-10
3.0900e+03,1.1393e-10
3.0925e+03,1.1345e-10
3.0950e+03,1.1057e-10
3.0975e+03,1.0904e-10
3.1000e+03,1.1865e-10
3.1025e+03,1.2838e-10
3.1050e+03,1.3939e-10
3.1075e+03,1.5242e-10
3.1100e+03,1.6764e-10
3.1125e+03,1.6900e-10
3.1150e+03,1.6847e-10
3.1175e+03,1.5936e-10
3.1200e+03,1.4696e-10
3.1225e+03,1.3506e-10
3.1250e+03,1.2772e-10
3.1275e+03,1.2458e-10
3.1300e+03,1.2051e-10
3.1325e+03,1.1527e-10
3.1350e+03,1.0301e-10
3.1375e+03,9.0732e-11
3.1400e+03,8.2584e-11
3.1425e+03,7.8717e-11
3.1450e+03,9.7315e-11
3.1475e+03,1.1939e-10
3.1500e+03,1.4419e-10
3.1525e+03,1.5393e-10
3.1550e+03,1.6304e-10
3.1575e+03,1.5801e-10
3.1600e+03,1.4674e-10
3.1625e+03,1.2439e-10
3.1650e+03,1.1081e-10
3.1675e+03,1.0307e-10
3.1700e+03,9.4983e-11
3.1725e+03,8.6582e-11
3.1750e+03,1.1346e-10
3.1775e+03,1.3302e-10
3.1800e+03,1.3049e-10
3.1825e+03,1.3441e-10
3.1850e+03,1.5873e-10
3.1875e+03,1.5748e-10
3.1900e+03,1.4319e-10
3.1925e+03,1.6087e-10
3.1950e+03,1.7855e-10
3.1975e+03,1.8227e-10
3.2000e+03,1.9051e-10
3.2025e+03,1.8830e-10
3.2050e+03,1.8608e-10
3.2075e+03,1.8386e-10
3.2100e+03,1.8164e-10
3.2125e+03,1.7942e-10
3.2150e+03,1.7721e-10
3.2175e+03,1.7499e-10
3.2200e+03,1.7277e-10
3.2225e+03,1.7897e-10
3.2250e+03,1.8517e-10
3.2275e+03,1.9137e-10
3.2300e+03,1.9756e-10
3.2325e+03,2.0376e-10
3.2350e+03,2.0996e-10
3.2375e+03,2.1616e-10
3.2400e+03,2.2236e-10
3.2600e+03,1.9937e-10
3.2700e+03,1.9398e-10
3.2800e+03,2.0518e-10
3.2900e+03,1.6416e-10
3.3000e+03,1.9217e-10
3.3100e+03,2.4066e-10
3.3200e+03,2.3656e-10
3.3300e+03,2.5977e-10
3.3400e+03,2.8159e-10
3.3500e+03,2.5798e-10
3.3600e+03,2.5565e-10
3.3700e+03,2.4038e-10
3.3800e+03,2.7369e-10
3.3900e+03,3.0386e-10
3.4000e+03,2.5618e-10
3.4100e+03,2.9769e-10
3.4200e+03,3.7524e-10
3.4300e+03,3.4320e-10
3.4400e+03,3.1153e-10
3.4500e+03,3.0349e-10
3.4600e+03,3.2127e-10
3.4700e+03,3.1549e-10
3.4800e+03,3.4477e-10
3.4900e+03,3.5101e-10
3.5000e+03,3.7075e-10
3.5100e+03,3.5897e-10
3.5200e+03,3.3970e-10
3.5300e+03,3.6692e-10
3.5400e+03,4.3003e-10
3.5500e+03,4.4709e-10
3.5600e+03,3.9639e-10
3.5700e+03,3.0636e-10
3.5800e+03,2.6229e-10
3.5900e+03,3.1150e-10
3.6000e+03,3.6016e-10
3.6100e+03,3.2737e-10
3.6200e+03,4.1692e-10
3.6300e+03,3.8050e-10
3.6400e+03,3.6601e-10
3.6500e+03,4.0316e-10
3.6600e+03,4.1388e-10
3.6700e+03,4.3184e-10
3.6800e+03,4.4908e-10
3.6900e+03,4.2221e-10
3.7000e+03,4.1837e-10
3.7100e+03,4.3039e-10
3.7200e+03,1.6869e-10
3.7300e+03,3.3105e-10
3.7400e+03,3.6045e-10
3.7500e+03,3.6449e-10
3.7600e+03,3.6847e-10
3.7700e+03,4.7258e-10
3.7800e+03,4.8887e-10
3.7900e+03,4.8887e-10
3.8000e+03,5.5611e-10
3.8100e+03,4.9343e-10
3.8200e+03,4.1667e-10
3.8300e+03,4.0859e-10
3.8400e+03,4.4680e-10
3.8500e+03,4.7171e-10
3.8600e+03,4.5650e-10
3.8700e+03,4.7316e-10
3.8800e+03,4.8355e-10
3.8900e+03,5.3558e-10
3.9000e+03,4.9271e-10
3.9100e+03,5.2954e-10
3.9200e+03,5.6596e-10
3.9300e+03,5.6998e-10
3.9400e+03,5.6705e-10
3.9500e+03,5.7505e-10
3.9600e+03,5.8204e-10
3.9700e+03,6.4164e-10
3.9800e+03,8.3725e-10
3.9900e+03,8.5847e-10
4.0000e+03,8.9634e-10
4.0100e+03,9.6456e-10
4.0200e+03,9.0478e-10
4.0300e+03,8.7607e-10
4.0400e+03,9.8676e-10
4.0500e+03,1.0210e-09
4.0600e+03,1.0384e-09
4.0700e+03,9.9024e-10
4.0800e+03,9.4251e-10
4.0900e+03,1.1093e-09
4.1000e+03,1.0985e-09
4.1100e+03,1.0759e-09
4.1200e+03,1.1369e-09
4.1300e+03,1.1287e-09
4.1400e+03,1.1325e-09
4.1500e+03,1.2014e-09
4.1600e+03,1.1853e-09
4.1700e+03,1.1692e-09
4.1800e+03,1.1501e-09
4.1900e+03,1.1466e-09
4.2000e+03,1.1526e-09
4.2100e+03,1.0311e-09
4.2200e+03,7.9648e-10
4.2300e+03,7.7073e-10
4.2400e+03,7.4524e-10
4.2500e+03,9.9498e-10
4.2600e+03,1.0584e-09
4.2700e+03,1.0633e-09
4.2800e+03,9.6815e-10
4.2900e+03,1.0369e-09
4.3000e+03,1.1014e-09
4.3100e+03,1.1907e-09
4.3200e+03,1.3219e-09
4.3300e+03,1.3823e-09
4.3400e+03,1.3539e-09
4.3500e+03,1.4457e-09
4.3600e+03,1.4521e-09
4.3700e+03,1.5190e-09
4.3800e+03,1.4828e-09
4.3900e+03,1.5632e-09
4.4000e+03,1.6429e-09
4.4100e+03,1.6626e-09
4.4200e+03,1.6350e-09
4.4300e+03,1.6620e-09
4.4400e+03,1.8335e-09
4.4500e+03,1.7560e-09
4.4600e+03,1.8103e-09
4.4700e+03,1.9620e-09
4.4800e+03,2.0585e-09
4.4900e+03,2.0734e-09
4.5000e+03,2.1496e-09
4.5100e+03,2.1815e-09
4.5200e+03,2.1911e-09
4.5300e+03,2.1004e-09
4.5400e+03,2.2106e-09
4.5500e+03,2.2500e-09
4.5600e+03,2.2891e-09
4.5700e+03,2.5013e-09
4.5800e+03,2.4958e-09
4.5900e+03,2.4881e-09
4.6000e+03,2.5330e-09
4.6100e+03,2.6469e-09
4.6200e+03,2.6018e-09
4.6300e+03,2.5271e-09
4.6400e+03,2.4682e-09
4.6500e+03,2.4820e-09
4.6600e+03,2.5516e-09
4.6700e+03,2.4366e-09
4.6800e+03,2.5067e-09
4.6900e+03,2.5211e-09
4.7000e+03,2.5450e-09
4.7100e+03,2.5453e-09
4.7200e+03,2.5456e-09
4.7300e+03,2.5866e-09
4.7400e+03,2.5457e-09
4.7500e+03,2.4777e-09
4.7600e+03,2.2267e-09
4.7700e+03,2.0455e-09
4.7800e+03,2.1821e-09
4.7900e+03,2.3415e-09
4.8000e+03,2.3249e-09
4.8100e+03,2.3065e-09
4.8200e+03,2.3245e-09
4.8300e+03,2.3741e-09
4.8400e+03,2.2914e-09
4.8500e+03,2.3799e-09
4.8600e+03,2.4040e-09
4.8700e+03,2.4322e-09
4.8800e+03,2.4603e-09
4.8900e+03,2.5795e-09
4.9000e+03,2.6181e-09
4.9100e+03,2.7044e-09
4.9200e+03,2.7282e-09
4.9300e+03,2.8208e-09
4.9400e+03,2.7840e-09
4.9500e+03,2.5641e-09
4.9600e+03,2.3029e-09
4.9700e+03,2.4188e-09
4.9800e+03,2.4023e-09
4.9900e+03,2.3814e-09
5.0000e+03,2.3359e-09
5.0100e+03,2.2980e-09
5.0200e+03,2.3129e-09
5.0300e+03,2.3750e-09
5.0400e+03,2.4366e-09
5.0500e+03,2.4790e-09
5.0600e+03,2.3871e-09
5.0700e+03,2.3567e-09
5.0800e+03,2.4145e-09
5.0900e+03,2.3938e-09
5.1000e+03,2.3485e-09
5.1100e+03,2.4233e-09
5.1200e+03,2.4738e-09
5.1300e+03,2.4804e-09
5.1400e+03,2.4708e-09
5.1500e+03,2.5417e-09
5.1600e+03,2.3909e-09
5.1700e+03,2.0881e-09
5.1800e+03,2.1559e-09
5.1900e+03,2.3016e-09
5.2000e+03,2.4461e-09
5.2100e+03,2.5937e-09
5.2200e+03,2.9747e-09
5.2300e+03,3.0213e-09
5.2400e+03,3.0250e-09
5.2500e+03,3.0252e-09
5.2600e+03,2.8277e-09
5.2700e+03,2.8805e-09
5.2800e+03,3.2453e-09
5.2900e+03,3.2423e-09
5.3000e+03,3.2909e-09
5.3100e+03,3.4157e-09
5.3200e+03,3.2714e-09
5.3300e+03,3.2449e-09
5.3400e+03,3.3321e-09
5.3500e+03,3.4716e-09
5.3600e+03,3.6100e-09
5.3700e+03,3.6862e-09
5.3800e+03,3.8509e-09
5.3900e+03,3.7687e-09
5.4000e+03,3.6076e-09
5.4100e+03,3.7840e-09
5.4200e+03,4.0324e-09
5.4300e+03,3.9987e-09
5.4400e+03,3.8661e-09
5.4500e+03,3.6645e-09
5.4600e+03,3.5341e-09
5.4700e+03,3.6301e-09
5.4800e+03,3.7333e-09
5.4900e+03,3.8111e-09
5.5000e+03,3.7039e-09
5.5100e+03,3.6800e-09
5.5200e+03,3.6561e-09
5.5300e+03,3.8517e-09
5.5400e+03,3.8781e-09
5.5500e+03,3.9918e-09
5.5600e+03,3.8864e-09
5.5700e+03,3.9451e-09
5.5800e+03,3.8372e-09
5.5900e+03,3.7155e-09
5.6000e+03,3.6594e-09
5.6100e+03,3.6855e-09
5.6200e+03,3.8039e-09
5.6300e+03,3.8118e-09
5.6400e+03,3.8336e-09
5.6500e+03,3.9502e-09
5.6600e+03,4.0802e-09
5.6700e+03,4.0935e-09
5.6800e+03,4.1073e-09
5.6900e+03,4.1797e-09
5.7000e+03,4.3068e-09
5.7100e+03,4.1989e-09
5.7200e+03,4.3351e-09
5.7300e+03,4.3887e-09
5.7400e+03,4.5505e-09
5.7600e+03,4.6508e-09
5.7800e+03,4.5784e-09
5.8000e+03,4.7642e-09
5.8200e+03,4.6917e-09
5.8400e+03,4.5114e-09
5.8600e+03,4.1566e-09
5.8800e+03,3.5174e-09
5.9000e+03,3.4371e-09
5.9200e+03,3.3578e-09
5.9400e+03,4.2174e-09
5.9600e+03,4.3412e-09
5.9800e+03,4.4314e-09
6.0000e+03,4.6425e-09
6.0200e+03,4.7728e-09
6.0400e+03,5.0064e-09
6.0600e+03,5.1201e-09
6.0800e+03,5.2143e-09
6.1000e+03,5.1983e-09
6.1200e+03,5.1465e-09
6.1400e+03,5.0024e-09
6.1600e+03,4.5111e-09
6.1800e+03,4.2847e-09
6.2000e+03,4.1518e-09
6.2200e+03,4.0001e-09
6.2400e+03,3.9545e-09
6.2600e+03,4.0610e-09
6.2800e+03,4.1663e-09
6.3000e+03,4.8536e-09
6.3200e+03,5.1607e-09
6.3400e+03,5.2986e-09
6.3600e+03,5.2295e-09
6.3800e+03,5.2186e-09
6.4000e+03,5.5756e-09
6.4200e+03,5.7646e-09
6.4400e+03,5.8537e-09
6.4600e+03,6.1296e-09
6.4800e+03,6.2151e-09
6.5000e+03,6.2781e-09
6.5200e+03,6.6018e-09
6.5400e+03,6.6192e-09
6.5600e+03,6.4432e-09
6.5800e+03,6.4559e-09
6.6000e+03,6.2672e-09
6.6200e+03,6.1847e-09
6.6400e+03,6.1028e-09
6.6600e+03,5.7013e-09
6.6800e+03,5.4532e-09
6.7000e+03,5.2179e-09
6.7200e+03,5.0575e-09
6.7400e+03,4.9803e-09
6.7600e+03,4.9141e-09
6.7800e+03,4.7580e-09
6.8000e+03,4.6400e-09
6.8200e+03,4.7048e-09
6.8400e+03,4.7928e-09
6.8600e+03,4.7812e-09
6.8800e+03,4.8272e-09
6.9000e+03,5.2099e-09
6.9200e+03,5.6658e-09
6.9400e+03,6.0413e-09
6.9600e+03,6.0833e-09
6.9800e+03,6.1745e-09
7.0000e+03,6.2643e-09
7.0200e+03,6.7622e-09
7.0400e+03,6.8506e-09
7.0600e+03,6.6225e-09
7.0800e+03,6.2263e-09
7.1000e+03,6.0351e-09
7.1200e+03,5.8106e-09
7.1400e+03,5.5995e-09
7.1600e+03,6.0203e-09
7.1800e+03,6.0782e-09
7.2000e+03,6.2614e-09
7.2200e+03,6.4617e-09
7.2400e+03,6.7282e-09
7.2600e+03,7.1261e-09
7.2800e+03,7.4433e-09
7.3000e+03,7.8015e-09
7.3200e+03,7.9119e-09
7.3400e+03,7.9869e-09
7.3600e+03,8.0607e-09
7.3800e+03,8.4134e-09
7.4000e+03,8.4460e-09
7.4200e+03,8.5452e-09
7.4400e+03,8.5865e-09
7.4600e+03,8.6861e-09
7.4800e+03,8.7281e-09
7.5000e+03,8.7357e-09
7.5200e+03,8.7172e-09
7.5400e+03,8.8150e-09
7.5600e+03,8.7274e-09
7.5800e+03,7.9731e-09
7.6000e+03,7.8380e-09
7.6200e+03,9.5968e-09
7.6400e+03,8.5916e-09
7.6600e+03,8.2041e-09
7.6800e+03,7.3076e-09
7.7000e+03,7.5636e-09
7.7200e+03,7.8167e-09
7.7400e+03,7.8703e-09
7.7600e+03,7.9007e-09
7.7800e+03,8.1310e-09
7.8000e+03,8.1965e-09
7.8200e+03,8.2226e-09
7.8400e+03,8.2961e-09
7.8600e+03,8.4648e-09
7.8800e+03,8.5756e-09
7.9000e+03,8.5611e-09
7.9200e+03,8.6129e-09
7.9400e+03,8.7570e-09
7.9600e+03,8.9844e-09
7.9800e+03,9.0576e-09
8.0000e+03,9.0670e-09
8.0200e+03,9.1771e-09
8.0400e+03,9.2289e-09
8.0600e+03,9.4056e-09
8.0800e+03,9.5801e-09
8.1000e+03,9.2039e-09
8.1200e+03,9.4841e-09
8.1400e+03,9.2408e-09
8.1600e+03,8.9410e-09
8.1800e+03,8.7328e-09
8.2000e+03,8.8421e-09
8.2200e+03,8.9754e-09
8.2400e+03,9.4088e-09
8.2600e+03,9.4095e-09
8.2800e+03,8.8805e-09
8.3000e+03,8.9142e-09
8.3200e+03,8.9073e-09
8.3400e+03,8.9598e-09
8.3600e+03,8.7675e-09
8.3800e+03,9.0315e-09
8.4000e+03,9.1061e-09
8.4200e+03,8.8863e-09
8.4400e+03,8.6683e-09
8.4600e+03,8.7074e-09
8.4800e+03,8.6680e-09
8.5000e+03,8.5278e-09
8.5200e+03,8.3888e-09
8.5400e+03,8.3786e-09
8.5600e+03,8.8367e-09
8.5800e+03,8.8505e-09
8.6000e+03,8.9142e-09
8.6200e+03,8.8787e-09
8.6400e+03,8.7882e-09
8.6600e+03,8.3595e-09
8.6800e+03,8.7328e-09
8.7000e+03,8.7118e-09
8.7200e+03,8.7889e-09
8.7400e+03,9.1724e-09
8.7600e+03,8.8566e-09
8.7800e+03,8.7578e-09
8.8000e+03,8.6600e-09
8.8200e+03,9.0007e-09
8.8400e+03,8.8363e-09
8.8600e+03,8.9442e-09
8.8800e+03,8.7386e-09
8.9000e+03,8.6499e-09
8.9200e+03,8.6998e-09
8.9400e+03,8.5611e-09
8.9600e+03,8.4768e-09
8.9800e+03,8.4362e-09
9.0000e+03,8.3754e-09
9.0200e+03,8.8755e-09
9.0400e+03,9.1499e-09
9.0600e+03,8.7263e-09
9.0800e+03,8.7107e-09
9.1000e+03,9.1463e-09
9.1200e+03,8.8523e-09
9.1400e+03,8.7212e-09
9.1600e+03,8.5916e-09
9.1800e+03,8.9236e-09
9.2000e+03,9.2299e-09
9.2200e+03,9.0735e-09
9.2400e+03,8.7646e-09
9.2600e+03,8.5680e-09
9.2800e+03,8.1556e-09
9.3000e+03,7.8243e-09
9.3200e+03,7.7156e-09
9.3400e+03,8.4619e-09
9.3600e+03,8.2874e-09
9.3800e+03,8.6032e-09
9.4000e+03,9.1467e-09
9.4200e+03,8.0477e-09
9.4400e+03,7.8699e-09
9.4600e+03,8.6745e-09
9.4800e+03,8.5651e-09
9.5000e+03,8.3088e-09
9.5200e+03,8.0546e-09
9.5400e+03,8.5097e-09
9.5600e+03,8.5430e-09
9.5800e+03,8.4561e-09
9.6000e+03,8.2758e-09
9.6200e+03,8.4561e-09
9.6400e+03,8.3222e-09
9.6600e+03,8.6596e-09
9.6800e+03,8.7607e-09
9.7000e+03,8.3891e-09
9.7200e+03,8.1856e-09
9.7400e+03,8.3109e-09
9.7600e+03,8.5883e-09
9.7800e+03,8.7107e-09
9.8000e+03,8.6401e-09
9.8200e+03,8.8776e-09
9.8400e+03,8.7882e-09
9.8600e+03,8.7770e-09
9.8800e+03,8.7654e-09
9.9000e+03,8.3573e-09
9.9200e+03,8.2461e-09
9.9400e+03,8.4246e-09
9.9600e+03,8.3261e-09
9.9800e+03,8.3877e-09
1.0000e+04,8.3497e-09
1.0020e+04,8.5948e-09
1.0040e+04,8.2809e-09
1.0060e+04,8.5525e-09
1.0080e+04,8.6137e-09
1.0100e+04,8.5785e-09
1.0120e+04,8.5267e-09
1.0140e+04,8.4561e-09
1.0160e+04,8.5090e-09
1.0180e+04,8.4811e-09
1.0200e+04,8.3732e-09
1.0220e+04,8.4960e-09
1.0240e+04,8.6176e-09
1.0260e+04,8.1860e-09
1.0280e+04,8.3486e-09
1.0300e+04,8.2135e-09
1.0320e+04,8.0825e-09
1.0340e+04,8.0901e-09
1.0360e+04,8.0151e-09
1.0380e+04,8.2146e-09
1.0400e+04,8.1426e-09
1.0420e+04,8.3309e-09
1.0440e+04,8.3001e-09
1.0460e+04,8.3834e-09
1.0480e+04,8.1795e-09
1.0500e+04,8.1440e-09
1.0520e+04,8.5144e-09
1.0540e+04,8.3243e-09
1.0560e+04,8.3743e-09
1.0580e+04,8.4601e-09
1.0600e+04,8.2103e-09
1.0800e+04,8.0024e-09
1.1000e+04,7.7566e-09
1.1200e+04,7.4901e-09
1.1400e+04,7.2203e-09
1.1600e+04,6.9614e-09
1.1800e+04,6.7257e-09
1.2000e+04,6.5243e-09
1.2200e+04,6.3668e-09
1.2400e+04,6.2622e-09
1.2600e+04,6.2441e-09
1.2800e+04,6.1604e-09
1.3000e+04,5.9482e-09
1.3200e+04,5.5582e-09
1.3400e+04,5.1241e-09
1.3600e+04,4.8583e-09
1.3800e+04,4.6983e-09
1.4000e+04,4.5802e-09
1.4200e+04,4.4767e-09
1.4400e+04,4.3829e-09
1.4600e+04,4.3014e-09
1.4800e+04,4.2449e-09
1.5000e+04,4.2239e-09
1.5200e+04,4.2333e-09
1.5400e+04,4.2637e-09
1.5600e+04,4.3043e-09
1.5800e+04,4.3434e-09
1.6000e+04,4.3658e-09
1.6200e+04,4.3572e-09
1.6400e+04,4.3021e-09
1.6600e+04,4.1920e-09
1.6800e+04,4.0450e-09
1.7000e+04,3.8853e-09
1.7200e+04,3.7162e-09
1.7400e+04,3.5356e-09
1.7600e+04,3.3436e-09
1.7800e+04,3.1523e-09
1.8000e+04,2.9755e-09
1.8200e+04,2.8249e-09
1.8400e+04,2.6997e-09
1.8600e+04,2.5952e-09
1.8800e+04,2.5068e-09
1.9000e+04,2.4313e-09
1.9200e+04,2.3666e-09
1.9400e+04,2.3111e-09
1.9600e+04,2.2629e-09
1.9800e+04,2.2202e-09
2.0000e+04,2.1813e-09
2.0200e+04,2.1453e-09
2.0400e+04,2.1114e-09
2.0600e+04,2.0789e-09
2.0800e+04,2.0471e-09
2.1000e+04,2.0157e-09
2.1200e+04,1.9845e-09
2.1400e+04,1.9531e-09
2.1600e+04,1.9214e-09
2.1800e+04,1.8893e-09
2.2000e+04,1.8570e-09
2.2200e+04,1.8246e-09
2.2400e+04,1.7923e-09
2.2600e+04,1.7598e-09
2.2800e+04,1.7240e-09
2.3000e+04,1.6796e-09
2.3200e+04,1.6231e-09
2.3400e+04,1.5581e-09
2.3600e+04,1.4895e-09
2.3800e+04,1.4210e-09
2.4000e+04,1.3547e-09
2.4200e+04,1.2924e-09
2.4400e+04,1.2352e-09
2.4600e+04,1.1837e-09
2.4800e+04,1.1381e-09
2.5000e+04,1.0982e-09
2.5200e+04,1.0629e-09
2.5400e+04,1.0313e-09
2.5600e+04,1.0023e-09
