# wavelength, f_lambda
2.2900e+02,0.0000e+00
2.3400e+02,0.0000e+00
2.4300e+02,0.0000e+00
2.5200e+02,0.0000e+00
2.5600e+02,0.0000e+00
2.6000e+02,0.0000e+00
2.6600e+02,0.0000e+00
2.7500e+02,0.0000e+00
2.8300e+02,0.0000e+00
2.9300e+02,0.0000e+00
3.0100e+02,0.0000e+00
3.0900e+02,0.0000e+00
3.2500e+02,0.0000e+00
3.4200e+02,0.0000e+00
3.5100e+02,0.0000e+00
3.5600e+02,0.0000e+00
3.6500e+02,0.0000e+00
3.7500e+02,0.0000e+00
3.8400e+02,0.0000e+00
4.0000e+02,0.0000e+00
4.1500e+02,0.0000e+00
4.2500e+02,0.0000e+00
4.4500e+02,0.0000e+00
4.7200e+02,0.0000e+00
4.9400e+02,0.0000e+00
5.0600e+02,0.0000e+00
5.1600e+02,0.0000e+00
5.4000e+02,0.0000e+00
5.6400e+02,0.0000e+00
5.8700e+02,0.0000e+00
6.1200e+02,0.0000e+00
6.4000e+02,0.0000e+00
6.7100e+02,0.0000e+00
7.0500e+02,0.0000e+00
7.3600e+02,0.0000e+00
7.7000e+02,0.0000e+00
8.1000e+02,0.0000e+00
8.5000e+02,0.0000e+00
8.9000e+02,0.0000e+00
9.2000e+02,0.0000e+00
9.4000e+02,0.0000e+00
9.6200e+02,0.0000e+00
9.8700e+02,0.0000e+00
1.0120e+03,0.0000e+00
1.0370e+03,0.0000e+00
1.0620e+03,0.0000e+00
1.0870e+03,0.0000e+00
1.1120e+03,0.0000e+00
1.1200e+03,0.0000e+00
1.1400e+03,0.0000e+00
1.1600e+03,0.0000e+00
1.1800e+03,0.0000e+00
1.2000e+03,0.0000e+00
1.2200e+03,0.0000e+00
1.2400e+03,0.0000e+00
1.2600e+03,0.0000e+00
1.2800e+03,0.0000e+00
1.3000e+03,0.0000e+00
1.3200e+03,0.0000e+00
1.3400e+03,0.0000e+00
1.3600e+03,0.0000e+00
1.3800e+03,0.0000e+00
1.4000e+03,0.0000e+00
1.4200e+03,0.0000e+00
1.4400e+03,0.0000e+00
1.4600e+03,0.0000e+00
1.4800e+03,0.0000e+00
1.5000e+03,0.0000e+00
1.5200e+03,0.0000e+00
1.5400e+03,0.0000e+00
1.5600e+03,0.0000e+00
1.5800e+03,0.0000e+00
1.6000e+03,0.0000e+00
1.6200e+03,0.0000e+00
1.6400e+03,0.0000e+00
1.6600e+03,0.0000e+00
1.6800e+03,0.0000e+00
1.7000e+03,0.0000e+00
1.7200e+03,0.0000e+00
1.7400e+03,0.0000e+00
1.7600e+03,0.0000e+00
1.7800e+03,0.0000e+00
1.8000e+03,0.0000e+00
1.8200e+03,0.0000e+00
1.8400e+03,0.0000e+00
1.8600e+03,0.0000e+00
1.8800e+03,0.0000e+00
1.9000e+03,0.0000e+00
1.9200e+03,0.0000e+00
1.9400e+03,0.0000e+00
1.9600e+03,0.0000e+00
1.9800e+03,0.0000e+00
2.0000e+03,1.2123e-12
2.0025e+03,1.4598e-12
2.0050e+03,1.2090e-12
2.0075e+03,2.1556e-12
2.0100e+03,2.4768e-12
2.0125e+03,2.3069e-12
2.0150e+03,2.1842e-12
2.0175e+03,2.1127e-12
2.0200e+03,1.1115e-12
2.0225e+03,4.2419e-13
2.0250e+03,8.7083e-13
2.0275e+03,1.2211e-12
2.0300e+03,1.1859e-12
2.0325e+03,1.6123e-12
2.0350e+03,2.3462e-12
2.0375e+03,2.0248e-12
2.0400e+03,1.7033e-12
2.0425e+03,1.6794e-12
2.0450e+03,1.8433e-12
2.0475e+03,2.3515e-12
2.0500e+03,2.6138e-12
2.0525e+03,2.7806e-12
2.0550e+03,2.4669e-12
2.0575e+03,1.8827e-12
2.0600e+03,2.1254e-12
2.0625e+03,2.6666e-12
2.0650e+03,3.6773e-12
2.0675e+03,4.1883e-12
2.0700e+03,3.4144e-12
2.0725e+03,3.1144e-12
2.0750e+03,3.1083e-12
2.0775e+03,3.9195e-12
2.0800e+03,4.7307e-12
2.0825e+03,5.0130e-12
2.0850e+03,4.9743e-12
2.0875e+03,4.4533e-12
2.0900e+03,4.1623e-12
2.0925e+03,3.9288e-12
2.0950e+03,3.7634e-12
2.0975e+03,3.5752e-12
2.1000e+03,3.0247e-12
2.1025e+03,2.5388e-12
2.1050e+03,2.1353e-12
2.1075e+03,1.5204e-12
2.1100e+03,5.2971e-13
2.1125e+03,9.7178e-13
2.1150e+03,1.7681e-12
2.1175e+03,2.0478e-12
2.1200e+03,2.3661e-12
2.1225e+03,3.1276e-12
2.1250e+03,3.7821e-12
2.1275e+03,4.3204e-12
2.1300e+03,4.6342e-12
2.1325e+03,4.9172e-12
2.1350e+03,5.1078e-12
2.1375e+03,5.0771e-12
2.1400e+03,4.2547e-12
2.1425e+03,3.0614e-12
2.1450e+03,1.6211e-12
2.1475e+03,9.7230e-13
2.1500e+03,1.0542e-12
2.1525e+03,1.2715e-12
2.1550e+03,1.3072e-12
2.1575e+03,6.8574e-13
2.1600e+03,3.2597e-13
2.1625e+03,1.3404e-12
2.1650e+03,1.7899e-12
2.1675e+03,1.7954e-12
2.1700e+03,1.6373e-12
2.1725e+03,1.4724e-12
2.1750e+03,1.2086e-12
2.1775e+03,1.0106e-12
2.1800e+03,1.0163e-12
2.1825e+03,8.4032e-13
2.1850e+03,6.3378e-13
2.1875e+03,4.2730e-13
2.1900e+03,2.2078e-13
2.1925e+03,6.3817e-13
2.1950e+03,1.0555e-12
2.1975e+03,1.6231e-12
2.2000e+03,2.0565e-12
2.2025e+03,2.0239e-12
2.2050e+03,2.0476e-12
2.2075e+03,2.1029e-12
2.2100e+03,1.7575e-12
2.2125e+03,1.0973e-12
2.2150e+03,1.1513e-12
2.2175e+03,1.0147e-12
2.2200e+03,4.8622e-13
2.2225e+03,5.3659e-14
2.2250e+03,8.0479e-14
2.2275e+03,1.0730e-13
2.2300e+03,1.3412e-13
2.2325e+03,1.6094e-13
2.2350e+03,1.8776e-13
2.2375e+03,2.0646e-13
2.2400e+03,6.4703e-13
2.2425e+03,1.7204e-12
2.2450e+03,2.2444e-12
2.2475e+03,2.5548e-12
2.2500e+03,2.9565e-12
2.2525e+03,3.4258e-12
2.2550e+03,4.2844e-12
2.2575e+03,4.5785e-12
2.2600e+03,4.1544e-12
2.2625e+03,3.8060e-12
2.2650e+03,3.5922e-12
2.2675e+03,3.7126e-12
2.2700e+03,3.9482e-12
2.2725e+03,4.2377e-12
2.2750e+03,4.4816e-12
2.2775e+03,4.2000e-12
2.2800e+03,3.7818e-12
2.2825e+03,3.2153e-12
2.2850e+03,2.5121e-12
2.2875e+03,1.7903e-12
2.2900e+03,1.5226e-12
2.2925e+03,1.3404e-12
2.2950e+03,9.5362e-13
2.2975e+03,7.7759e-13
2.3000e+03,7.9607e-13
2.3025e+03,9.1723e-13
2.3050e+03,1.1692e-12
2.3075e+03,1.1655e-12
2.3100e+03,1.1791e-12
2.3125e+03,1.4014e-12
2.3150e+03,1.6770e-12
2.3175e+03,2.2321e-12
2.3200e+03,3.2004e-12
2.3225e+03,4.4934e-12
2.3250e+03,5.2106e-12
2.3275e+03,5.9032e-12
2.3300e+03,6.4543e-12
2.3325e+03,6.7048e-12
2.3350e+03,6.2315e-12
2.3375e+03,5.8122e-12
2.3400e+03,5.4289e-12
2.3425e+03,4.5467e-12
2.3450e+03,3.2037e-12
2.3475e+03,2.4251e-12
2.3500e+03,1.9679e-12
2.3525e+03,2.0892e-12
2.3550e+03,2.4579e-12
2.3575e+03,3.6102e-12
2.3600e+03,4.0537e-12
2.3625e+03,4.1281e-12
2.3650e+03,4.9172e-12
2.3675e+03,5.7064e-12
2.3700e+03,5.5102e-12
2.3725e+03,5.7337e-12
2.3750e+03,6.7764e-12
2.3775e+03,6.5920e-12
2.3800e+03,6.0202e-12
2.3825e+03,5.6451e-12
2.3850e+03,5.4012e-12
2.3875e+03,5.3895e-12
2.3900e+03,5.3777e-12
2.3925e+03,5.4438e-12
2.3950e+03,4.9435e-12
2.3975e+03,3.2269e-12
2.4000e+03,2.8557e-12
2.4025e+03,3.0078e-12
2.4050e+03,1.9611e-12
2.4075e+03,3.2974e-13
2.4100e+03,8.5163e-13
2.4125e+03,1.4585e-12
2.4150e+03,2.1736e-12
2.4175e+03,3.1861e-12
2.4200e+03,4.7276e-12
2.4225e+03,5.1930e-12
2.4250e+03,5.3137e-12
2.4275e+03,5.3784e-12
2.4300e+03,5.4431e-12
2.4325e+03,4.2364e-12
2.4350e+03,3.2805e-12
2.4375e+03,2.6999e-12
2.4400e+03,2.9797e-12
2.4425e+03,3.4745e-12
2.4450e+03,4.1457e-12
2.4475e+03,4.8217e-12
2.4500e+03,5.0293e-12
2.4525e+03,5.3985e-12
2.4550e+03,5.9164e-12
2.4575e+03,6.4063e-12
2.4600e+03,6.8609e-12
2.4625e+03,7.2691e-12
2.4650e+03,7.3570e-12
2.4675e+03,6.4609e-12
2.4700e+03,5.7673e-12
2.4725e+03,6.1381e-12
2.4750e+03,6.3042e-12
2.4775e+03,6.2481e-12
2.4800e+03,6.7737e-12
2.4825e+03,7.3781e-12
2.4850e+03,5.9489e-12
2.4875e+03,4.5540e-12
2.4900e+03,5.3300e-12
2.4925e+03,5.3071e-12
2.4950e+03,4.7515e-12
2.4975e+03,4.8421e-12
2.5000e+03,5.5289e-12
2.5025e+03,5.5320e-12
2.5050e+03,5.6168e-12
2.5075e+03,6.0011e-12
2.5100e+03,6.3011e-12
2.5125e+03,6.3346e-12
2.5150e+03,5.7033e-12
2.5175e+03,4.6975e-12
2.5200e+03,4.3218e-12
2.5225e+03,3.9724e-12
2.5250e+03,4.8214e-12
2.5275e+03,5.9129e-12
2.5300e+03,7.2072e-12
2.5325e+03,7.9887e-12
2.5350e+03,8.5284e-12
2.5375e+03,8.6637e-12
2.5400e+03,8.5291e-12
2.5425e+03,8.9328e-12
2.5450e+03,9.1214e-12
2.5475e+03,8.9875e-12
2.5500e+03,8.7830e-12
2.5525e+03,8.4288e-12
2.5550e+03,8.2983e-12
2.5575e+03,8.3194e-12
2.5600e+03,8.8118e-12
2.5625e+03,9.3051e-12
2.5650e+03,9.8341e-12
2.5675e+03,1.0026e-11
2.5700e+03,9.6186e-12
2.5725e+03,8.2790e-12
2.5750e+03,6.6453e-12
2.5775e+03,5.4445e-12
2.5800e+03,4.5169e-12
2.5825e+03,4.3858e-12
2.5850e+03,5.0189e-12
2.5875e+03,6.4796e-12
2.5900e+03,7.7192e-12
2.5925e+03,8.6274e-12
2.5950e+03,9.0477e-12
2.5975e+03,9.3463e-12
2.6000e+03,1.0219e-11
2.6025e+03,1.1308e-11
2.6050e+03,1.2352e-11
2.6075e+03,1.3373e-11
2.6100e+03,1.4371e-11
2.6125e+03,1.4809e-11
2.6150e+03,1.4534e-11
2.6175e+03,1.4357e-11
2.6200e+03,1.4210e-11
2.6225e+03,1.4054e-11
2.6250e+03,1.4044e-11
2.6275e+03,1.5711e-11
2.6300e+03,1.7136e-11
2.6325e+03,1.8297e-11
2.6350e+03,1.9238e-11
2.6375e+03,2.0148e-11
2.6400e+03,2.0021e-11
2.6425e+03,1.9650e-11
2.6450e+03,1.9337e-11
2.6475e+03,1.9082e-11
2.6500e+03,1.8868e-11
2.6525e+03,1.9218e-11
2.6550e+03,2.0089e-11
2.6575e+03,2.0570e-11
2.6600e+03,2.1025e-11
2.6625e+03,2.1505e-11
2.6650e+03,2.1763e-11
2.6675e+03,2.0852e-11
2.6700e+03,2.0783e-11
2.6725e+03,2.1375e-11
2.6750e+03,2.1613e-11
2.6775e+03,2.1836e-11
2.6800e+03,2.3229e-11
2.6825e+03,2.4446e-11
2.6850e+03,2.4797e-11
2.6875e+03,2.4383e-11
2.6900e+03,2.3608e-11
2.6925e+03,2.1696e-11
2.6950e+03,1.9027e-11
2.6975e+03,1.6678e-11
2.7000e+03,1.6007e-11
2.7025e+03,1.5407e-11
2.7050e+03,1.8070e-11
2.7075e+03,2.0574e-11
2.7100e+03,2.1523e-11
2.7125e+03,2.1808e-11
2.7150e+03,2.1782e-11
2.7175e+03,2.0373e-11
2.7200e+03,1.8044e-11
2.7225e+03,1.9214e-11
2.7250e+03,2.0574e-11
2.7275e+03,2.2339e-11
2.7300e+03,2.3965e-11
2.7325e+03,2.5152e-11
2.7350e+03,2.5718e-11
2.7375e+03,2.5921e-11
2.7400e+03,2.5787e-11
2.7425e+03,2.5653e-11
2.7450e+03,2.6415e-11
2.7475e+03,2.7070e-11
2.7500e+03,2.7468e-11
2.7525e+03,2.7973e-11
2.7550e+03,2.8512e-11
2.7575e+03,2.8076e-11
2.7600e+03,2.7567e-11
2.7625e+03,3.1503e-11
2.7650e+03,3.4866e-11
2.7675e+03,3.7610e-11
2.7700e+03,4.0724e-11
2.7725e+03,4.4384e-11
2.7750e+03,4.4156e-11
2.7775e+03,4.2343e-11
2.7800e+03,3.9983e-11
2.7825e+03,3.7710e-11
2.7850e+03,3.7544e-11
2.7875e+03,4.1495e-11
2.7900e+03,5.0698e-11
2.7925e+03,5.5597e-11
2.7950e+03,5.9679e-11
2.7975e+03,6.4588e-11
2.8000e+03,6.6951e-11
2.8025e+03,5.4583e-11
2.8050e+03,4.8134e-11
2.8075e+03,4.6342e-11
2.8100e+03,4.3602e-11
2.8125e+03,3.9828e-11
2.8150e+03,4.1564e-11
2.8175e+03,4.4055e-11
2.8200e+03,4.5363e-11
2.8225e+03,4.6055e-11
2.8250e+03,4.4349e-11
2.8275e+03,4.3540e-11
2.8300e+03,4.3550e-11
2.8325e+03,4.2966e-11
2.8350e+03,4.1616e-11
2.8375e+03,4.2312e-11
2.8400e+03,4.2706e-11
2.8425e+03,4.0911e-11
2.8450e+03,3.8503e-11
2.8475e+03,3.2894e-11
2.8500e+03,2.8127e-11
2.8525e+03,2.4023e-11
2.8550e+03,2.4673e-11
2.8575e+03,2.5523e-11
2.8600e+03,2.9344e-11
2.8625e+03,3.3782e-11
2.8650e+03,3.8762e-11
2.8675e+03,4.1852e-11
2.8700e+03,4.3682e-11
2.8725e+03,4.6470e-11
2.8750e+03,5.0151e-11
2.8775e+03,5.2227e-11
2.8800e+03,5.3988e-11
2.8825e+03,5.5379e-11
2.8850e+03,5.7534e-11
2.8875e+03,6.2104e-11
2.8900e+03,6.7266e-11
2.8925e+03,7.2857e-11
2.8950e+03,8.0714e-11
2.8975e+03,8.8571e-11
2.9000e+03,9.3722e-11
2.9025e+03,9.8569e-11
2.9050e+03,1.0308e-10
2.9075e+03,1.0500e-10
2.9100e+03,1.0611e-10
2.9125e+03,1.0750e-10
2.9150e+03,1.0907e-10
2.9175e+03,1.0797e-10
2.9200e+03,1.0641e-10
2.9225e+03,1.0414e-10
2.9250e+03,1.0234e-10
2.9275e+03,1.0152e-10
2.9300e+03,9.9344e-11
2.9325e+03,9.6954e-11
2.9350e+03,9.6871e-11
2.9375e+03,9.6684e-11
2.9400e+03,9.3944e-11
2.9425e+03,9.3020e-11
2.9450e+03,9.4400e-11
2.9475e+03,9.3037e-11
2.9500e+03,9.1148e-11
2.9525e+03,9.5113e-11
2.9550e+03,9.9908e-11
2.9575e+03,9.9337e-11
2.9600e+03,9.7552e-11
2.9625e+03,9.4456e-11
2.9650e+03,8.8159e-11
2.9675e+03,7.7064e-11
2.9700e+03,7.9237e-11
2.9725e+03,8.4450e-11
2.9750e+03,8.8560e-11
2.9775e+03,9.2809e-11
2.9800e+03,9.8092e-11
2.9825e+03,9.9707e-11
2.9850e+03,9.7940e-11
2.9875e+03,9.7127e-11
2.9900e+03,9.6393e-11
2.9925e+03,9.3252e-11
2.9950e+03,8.8948e-11
2.9975e+03,8.2420e-11
3.0000e+03,7.9745e-11
3.0025e+03,7.9233e-11
3.0050e+03,8.3233e-11
3.0075e+03,9.2114e-11
3.0100e+03,9.4874e-11
3.0125e+03,9.5300e-11
3.0150e+03,9.1882e-11
3.0175e+03,8.8813e-11
3.0200e+03,8.7135e-11
3.0225e+03,8.9543e-11
3.0250e+03,9.4677e-11
3.0275e+03,1.0728e-10
3.0300e+03,1.2678e-10
3.0325e+03,1.2817e-10
3.0350e+03,1.2864e-10
3.0375e+03,1.3048e-10
3.0400e+03,1.2980e-10
3.0425e+03,1.2113e-10
3.0450e+03,1.2709e-10
3.0475e+03,1.4128e-10
3.0500e+03,1.3773e-10
3.0525e+03,1.3344e-10
3.0550e+03,1.3667e-10
3.0575e+03,1.3768e-10
3.0600e+03,1.3030e-10
3.0625e+03,1.3601e-10
3.0650e+03,1.4788e-10
3.0675e+03,1.6002e-10
3.0700e+03,1.7233e-10
3.0725e+03,1.8300e-10
3.0750e+03,1.8936e-10
3.0775e+03,1.8923e-10
3.0800e+03,1.8889e-10
3.0825e+03,1.8808e-10
3.0850e+03,1.8426e-10
3.0875e+03,1.7958e-10
3.0900e+03,1.7726e-10
3.0925e+03,1.7502e-10
3.0950e+03,1.7470e-10
3.0975e+03,1.8053e-10
3.1000e+03,1.9728e-10
3.1025e+03,2.1276e-10
3.1050e+03,2.2784e-10
3.1075e+03,2.4487e-10
3.1100e+03,2.6080e-10
3.1125e+03,2.5331e-10
3.1150e+03,2.4701e-10
3.1175e+03,2.4203e-10
3.1200e+03,2.3656e-10
3.1225e+03,2.3037e-10
3.1250e+03,2.3203e-10
3.1275e+03,2.3610e-10
3.1300e+03,2.4199e-10
3.1325e+03,2.4827e-10
3.1350e+03,2.5730e-10
3.1375e+03,2.6689e-10
3.1400e+03,2.7699e-10
3.1425e+03,2.7988e-10
3.1450e+03,2.8138e-10
3.1475e+03,2.8218e-10
3.1500e+03,2.8169e-10
3.1525e+03,2.7567e-10
3.1550e+03,2.6848e-10
3.1575e+03,2.6038e-10
3.1600e+03,2.4818e-10
3.1625e+03,2.3152e-10
3.1650e+03,2.4546e-10
3.1675e+03,2.6523e-10
3.1700e+03,2.8929e-10
3.1725e+03,3.1401e-10
3.1750e+03,3.4140e-10
3.1775e+03,3.4449e-10
3.1800e+03,3.3138e-10
3.1825e+03,3.2436e-10
3.1850e+03,3.1734e-10
3.1875e+03,3.1306e-10
3.1900e+03,3.1331e-10
3.1925e+03,3.2716e-10
3.1950e+03,3.3201e-10
3.1975e+03,3.3181e-10
3.2000e+03,3.3511e-10
3.2025e+03,3.3312e-10
3.2050e+03,3.3112e-10
3.2075e+03,3.2912e-10
3.2100e+03,3.2713e-10
3.2125e+03,3.2513e-10
3.2150e+03,3.2314e-10
3.2175e+03,3.2114e-10
3.2200e+03,3.1915e-10
3.2225e+03,3.1458e-10
3.2250e+03,3.1002e-10
3.2275e+03,3.0546e-10
3.2300e+03,3.0089e-10
3.2325e+03,2.9633e-10
3.2350e+03,2.9177e-10
3.2375e+03,2.8721e-10
3.2400e+03,2.8264e-10
3.2600e+03,5.3960e-10
3.2700e+03,1.9859e-10
3.2800e+03,5.5047e-10
3.2900e+03,4.7913e-10
3.3000e+03,4.0866e-10
3.3100e+03,9.7358e-11
3.3200e+03,3.2803e-10
3.3300e+03,1.7655e-10
3.3400e+03,2.3515e-10
3.3500e+03,2.2474e-10
3.3600e+03,3.8676e-10
3.3700e+03,8.1863e-11
3.3800e+03,4.6799e-10
3.3900e+03,5.5977e-10
3.4000e+03,2.8449e-10
3.4100e+03,2.3848e-10
3.4200e+03,3.5932e-10
3.4300e+03,2.5057e-10
3.4400e+03,5.4057e-10
3.4500e+03,1.0371e-09
3.4600e+03,7.9679e-10
3.4700e+03,7.5099e-10
3.4800e+03,7.2352e-10
3.4900e+03,6.5945e-10
3.5000e+03,3.7645e-10
3.5100e+03,1.0010e-09
3.5200e+03,7.3321e-10
3.5300e+03,7.9202e-10
3.5400e+03,8.4571e-10
3.5500e+03,1.0561e-09
3.5600e+03,1.3494e-09
3.5700e+03,8.4367e-10
3.5800e+03,1.0659e-09
3.5900e+03,1.0159e-09
3.6000e+03,7.8465e-10
3.6100e+03,8.4437e-10
3.6200e+03,1.2453e-09
3.6300e+03,1.2203e-09
3.6400e+03,1.0405e-09
3.6500e+03,1.2445e-09
3.6600e+03,1.5192e-09
3.6700e+03,1.4198e-09
3.6800e+03,1.4356e-09
3.6900e+03,1.3869e-09
3.7000e+03,1.6225e-09
3.7100e+03,1.7293e-09
3.7200e+03,1.6905e-09
3.7300e+03,1.7075e-09
3.7400e+03,1.7357e-09
3.7500e+03,1.9639e-09
3.7600e+03,1.9519e-09
3.7700e+03,2.3378e-09
3.7800e+03,2.2428e-09
3.7900e+03,2.1527e-09
3.8000e+03,2.1941e-09
3.8100e+03,2.2843e-09
3.8200e+03,1.4513e-09
3.8300e+03,2.3759e-09
3.8400e+03,2.7917e-09
3.8500e+03,2.5435e-09
3.8600e+03,2.0037e-09
3.8700e+03,1.8743e-09
3.8800e+03,1.8911e-09
3.8900e+03,2.7016e-09
3.9000e+03,2.8214e-09
3.9100e+03,2.4943e-09
3.9200e+03,2.3508e-09
3.9300e+03,1.5051e-09
3.9400e+03,1.5230e-09
3.9500e+03,2.1871e-09
3.9600e+03,1.7764e-09
3.9700e+03,1.8150e-09
3.9800e+03,2.3622e-09
3.9900e+03,2.8183e-09
4.0000e+03,3.1520e-09
4.0100e+03,3.3538e-09
4.0200e+03,3.1825e-09
4.0300e+03,3.3541e-09
4.0400e+03,3.0572e-09
4.0500e+03,3.1424e-09
4.0600e+03,3.2111e-09
4.0700e+03,3.2083e-09
4.0800e+03,3.2124e-09
4.0900e+03,3.0766e-09
4.1000e+03,4.6003e-09
4.1100e+03,4.8536e-09
4.1200e+03,2.9302e-09
4.1300e+03,2.6205e-09
4.1400e+03,2.6058e-09
4.1500e+03,2.8076e-09
4.1600e+03,3.2035e-09
4.1700e+03,2.7108e-09
4.1800e+03,2.0603e-09
4.1900e+03,2.1184e-09
4.2000e+03,2.8628e-09
4.2100e+03,2.6083e-09
4.2200e+03,1.4118e-09
4.2300e+03,8.2444e-10
4.2400e+03,1.3524e-09
4.2500e+03,1.8999e-09
4.2600e+03,1.7114e-09
4.2700e+03,1.6879e-09
4.2800e+03,1.3291e-09
4.2900e+03,1.5074e-09
4.3000e+03,1.8658e-09
4.3100e+03,1.6414e-09
4.3200e+03,1.0953e-09
4.3300e+03,1.6050e-09
4.3400e+03,2.5334e-09
4.3500e+03,2.0416e-09
4.3600e+03,1.2121e-09
4.3700e+03,1.6138e-09
4.3800e+03,1.5982e-09
4.3900e+03,1.7860e-09
4.4000e+03,1.4934e-09
4.4100e+03,1.5853e-09
4.4200e+03,1.3933e-09
4.4300e+03,8.7374e-10
4.4400e+03,8.8135e-10
4.4500e+03,1.0936e-09
4.4600e+03,1.1070e-09
4.4700e+03,8.3319e-10
4.4800e+03,8.1873e-10
4.4900e+03,1.0882e-09
4.5000e+03,9.7746e-10
4.5100e+03,9.4968e-10
4.5200e+03,1.0611e-09
4.5300e+03,1.0470e-09
4.5400e+03,1.3774e-09
4.5500e+03,1.1508e-09
4.5600e+03,1.2277e-09
4.5700e+03,1.6165e-09
4.5800e+03,1.4449e-09
4.5900e+03,6.1665e-10
4.6000e+03,4.0921e-10
4.6100e+03,7.6196e-10
4.6200e+03,8.5018e-10
4.6300e+03,6.5792e-10
4.6400e+03,5.7334e-10
4.6500e+03,7.6102e-10
4.6600e+03,9.7735e-10
4.6700e+03,9.4715e-10
4.6800e+03,9.0321e-10
4.6900e+03,1.0671e-09
4.7000e+03,1.2153e-09
4.7100e+03,1.2705e-09
4.7200e+03,1.4828e-09
4.7300e+03,1.4522e-09
4.7400e+03,1.6078e-09
4.7500e+03,1.6851e-09
4.7600e+03,1.2089e-09
4.7700e+03,4.3965e-10
4.7800e+03,4.8536e-10
4.7900e+03,6.3153e-10
4.8000e+03,8.5512e-10
4.8100e+03,7.0484e-10
4.8200e+03,5.1912e-10
4.8300e+03,6.9217e-10
4.8400e+03,9.8843e-10
4.8500e+03,9.5054e-10
4.8600e+03,1.1760e-09
4.8700e+03,1.1712e-09
4.8800e+03,1.4534e-09
4.8900e+03,1.7130e-09
4.9000e+03,1.8687e-09
4.9100e+03,2.2176e-09
4.9200e+03,2.7880e-09
4.9300e+03,3.1949e-09
4.9400e+03,4.0610e-09
4.9500e+03,3.8060e-09
4.9600e+03,1.4743e-09
4.9700e+03,2.9478e-10
4.9800e+03,4.8719e-10
4.9900e+03,7.9901e-10
5.0000e+03,6.7861e-10
5.0100e+03,6.1710e-10
5.0200e+03,8.2461e-10
5.0300e+03,1.0745e-09
5.0400e+03,1.3747e-09
5.0500e+03,1.5674e-09
5.0600e+03,1.8664e-09
5.0700e+03,2.2663e-09
5.0800e+03,2.6367e-09
5.0900e+03,2.8854e-09
5.1000e+03,3.1527e-09
5.1100e+03,3.5368e-09
5.1200e+03,3.9935e-09
5.1300e+03,4.8069e-09
5.1400e+03,5.0117e-09
5.1500e+03,5.2832e-09
5.1600e+03,5.8901e-09
5.1700e+03,3.4112e-09
5.1800e+03,6.3654e-10
5.1900e+03,7.9551e-10
5.2000e+03,1.1671e-09
5.2100e+03,1.2526e-09
5.2200e+03,1.7366e-09
5.2300e+03,1.9862e-09
5.2400e+03,1.9599e-09
5.2500e+03,2.0081e-09
5.2600e+03,2.4749e-09
5.2700e+03,2.5065e-09
5.2800e+03,2.6473e-09
5.2900e+03,2.8369e-09
5.3000e+03,3.5811e-09
5.3100e+03,3.5192e-09
5.3200e+03,3.1682e-09
5.3300e+03,3.1395e-09
5.3400e+03,3.5313e-09
5.3500e+03,4.0229e-09
5.3600e+03,3.8966e-09
5.3700e+03,3.5026e-09
5.3800e+03,3.6835e-09
5.3900e+03,4.1512e-09
5.4000e+03,4.9106e-09
5.4100e+03,4.6366e-09
5.4200e+03,4.7508e-09
5.4300e+03,5.3881e-09
5.4400e+03,5.9939e-09
5.4500e+03,4.5228e-09
5.4600e+03,2.4101e-09
5.4700e+03,2.3610e-09
5.4800e+03,2.5517e-09
5.4900e+03,2.9380e-09
5.5000e+03,2.7843e-09
5.5100e+03,2.1799e-09
5.5200e+03,3.0169e-09
5.5300e+03,3.4452e-09
5.5400e+03,3.7409e-09
5.5500e+03,4.2876e-09
5.5600e+03,4.3014e-09
5.5700e+03,3.8468e-09
5.5800e+03,3.1088e-09
5.5900e+03,2.7139e-09
5.6000e+03,2.3161e-09
5.6100e+03,2.1960e-09
5.6200e+03,2.0433e-09
5.6300e+03,1.8608e-09
5.6400e+03,2.1152e-09
5.6500e+03,2.2176e-09
5.6600e+03,2.7217e-09
5.6700e+03,3.0664e-09
5.6800e+03,2.8993e-09
5.6900e+03,3.2772e-09
5.7000e+03,4.0264e-09
5.7100e+03,4.4163e-09
5.7200e+03,4.4806e-09
5.7300e+03,4.7211e-09
5.7400e+03,4.3360e-09
5.7600e+03,4.0488e-09
5.7800e+03,4.8269e-09
5.8000e+03,5.7181e-09
5.8200e+03,5.8403e-09
5.8400e+03,4.6813e-09
5.8600e+03,2.7947e-09
5.8800e+03,1.6041e-09
5.9000e+03,1.3701e-09
5.9200e+03,1.6084e-09
5.9400e+03,2.1483e-09
5.9600e+03,2.6819e-09
5.9800e+03,3.3406e-09
6.0000e+03,4.0059e-09
6.0200e+03,4.8380e-09
6.0400e+03,5.3538e-09
6.0600e+03,6.1042e-09
6.0800e+03,6.5616e-09
6.1000e+03,6.7322e-09
6.1200e+03,7.8891e-09
6.1400e+03,7.9430e-09
6.1600e+03,5.2013e-09
6.1800e+03,2.8230e-09
6.2000e+03,2.7203e-09
6.2200e+03,2.7999e-09
6.2400e+03,3.0126e-09
6.2600e+03,3.6918e-09
6.2800e+03,4.5522e-09
6.3000e+03,5.2673e-09
6.3200e+03,6.2264e-09
6.3400e+03,7.3850e-09
6.3600e+03,7.3106e-09
6.3800e+03,7.6777e-09
6.4000e+03,1.0080e-08
6.4200e+03,1.0563e-08
6.4400e+03,1.1525e-08
6.4600e+03,1.3932e-08
6.4800e+03,1.5250e-08
6.5000e+03,1.5557e-08
6.5200e+03,1.8494e-08
6.5400e+03,2.0441e-08
6.5600e+03,2.0213e-08
6.5800e+03,1.7882e-08
6.6000e+03,1.5686e-08
6.6200e+03,1.4974e-08
6.6400e+03,1.3646e-08
6.6600e+03,1.0215e-08
6.6800e+03,7.6244e-09
6.7000e+03,7.4677e-09
6.7200e+03,6.6765e-09
6.7400e+03,6.5893e-09
6.7600e+03,8.8841e-09
6.7800e+03,9.9061e-09
6.8000e+03,1.1169e-08
6.8200e+03,1.3355e-08
6.8400e+03,1.6187e-08
6.8600e+03,1.7582e-08
6.8800e+03,1.9979e-08
6.9000e+03,2.5116e-08
6.9200e+03,2.9074e-08
6.9400e+03,3.2656e-08
6.9600e+03,3.7015e-08
6.9800e+03,4.0952e-08
7.0000e+03,4.3408e-08
7.0200e+03,4.4059e-08
7.0400e+03,4.2388e-08
7.0600e+03,2.7499e-08
7.0800e+03,1.4900e-08
7.1000e+03,1.3340e-08
7.1200e+03,1.1991e-08
7.1400e+03,1.0975e-08
7.1600e+03,1.2225e-08
7.1800e+03,1.5999e-08
7.2000e+03,1.7636e-08
7.2200e+03,1.9626e-08
7.2400e+03,2.4373e-08
7.2600e+03,3.0788e-08
7.2800e+03,3.6254e-08
7.3000e+03,4.2661e-08
7.3200e+03,5.2538e-08
7.3400e+03,5.9440e-08
7.3600e+03,6.2765e-08
7.3800e+03,6.6554e-08
7.4000e+03,6.8083e-08
7.4200e+03,6.9446e-08
7.4400e+03,6.9650e-08
7.4600e+03,7.1418e-08
7.4800e+03,7.7694e-08
7.5000e+03,8.4668e-08
7.5200e+03,9.0865e-08
7.5400e+03,1.0085e-07
7.5600e+03,1.1037e-07
7.5800e+03,1.0866e-07
7.6000e+03,7.7441e-08
7.6200e+03,5.3569e-08
7.6400e+03,5.4687e-08
7.6600e+03,5.0456e-08
7.6800e+03,4.5879e-08
7.7000e+03,4.6176e-08
7.7200e+03,5.0836e-08
7.7400e+03,5.5597e-08
7.7600e+03,5.5801e-08
7.7800e+03,5.9174e-08
7.8000e+03,6.4900e-08
7.8200e+03,7.0546e-08
7.8400e+03,6.9522e-08
7.8600e+03,6.3582e-08
7.8800e+03,6.3167e-08
7.9000e+03,6.3647e-08
7.9200e+03,6.2222e-08
7.9400e+03,6.5298e-08
7.9600e+03,6.8193e-08
7.9800e+03,6.9529e-08
8.0000e+03,7.4805e-08
8.0200e+03,8.5893e-08
8.0400e+03,9.9607e-08
8.0600e+03,1.1953e-07
8.0800e+03,1.3941e-07
8.1000e+03,1.6438e-07
8.1200e+03,1.9892e-07
8.1400e+03,2.4148e-07
8.1600e+03,2.6332e-07
8.1800e+03,2.8410e-07
8.2000e+03,2.3441e-07
8.2200e+03,1.8823e-07
8.2400e+03,1.9418e-07
8.2600e+03,1.8824e-07
8.2800e+03,1.7690e-07
8.3000e+03,1.5767e-07
8.3200e+03,1.5552e-07
8.3400e+03,1.5696e-07
8.3600e+03,1.6224e-07
8.3800e+03,1.6559e-07
8.4000e+03,1.6126e-07
8.4200e+03,1.6257e-07
8.4400e+03,1.2695e-07
8.4600e+03,8.7917e-08
8.4800e+03,8.4250e-08
8.5000e+03,9.4636e-08
8.5200e+03,9.6054e-08
8.5400e+03,1.0434e-07
8.5600e+03,1.1199e-07
8.5800e+03,1.1813e-07
8.6000e+03,1.2825e-07
8.6200e+03,1.4242e-07
8.6400e+03,1.4937e-07
8.6600e+03,1.5657e-07
8.6800e+03,1.6670e-07
8.7000e+03,1.8394e-07
8.7200e+03,2.0102e-07
8.7400e+03,2.2107e-07
8.7600e+03,2.3692e-07
8.7800e+03,2.5367e-07
8.8000e+03,2.8024e-07
8.8200e+03,3.0130e-07
8.8400e+03,3.2915e-07
8.8600e+03,2.7385e-07
8.8800e+03,1.9585e-07
8.9000e+03,2.0229e-07
8.9200e+03,2.2749e-07
8.9400e+03,2.3800e-07
8.9600e+03,2.3113e-07
8.9800e+03,2.6094e-07
9.0000e+03,2.9428e-07
9.0200e+03,3.0637e-07
9.0400e+03,3.4309e-07
9.0600e+03,3.6634e-07
9.0800e+03,3.8264e-07
9.1000e+03,4.0084e-07
9.1200e+03,4.1983e-07
9.1400e+03,4.3118e-07
9.1600e+03,4.3568e-07
9.1800e+03,4.6761e-07
9.2000e+03,4.6231e-07
9.2200e+03,3.8644e-07
9.2400e+03,3.1922e-07
9.2600e+03,3.2128e-07
9.2800e+03,3.0342e-07
9.3000e+03,2.5826e-07
9.3200e+03,2.3663e-07
9.3400e+03,2.2494e-07
9.3600e+03,2.0506e-07
9.3800e+03,2.2625e-07
9.4000e+03,2.5794e-07
9.4200e+03,2.5581e-07
9.4400e+03,2.4480e-07
9.4600e+03,2.7307e-07
9.4800e+03,2.8519e-07
9.5000e+03,3.1620e-07
9.5200e+03,3.3467e-07
9.5400e+03,3.5984e-07
9.5600e+03,3.7548e-07
9.5800e+03,3.7492e-07
9.6000e+03,3.8727e-07
9.6200e+03,4.1658e-07
9.6400e+03,4.2170e-07
9.6600e+03,4.1852e-07
9.6800e+03,4.4706e-07
9.7000e+03,4.5719e-07
9.7200e+03,4.5432e-07
9.7400e+03,3.9800e-07
9.7600e+03,4.0710e-07
9.7800e+03,4.2291e-07
9.8000e+03,4.4910e-07
9.8200e+03,4.3464e-07
9.8400e+03,4.2900e-07
9.8600e+03,4.4515e-07
9.8800e+03,4.9338e-07
9.9000e+03,4.8688e-07
9.9200e+03,4.7498e-07
9.9400e+03,4.9605e-07
9.9600e+03,5.4465e-07
9.9800e+03,5.6482e-07
1.0000e+04,5.5258e-07
1.0020e+04,5.3023e-07
1.0040e+04,5.1867e-07
1.0060e+04,5.2670e-07
1.0080e+04,5.5534e-07
1.0100e+04,5.7119e-07
1.0120e+04,5.7724e-07
1.0140e+04,5.4836e-07
1.0160e+04,5.2826e-07
1.0180e+04,5.4241e-07
1.0200e+04,5.4542e-07
1.0220e+04,5.5732e-07
1.0240e+04,5.6368e-07
1.0260e+04,5.6192e-07
1.0280e+04,5.6780e-07
1.0300e+04,5.7330e-07
1.0320e+04,5.9146e-07
1.0340e+04,5.9831e-07
1.0360e+04,6.0679e-07
1.0380e+04,6.1783e-07
1.0400e+04,6.2492e-07
1.0420e+04,6.3582e-07
1.0440e+04,6.4315e-07
1.0460e+04,6.2533e-07
1.0480e+04,5.6732e-07
1.0500e+04,5.4929e-07
1.0520e+04,5.3030e-07
1.0540e+04,5.0110e-07
1.0560e+04,5.0009e-07
1.0580e+04,4.9183e-07
1.0600e+04,5.3455e-07
1.0800e+04,4.5982e-07
1.1000e+04,3.7136e-07
1.1200e+04,2.8675e-07
1.1400e+04,2.1569e-07
1.1600e+04,1.6097e-07
1.1800e+04,1.2143e-07
1.2000e+04,9.4297e-08
1.2200e+04,7.6804e-08
1.2400e+04,6.6820e-08
1.2600e+04,6.2014e-08
1.2800e+04,6.1412e-08
1.3000e+04,5.9181e-08
1.3200e+04,5.5216e-08
1.3400e+04,4.6107e-08
1.3600e+04,3.2223e-08
1.3800e+04,3.2073e-08
1.4000e+04,3.1196e-08
1.4200e+04,2.8424e-08
1.4400e+04,2.7788e-08
1.4600e+04,3.0788e-08
1.4800e+04,3.3710e-08
1.5000e+04,3.6780e-08
1.5200e+04,4.1122e-08
1.5400e+04,4.4384e-08
1.5600e+04,4.5934e-08
1.5800e+04,4.7539e-08
1.6000e+04,4.8473e-08
1.6200e+04,4.8242e-08
1.6400e+04,4.7349e-08
1.6600e+04,4.5934e-08
1.6800e+04,4.4387e-08
1.7000e+04,4.3270e-08
1.7200e+04,4.3204e-08
1.7400e+04,4.1855e-08
1.7600e+04,3.3644e-08
1.7800e+04,3.0591e-08
1.8000e+04,2.8880e-08
1.8200e+04,2.6913e-08
1.8400e+04,2.4860e-08
1.8600e+04,2.1776e-08
1.8800e+04,2.3946e-08
1.9000e+04,2.5421e-08
1.9200e+04,2.5349e-08
1.9400e+04,2.3900e-08
1.9600e+04,2.3438e-08
1.9800e+04,2.2513e-08
2.0000e+04,2.2535e-08
2.0200e+04,2.3528e-08
2.0400e+04,2.4564e-08
2.0600e+04,2.6493e-08
2.0800e+04,2.7418e-08
2.1000e+04,2.8348e-08
2.1200e+04,2.9030e-08
2.1400e+04,2.7228e-08
2.1600e+04,2.7827e-08
2.1800e+04,2.6889e-08
2.2000e+04,2.6117e-08
2.2200e+04,2.3854e-08
2.2400e+04,2.3744e-08
2.2600e+04,2.3310e-08
2.2800e+04,2.1894e-08
2.3000e+04,2.0385e-08
2.3200e+04,1.9819e-08
2.3400e+04,1.9131e-08
2.3600e+04,1.7752e-08
2.3800e+04,1.7548e-08
2.4000e+04,1.7153e-08
2.4200e+04,1.6413e-08
2.4400e+04,1.5479e-08
2.4600e+04,1.4799e-08
2.4800e+04,1.4275e-08
2.5000e+04,1.3529e-08
2.5200e+04,1.2956e-08
2.5400e+04,1.2427e-08
2.5600e+04,1.1891e-08
