# wavelength, f_lambda
2.2900e+02,0.0000e+00
2.3400e+02,0.0000e+00
2.4300e+02,0.0000e+00
2.5200e+02,0.0000e+00
2.5600e+02,0.0000e+00
2.6000e+02,0.0000e+00
2.6600e+02,0.0000e+00
2.7500e+02,0.0000e+00
2.8300e+02,0.0000e+00
2.9300e+02,0.0000e+00
3.0100e+02,0.0000e+00
3.0900e+02,0.0000e+00
3.2500e+02,0.0000e+00
3.4200e+02,0.0000e+00
3.5100e+02,0.0000e+00
3.5600e+02,0.0000e+00
3.6500e+02,0.0000e+00
3.7500e+02,0.0000e+00
3.8400e+02,0.0000e+00
4.0000e+02,0.0000e+00
4.1500e+02,0.0000e+00
4.2500e+02,0.0000e+00
4.4500e+02,0.0000e+00
4.7200e+02,0.0000e+00
4.9400e+02,0.0000e+00
5.0600e+02,0.0000e+00
5.1600e+02,0.0000e+00
5.4000e+02,0.0000e+00
5.6400e+02,0.0000e+00
5.8700e+02,0.0000e+00
6.1200e+02,0.0000e+00
6.4000e+02,0.0000e+00
6.7100e+02,0.0000e+00
7.0500e+02,0.0000e+00
7.3600e+02,0.0000e+00
7.7000e+02,0.0000e+00
8.1000e+02,0.0000e+00
8.5000e+02,0.0000e+00
8.9000e+02,0.0000e+00
9.2000e+02,0.0000e+00
9.4000e+02,0.0000e+00
9.6200e+02,0.0000e+00
9.8700e+02,0.0000e+00
1.0120e+03,0.0000e+00
1.0370e+03,0.0000e+00
1.0620e+03,0.0000e+00
1.0870e+03,0.0000e+00
1.1120e+03,0.0000e+00
1.1200e+03,0.0000e+00
1.1400e+03,0.0000e+00
1.1600e+03,0.0000e+00
1.1800e+03,0.0000e+00
1.2000e+03,0.0000e+00
1.2200e+03,0.0000e+00
1.2400e+03,0.0000e+00
1.2600e+03,0.0000e+00
1.2800e+03,0.0000e+00
1.3000e+03,0.0000e+00
1.3200e+03,0.0000e+00
1.3400e+03,0.0000e+00
1.3600e+03,0.0000e+00
1.3800e+03,0.0000e+00
1.4000e+03,0.0000e+00
1.4200e+03,0.0000e+00
1.4400e+03,0.0000e+00
1.4600e+03,0.0000e+00
1.4800e+03,0.0000e+00
1.5000e+03,0.0000e+00
1.5200e+03,0.0000e+00
1.5400e+03,0.0000e+00
1.5600e+03,0.0000e+00
1.5800e+03,0.0000e+00
1.6000e+03,0.0000e+00
1.6200e+03,0.0000e+00
1.6400e+03,0.0000e+00
1.6600e+03,0.0000e+00
1.6800e+03,0.0000e+00
1.7000e+03,0.0000e+00
1.7200e+03,0.0000e+00
1.7400e+03,0.0000e+00
1.7600e+03,0.0000e+00
1.7800e+03,0.0000e+00
1.8000e+03,0.0000e+00
1.8200e+03,0.0000e+00
1.8400e+03,0.0000e+00
1.8600e+03,0.0000e+00
1.8800e+03,0.0000e+00
1.9000e+03,0.0000e+00
1.9200e+03,0.0000e+00
1.9400e+03,0.0000e+00
1.9600e+03,0.0000e+00
1.9800e+03,0.0000e+00
2.0000e+03,5.4010e-13
2.0025e+03,5.4010e-13
2.0050e+03,6.5035e-13
2.0075e+03,5.3863e-13
2.0100e+03,9.6035e-13
2.0125e+03,1.1035e-12
2.0150e+03,1.0277e-12
2.0175e+03,9.7310e-13
2.0200e+03,9.4126e-13
2.0225e+03,4.9516e-13
2.0250e+03,1.8899e-13
2.0275e+03,3.8798e-13
2.0300e+03,5.4401e-13
2.0325e+03,5.2834e-13
2.0350e+03,7.1830e-13
2.0375e+03,1.0453e-12
2.0400e+03,9.0205e-13
2.0425e+03,7.5884e-13
2.0450e+03,7.4820e-13
2.0475e+03,8.2122e-13
2.0500e+03,1.0476e-12
2.0525e+03,1.1645e-12
2.0550e+03,1.2388e-12
2.0575e+03,1.0990e-12
2.0600e+03,8.3879e-13
2.0625e+03,9.4693e-13
2.0650e+03,1.1880e-12
2.0675e+03,1.6382e-12
2.0700e+03,1.8659e-12
2.0725e+03,1.5212e-12
2.0750e+03,1.3875e-12
2.0775e+03,1.3848e-12
2.0800e+03,1.7462e-12
2.0825e+03,2.1077e-12
2.0850e+03,2.2334e-12
2.0875e+03,2.2161e-12
2.0900e+03,1.9841e-12
2.0925e+03,1.8544e-12
2.0950e+03,1.7504e-12
2.0975e+03,1.6767e-12
2.1000e+03,1.5929e-12
2.1025e+03,1.3475e-12
2.1050e+03,1.1311e-12
2.1075e+03,9.5129e-13
2.1100e+03,6.7737e-13
2.1125e+03,2.3600e-13
2.1150e+03,4.3296e-13
2.1175e+03,7.8769e-13
2.1200e+03,9.1234e-13
2.1225e+03,1.0541e-12
2.1250e+03,1.3934e-12
2.1275e+03,1.6849e-12
2.1300e+03,1.9247e-12
2.1325e+03,2.0646e-12
2.1350e+03,2.1907e-12
2.1375e+03,2.2756e-12
2.1400e+03,2.2619e-12
2.1425e+03,1.8955e-12
2.1450e+03,1.3639e-12
2.1475e+03,7.2221e-13
2.1500e+03,4.3317e-13
2.1525e+03,4.6962e-13
2.1550e+03,5.6645e-13
2.1575e+03,5.8237e-13
2.1600e+03,3.0550e-13
2.1625e+03,1.4522e-13
2.1650e+03,5.9717e-13
2.1675e+03,7.9741e-13
2.1700e+03,7.9987e-13
2.1725e+03,7.2943e-13
2.1750e+03,6.5599e-13
2.1775e+03,5.3845e-13
2.1800e+03,4.5025e-13
2.1825e+03,4.5275e-13
2.1850e+03,3.7438e-13
2.1875e+03,2.8236e-13
2.1900e+03,1.9036e-13
2.1925e+03,9.8359e-14
2.1950e+03,2.8431e-13
2.1975e+03,4.7026e-13
2.2000e+03,7.2309e-13
2.2025e+03,9.1621e-13
2.2050e+03,9.0167e-13
2.2075e+03,9.1220e-13
2.2100e+03,9.3685e-13
2.2125e+03,7.8300e-13
2.2150e+03,4.8889e-13
2.2175e+03,5.1291e-13
2.2200e+03,4.5205e-13
2.2225e+03,2.1662e-13
2.2250e+03,2.3906e-14
2.2275e+03,3.5853e-14
2.2300e+03,4.7804e-14
2.2325e+03,5.9752e-14
2.2350e+03,7.1699e-14
2.2375e+03,8.3647e-14
2.2400e+03,9.1977e-14
2.2425e+03,2.8826e-13
2.2450e+03,7.6645e-13
2.2475e+03,9.9994e-13
2.2500e+03,1.1382e-12
2.2525e+03,1.3172e-12
2.2550e+03,1.5262e-12
2.2575e+03,1.9087e-12
2.2600e+03,2.0398e-12
2.2625e+03,1.8508e-12
2.2650e+03,1.6956e-12
2.2675e+03,1.6004e-12
2.2700e+03,1.6539e-12
2.2725e+03,1.7590e-12
2.2750e+03,1.8880e-12
2.2775e+03,1.9967e-12
2.2800e+03,1.8711e-12
2.2825e+03,1.6848e-12
2.2850e+03,1.4324e-12
2.2875e+03,1.1192e-12
2.2900e+03,7.9762e-13
2.2925e+03,6.7832e-13
2.2950e+03,5.9717e-13
2.2975e+03,4.2486e-13
2.3000e+03,3.4643e-13
2.3025e+03,3.5466e-13
2.3050e+03,4.0862e-13
2.3075e+03,5.2087e-13
2.3100e+03,5.1925e-13
2.3125e+03,5.2531e-13
2.3150e+03,6.2436e-13
2.3175e+03,7.4711e-13
2.3200e+03,9.9441e-13
2.3225e+03,1.4258e-12
2.3250e+03,2.0019e-12
2.3275e+03,2.3213e-12
2.3300e+03,2.6300e-12
2.3325e+03,2.8756e-12
2.3350e+03,2.9871e-12
2.3375e+03,2.7762e-12
2.3400e+03,2.5894e-12
2.3425e+03,2.4186e-12
2.3450e+03,2.0256e-12
2.3475e+03,1.4273e-12
2.3500e+03,1.0804e-12
2.3525e+03,8.7673e-13
2.3550e+03,9.3079e-13
2.3575e+03,1.0950e-12
2.3600e+03,1.6083e-12
2.3625e+03,1.8059e-12
2.3650e+03,1.8391e-12
2.3675e+03,2.1907e-12
2.3700e+03,2.5423e-12
2.3725e+03,2.4548e-12
2.3750e+03,2.5544e-12
2.3775e+03,3.0190e-12
2.3800e+03,2.9369e-12
2.3825e+03,2.6821e-12
2.3850e+03,2.5150e-12
2.3875e+03,2.4062e-12
2.3900e+03,2.4010e-12
2.3925e+03,2.3958e-12
2.3950e+03,2.4252e-12
2.3975e+03,2.2025e-12
2.4000e+03,1.4376e-12
2.4025e+03,1.2722e-12
2.4050e+03,1.3400e-12
2.4075e+03,8.7373e-13
2.4100e+03,1.4690e-13
2.4125e+03,3.7942e-13
2.4150e+03,6.4979e-13
2.4175e+03,9.6834e-13
2.4200e+03,1.4194e-12
2.4225e+03,2.1062e-12
2.4250e+03,2.3136e-12
2.4275e+03,2.3673e-12
2.4300e+03,2.3961e-12
2.4325e+03,2.4249e-12
2.4350e+03,1.8874e-12
2.4375e+03,1.4615e-12
2.4400e+03,1.2029e-12
2.4425e+03,1.3275e-12
2.4450e+03,1.5479e-12
2.4475e+03,1.8470e-12
2.4500e+03,2.1482e-12
2.4525e+03,2.2406e-12
2.4550e+03,2.4050e-12
2.4575e+03,2.6358e-12
2.4600e+03,2.8541e-12
2.4625e+03,3.0567e-12
2.4650e+03,3.2384e-12
2.4675e+03,3.2777e-12
2.4700e+03,2.8784e-12
2.4725e+03,2.5694e-12
2.4750e+03,2.7347e-12
2.4775e+03,2.8086e-12
2.4800e+03,2.7836e-12
2.4825e+03,3.0177e-12
2.4850e+03,3.2871e-12
2.4875e+03,2.6503e-12
2.4900e+03,2.0288e-12
2.4925e+03,2.3746e-12
2.4950e+03,2.3644e-12
2.4975e+03,2.1169e-12
2.5000e+03,2.1572e-12
2.5025e+03,2.4632e-12
2.5050e+03,2.4646e-12
2.5075e+03,2.5024e-12
2.5100e+03,2.6735e-12
2.5125e+03,2.8072e-12
2.5150e+03,2.8221e-12
2.5175e+03,2.5409e-12
2.5200e+03,2.0928e-12
2.5225e+03,1.9254e-12
2.5250e+03,1.7697e-12
2.5275e+03,2.1480e-12
2.5300e+03,2.6342e-12
2.5325e+03,3.2109e-12
2.5350e+03,3.5589e-12
2.5375e+03,3.7995e-12
2.5400e+03,3.8597e-12
2.5425e+03,3.7998e-12
2.5450e+03,3.9798e-12
2.5475e+03,4.0636e-12
2.5500e+03,4.0041e-12
2.5525e+03,3.9129e-12
2.5550e+03,3.7551e-12
2.5575e+03,3.6970e-12
2.5600e+03,3.7065e-12
2.5625e+03,3.9256e-12
2.5650e+03,4.1457e-12
2.5675e+03,4.3814e-12
2.5700e+03,4.4666e-12
2.5725e+03,4.2852e-12
2.5750e+03,3.6885e-12
2.5775e+03,2.9605e-12
2.5800e+03,2.4256e-12
2.5825e+03,2.0123e-12
2.5850e+03,1.9540e-12
2.5875e+03,2.2360e-12
2.5900e+03,2.8867e-12
2.5925e+03,3.3196e-12
2.5950e+03,3.4257e-12
2.5975e+03,3.3594e-12
2.6000e+03,3.2501e-12
2.6025e+03,2.8784e-12
2.6050e+03,2.1130e-12
2.6075e+03,2.2771e-12
2.6100e+03,2.6736e-12
2.6125e+03,3.2330e-12
2.6150e+03,3.9354e-12
2.6175e+03,5.2221e-12
2.6200e+03,5.8498e-12
2.6225e+03,5.8699e-12
2.6250e+03,5.3045e-12
2.6275e+03,3.9935e-12
2.6300e+03,4.2098e-12
2.6325e+03,4.8745e-12
2.6350e+03,6.0375e-12
2.6375e+03,7.4538e-12
2.6400e+03,1.0200e-11
2.6425e+03,1.0651e-11
2.6450e+03,9.2995e-12
2.6475e+03,8.8610e-12
2.6500e+03,8.5471e-12
2.6525e+03,7.7444e-12
2.6550e+03,7.3129e-12
2.6575e+03,8.8536e-12
2.6600e+03,9.4069e-12
2.6625e+03,9.3023e-12
2.6650e+03,9.3132e-12
2.6675e+03,9.4305e-12
2.6700e+03,9.2248e-12
2.6725e+03,8.9909e-12
2.6750e+03,9.3893e-12
2.6775e+03,9.5165e-12
2.6800e+03,8.4031e-12
2.6825e+03,8.5542e-12
2.6850e+03,9.4164e-12
2.6875e+03,9.3650e-12
2.6900e+03,8.5961e-12
2.6925e+03,1.0179e-11
2.6950e+03,1.1065e-11
2.6975e+03,9.9036e-12
2.7000e+03,8.8060e-12
2.7025e+03,7.9639e-12
2.7050e+03,7.8980e-12
2.7075e+03,8.3495e-12
2.7100e+03,8.7532e-12
2.7125e+03,9.1568e-12
2.7150e+03,9.9645e-12
2.7175e+03,9.6714e-12
2.7200e+03,6.9642e-12
2.7225e+03,6.2936e-12
2.7250e+03,6.4148e-12
2.7275e+03,6.6250e-12
2.7300e+03,6.9396e-12
2.7325e+03,8.5637e-12
2.7350e+03,9.3002e-12
2.7375e+03,8.9075e-12
2.7400e+03,8.6993e-12
2.7425e+03,8.8194e-12
2.7450e+03,8.7454e-12
2.7475e+03,8.6253e-12
2.7500e+03,9.0315e-12
2.7525e+03,9.4376e-12
2.7550e+03,1.0889e-11
2.7575e+03,1.1877e-11
2.7600e+03,1.2168e-11
2.7625e+03,1.2243e-11
2.7650e+03,1.2263e-11
2.7675e+03,1.2526e-11
2.7700e+03,1.2882e-11
2.7725e+03,1.3224e-11
2.7750e+03,1.3753e-11
2.7775e+03,1.4455e-11
2.7800e+03,1.4030e-11
2.7825e+03,1.2167e-11
2.7850e+03,1.2339e-11
2.7875e+03,1.3947e-11
2.7900e+03,2.1056e-11
2.7925e+03,2.8470e-11
2.7950e+03,3.9379e-11
2.7975e+03,5.0221e-11
2.8000e+03,6.0988e-11
2.8025e+03,5.6945e-11
2.8050e+03,5.0876e-11
2.8075e+03,4.0668e-11
2.8100e+03,2.9514e-11
2.8125e+03,1.8711e-11
2.8150e+03,1.3160e-11
2.8175e+03,1.1110e-11
2.8200e+03,1.0933e-11
2.8225e+03,1.2486e-11
2.8250e+03,1.2567e-11
2.8275e+03,1.2694e-11
2.8300e+03,1.3189e-11
2.8325e+03,1.3440e-11
2.8350e+03,1.2913e-11
2.8375e+03,1.3050e-11
2.8400e+03,1.3709e-11
2.8425e+03,1.4797e-11
2.8450e+03,1.5903e-11
2.8475e+03,1.6371e-11
2.8500e+03,1.6931e-11
2.8525e+03,1.7954e-11
2.8550e+03,1.7715e-11
2.8575e+03,1.6883e-11
2.8600e+03,1.6600e-11
2.8625e+03,1.6683e-11
2.8650e+03,1.6748e-11
2.8675e+03,1.6908e-11
2.8700e+03,1.7208e-11
2.8725e+03,1.8062e-11
2.8750e+03,2.0089e-11
2.8775e+03,1.9558e-11
2.8800e+03,1.8032e-11
2.8825e+03,1.7579e-11
2.8850e+03,1.7729e-11
2.8875e+03,1.6687e-11
2.8900e+03,1.6236e-11
2.8925e+03,1.6924e-11
2.8950e+03,1.7717e-11
2.8975e+03,1.8777e-11
2.9000e+03,1.8407e-11
2.9025e+03,1.7491e-11
2.9050e+03,1.8036e-11
2.9075e+03,1.8581e-11
2.9100e+03,2.0152e-11
2.9125e+03,2.1916e-11
2.9150e+03,2.3969e-11
2.9175e+03,2.4864e-11
2.9200e+03,2.5468e-11
2.9225e+03,2.4503e-11
2.9250e+03,2.3288e-11
2.9275e+03,2.4717e-11
2.9300e+03,2.5869e-11
2.9325e+03,2.6666e-11
2.9350e+03,2.7816e-11
2.9375e+03,2.9594e-11
2.9400e+03,2.6871e-11
2.9425e+03,2.3003e-11
2.9450e+03,2.0591e-11
2.9475e+03,1.8215e-11
2.9500e+03,1.6249e-11
2.9525e+03,1.7150e-11
2.9550e+03,2.1156e-11
2.9575e+03,2.1893e-11
2.9600e+03,2.2184e-11
2.9625e+03,2.1634e-11
2.9650e+03,2.0294e-11
2.9675e+03,1.6633e-11
2.9700e+03,1.5755e-11
2.9725e+03,1.6731e-11
2.9750e+03,1.7246e-11
2.9775e+03,1.7333e-11
2.9800e+03,1.9110e-11
2.9825e+03,2.1031e-11
2.9850e+03,2.2389e-11
2.9875e+03,2.3797e-11
2.9900e+03,2.5465e-11
2.9925e+03,2.6261e-11
2.9950e+03,2.6372e-11
2.9975e+03,2.5437e-11
3.0000e+03,2.4458e-11
3.0025e+03,2.3908e-11
3.0050e+03,2.3700e-11
3.0075e+03,2.4223e-11
3.0100e+03,2.4326e-11
3.0125e+03,2.4233e-11
3.0150e+03,2.3133e-11
3.0175e+03,2.1362e-11
3.0200e+03,2.0323e-11
3.0225e+03,1.9932e-11
3.0250e+03,2.0916e-11
3.0275e+03,2.2700e-11
3.0300e+03,2.7017e-11
3.0325e+03,3.0546e-11
3.0350e+03,3.3499e-11
3.0375e+03,3.3235e-11
3.0400e+03,3.2971e-11
3.0425e+03,3.0708e-11
3.0450e+03,2.9029e-11
3.0475e+03,2.8537e-11
3.0500e+03,2.8567e-11
3.0525e+03,2.8761e-11
3.0550e+03,2.7598e-11
3.0575e+03,2.5634e-11
3.0600e+03,2.1812e-11
3.0625e+03,1.9704e-11
3.0650e+03,1.9452e-11
3.0675e+03,2.0301e-11
3.0700e+03,2.2801e-11
3.0725e+03,2.5307e-11
3.0750e+03,2.7571e-11
3.0775e+03,2.8045e-11
3.0800e+03,2.8611e-11
3.0825e+03,3.1371e-11
3.0850e+03,3.2886e-11
3.0875e+03,3.2813e-11
3.0900e+03,3.2718e-11
3.0925e+03,3.2581e-11
3.0950e+03,3.1752e-11
3.0975e+03,3.1313e-11
3.1000e+03,3.4074e-11
3.1025e+03,3.6868e-11
3.1050e+03,4.0027e-11
3.1075e+03,4.3771e-11
3.1100e+03,4.8142e-11
3.1125e+03,4.8533e-11
3.1150e+03,4.8382e-11
3.1175e+03,4.5761e-11
3.1200e+03,4.2204e-11
3.1225e+03,3.8787e-11
3.1250e+03,3.6677e-11
3.1275e+03,3.5776e-11
3.1300e+03,3.4608e-11
3.1325e+03,3.3103e-11
3.1350e+03,2.9583e-11
3.1375e+03,2.6055e-11
3.1400e+03,2.3716e-11
3.1425e+03,2.2606e-11
3.1450e+03,2.7946e-11
3.1475e+03,3.4285e-11
3.1500e+03,4.1408e-11
3.1525e+03,4.4204e-11
3.1550e+03,4.6822e-11
3.1575e+03,4.5374e-11
3.1600e+03,4.2140e-11
3.1625e+03,3.5723e-11
3.1650e+03,3.1822e-11
3.1675e+03,2.9598e-11
3.1700e+03,2.7276e-11
3.1725e+03,2.4863e-11
3.1750e+03,3.2583e-11
3.1775e+03,3.8199e-11
3.1800e+03,3.7473e-11
3.1825e+03,3.8597e-11
3.1850e+03,4.5582e-11
3.1875e+03,4.5226e-11
3.1900e+03,4.1119e-11
3.1925e+03,4.6198e-11
3.1950e+03,5.1274e-11
3.1975e+03,5.2341e-11
3.2000e+03,5.4711e-11
3.2025e+03,5.4789e-11
3.2050e+03,5.4866e-11
3.2075e+03,5.4947e-11
3.2100e+03,5.5025e-11
3.2125e+03,5.5102e-11
3.2150e+03,5.5183e-11
3.2175e+03,5.5261e-11
3.2200e+03,5.5338e-11
3.2225e+03,5.5603e-11
3.2250e+03,5.5863e-11
3.2275e+03,5.6124e-11
3.2300e+03,5.6388e-11
3.2325e+03,5.6649e-11
3.2350e+03,5.6913e-11
3.2375e+03,5.7173e-11
3.2400e+03,5.7434e-11
3.2600e+03,5.8766e-11
3.2700e+03,4.5057e-11
3.2800e+03,4.3025e-11
3.2900e+03,6.1981e-11
3.3000e+03,6.7134e-11
3.3100e+03,7.4193e-11
3.3200e+03,7.0861e-11
3.3300e+03,6.8371e-11
3.3400e+03,8.9825e-11
3.3500e+03,8.9843e-11
3.3600e+03,6.7874e-11
3.3700e+03,8.3069e-11
3.3800e+03,8.9945e-11
3.3900e+03,1.0587e-10
3.4000e+03,9.4999e-11
3.4100e+03,1.2160e-10
3.4200e+03,1.1771e-10
3.4300e+03,1.2478e-10
3.4400e+03,1.1396e-10
3.4500e+03,1.2268e-10
3.4600e+03,1.5107e-10
3.4700e+03,1.5133e-10
3.4800e+03,1.7802e-10
3.4900e+03,1.6996e-10
3.5000e+03,1.6816e-10
3.5100e+03,1.6300e-10
3.5200e+03,1.3678e-10
3.5300e+03,1.9247e-10
3.5400e+03,2.2539e-10
3.5500e+03,2.9239e-10
3.5600e+03,2.7323e-10
3.5700e+03,2.1286e-10
3.5800e+03,1.7050e-10
3.5900e+03,1.7130e-10
3.6000e+03,2.3012e-10
3.6100e+03,2.7289e-10
3.6200e+03,3.5726e-10
3.6300e+03,4.1355e-10
3.6400e+03,3.7938e-10
3.6500e+03,4.1513e-10
3.6600e+03,5.1615e-10
3.6700e+03,5.5680e-10
3.6800e+03,4.7607e-10
3.6900e+03,5.0629e-10
3.7000e+03,4.9970e-10
3.7100e+03,4.9217e-10
3.7200e+03,4.9615e-10
3.7300e+03,3.7579e-10
3.7400e+03,3.5645e-10
3.7500e+03,4.6170e-10
3.7600e+03,5.7586e-10
3.7700e+03,7.3020e-10
3.7800e+03,8.1991e-10
3.7900e+03,7.0766e-10
3.8000e+03,7.1065e-10
3.8100e+03,6.8853e-10
3.8200e+03,5.0457e-10
3.8300e+03,5.0439e-10
3.8400e+03,6.4074e-10
3.8500e+03,6.1404e-10
3.8600e+03,6.3274e-10
3.8700e+03,6.6243e-10
3.8800e+03,6.7783e-10
3.8900e+03,7.4098e-10
3.9000e+03,7.7990e-10
3.9100e+03,8.3562e-10
3.9200e+03,6.9012e-10
3.9300e+03,3.8699e-10
3.9400e+03,4.4081e-10
3.9500e+03,7.2485e-10
3.9600e+03,5.8681e-10
3.9700e+03,5.5729e-10
3.9800e+03,1.0855e-09
3.9900e+03,1.3846e-09
4.0000e+03,1.5962e-09
4.0100e+03,1.7488e-09
4.0200e+03,1.7946e-09
4.0300e+03,1.7898e-09
4.0400e+03,1.7817e-09
4.0500e+03,1.8767e-09
4.0600e+03,1.9550e-09
4.0700e+03,1.9011e-09
4.0800e+03,2.0192e-09
4.0900e+03,2.1111e-09
4.1000e+03,2.0009e-09
4.1100e+03,1.9785e-09
4.1200e+03,1.8812e-09
4.1300e+03,1.8066e-09
4.1400e+03,1.8460e-09
4.1500e+03,2.1461e-09
4.1600e+03,2.3111e-09
4.1700e+03,1.9414e-09
4.1800e+03,1.7482e-09
4.1900e+03,1.8574e-09
4.2000e+03,1.8613e-09
4.2100e+03,1.4371e-09
4.2200e+03,8.3196e-10
4.2300e+03,9.2445e-10
4.2400e+03,1.6188e-09
4.2500e+03,1.6237e-09
4.2600e+03,1.5310e-09
4.2700e+03,1.5065e-09
4.2800e+03,1.3080e-09
4.2900e+03,1.3975e-09
4.3000e+03,1.4373e-09
4.3100e+03,1.3366e-09
4.3200e+03,1.4235e-09
4.3300e+03,1.5895e-09
4.3400e+03,1.6313e-09
4.3500e+03,1.4670e-09
4.3600e+03,1.4591e-09
4.3700e+03,1.6722e-09
4.3800e+03,1.6639e-09
4.3900e+03,1.5738e-09
4.4000e+03,1.4834e-09
4.4100e+03,1.5857e-09
4.4200e+03,1.3159e-09
4.4300e+03,1.0078e-09
4.4400e+03,1.1811e-09
4.4500e+03,1.2521e-09
4.4600e+03,9.7102e-10
4.4700e+03,9.1759e-10
4.4800e+03,1.0978e-09
4.4900e+03,1.2372e-09
4.5000e+03,1.1744e-09
4.5100e+03,1.0771e-09
4.5200e+03,1.1833e-09
4.5300e+03,1.3116e-09
4.5400e+03,1.3140e-09
4.5500e+03,1.3023e-09
4.5600e+03,1.4641e-09
4.5700e+03,1.6855e-09
4.5800e+03,1.1960e-09
4.5900e+03,7.3161e-10
4.6000e+03,8.9737e-10
4.6100e+03,1.2251e-09
4.6200e+03,1.1516e-09
4.6300e+03,8.1791e-10
4.6400e+03,8.6989e-10
4.6500e+03,1.0477e-09
4.6600e+03,1.1408e-09
4.6700e+03,1.0439e-09
4.6800e+03,1.1063e-09
4.6900e+03,1.3553e-09
4.7000e+03,1.5267e-09
4.7100e+03,1.5035e-09
4.7200e+03,1.4956e-09
4.7300e+03,1.6546e-09
4.7400e+03,1.8770e-09
4.7500e+03,1.9490e-09
4.7600e+03,1.1227e-09
4.7700e+03,6.2686e-10
4.7800e+03,8.3745e-10
4.7900e+03,1.0713e-09
4.8000e+03,9.6700e-10
4.8100e+03,8.3097e-10
4.8200e+03,9.5418e-10
4.8300e+03,1.1707e-09
4.8400e+03,1.2654e-09
4.8500e+03,1.1495e-09
4.8600e+03,1.2565e-09
4.8700e+03,1.4362e-09
4.8800e+03,1.7542e-09
4.8900e+03,1.9385e-09
4.9000e+03,2.1870e-09
4.9100e+03,2.6005e-09
4.9200e+03,3.1112e-09
4.9300e+03,3.6346e-09
4.9400e+03,4.3239e-09
4.9500e+03,2.8904e-09
4.9600e+03,8.2731e-10
4.9700e+03,6.9660e-10
4.9800e+03,8.7750e-10
4.9900e+03,1.0075e-09
5.0000e+03,9.5394e-10
5.0100e+03,9.5189e-10
5.0200e+03,1.1629e-09
5.0300e+03,1.4850e-09
5.0400e+03,1.8297e-09
5.0500e+03,2.0882e-09
5.0600e+03,2.3746e-09
5.0700e+03,2.7021e-09
5.0800e+03,3.1127e-09
5.0900e+03,3.4125e-09
5.1000e+03,3.5192e-09
5.1100e+03,4.1070e-09
5.1200e+03,4.7702e-09
5.1300e+03,5.0041e-09
5.1400e+03,4.9763e-09
5.1500e+03,5.5352e-09
5.1600e+03,4.6033e-09
5.1700e+03,1.7697e-09
5.1800e+03,9.6651e-10
5.1900e+03,1.3379e-09
5.2000e+03,1.4691e-09
5.2100e+03,1.6608e-09
5.2200e+03,2.0380e-09
5.2300e+03,2.2870e-09
5.2400e+03,2.2984e-09
5.2500e+03,2.4390e-09
5.2600e+03,2.5426e-09
5.2700e+03,2.6199e-09
5.2800e+03,3.1005e-09
5.2900e+03,3.4378e-09
5.3000e+03,3.6427e-09
5.3100e+03,3.5230e-09
5.3200e+03,3.3820e-09
5.3300e+03,3.5011e-09
5.3400e+03,3.7618e-09
5.3500e+03,4.0298e-09
5.3600e+03,3.8269e-09
5.3700e+03,3.6776e-09
5.3800e+03,4.1137e-09
5.3900e+03,4.2306e-09
5.4000e+03,4.3387e-09
5.4100e+03,4.4152e-09
5.4200e+03,4.6099e-09
5.4300e+03,4.7420e-09
5.4400e+03,4.8047e-09
5.4500e+03,3.3049e-09
5.4600e+03,2.0859e-09
5.4700e+03,2.3199e-09
5.4800e+03,2.6231e-09
5.4900e+03,2.8604e-09
5.5000e+03,2.7505e-09
5.5100e+03,2.7431e-09
5.5200e+03,3.1380e-09
5.5300e+03,3.2989e-09
5.5400e+03,3.6082e-09
5.5500e+03,3.8731e-09
5.5600e+03,3.8808e-09
5.5700e+03,3.6131e-09
5.5800e+03,3.4165e-09
5.5900e+03,3.4158e-09
5.6000e+03,2.9753e-09
5.6100e+03,2.7641e-09
5.6200e+03,2.7367e-09
5.6300e+03,2.7000e-09
5.6400e+03,2.9535e-09
5.6500e+03,3.2107e-09
5.6600e+03,3.4466e-09
5.6700e+03,3.3996e-09
5.6800e+03,3.6522e-09
5.6900e+03,3.8660e-09
5.7000e+03,4.2204e-09
5.7100e+03,4.6966e-09
5.7200e+03,4.4698e-09
5.7300e+03,4.8389e-09
5.7400e+03,4.3940e-09
5.7600e+03,4.5032e-09
5.7800e+03,5.1605e-09
5.8000e+03,5.1820e-09
5.8200e+03,4.4708e-09
5.8400e+03,3.5244e-09
5.8600e+03,2.6045e-09
5.8800e+03,2.2411e-09
5.9000e+03,2.2758e-09
5.9200e+03,2.7367e-09
5.9400e+03,3.0478e-09
5.9600e+03,3.3838e-09
5.9800e+03,3.9696e-09
6.0000e+03,4.4916e-09
6.0200e+03,4.9780e-09
6.0400e+03,5.4923e-09
6.0600e+03,5.8093e-09
6.0800e+03,6.3077e-09
6.1000e+03,6.8938e-09
6.1200e+03,7.3457e-09
6.1400e+03,5.6589e-09
6.1600e+03,3.5124e-09
6.1800e+03,3.0174e-09
6.2000e+03,2.9257e-09
6.2200e+03,3.0339e-09
6.2400e+03,3.6343e-09
6.2600e+03,4.2239e-09
6.2800e+03,4.8202e-09
6.3000e+03,5.6761e-09
6.3200e+03,6.4616e-09
6.3400e+03,6.7409e-09
6.3600e+03,7.0220e-09
6.3800e+03,8.0998e-09
6.4000e+03,8.3520e-09
6.4200e+03,8.5436e-09
6.4400e+03,9.6271e-09
6.4600e+03,1.0154e-08
6.4800e+03,1.0363e-08
6.5000e+03,1.1278e-08
6.5200e+03,1.2416e-08
6.5400e+03,1.1865e-08
6.5600e+03,1.0512e-08
6.5800e+03,1.0006e-08
6.6000e+03,9.6524e-09
6.6200e+03,9.0593e-09
6.6400e+03,7.5570e-09
6.6600e+03,6.3859e-09
6.6800e+03,6.3426e-09
6.7000e+03,5.9681e-09
6.7200e+03,5.8878e-09
6.7400e+03,6.7117e-09
6.7600e+03,7.4542e-09
6.7800e+03,7.9279e-09
6.8000e+03,8.9860e-09
6.8200e+03,1.0674e-08
6.8400e+03,1.1359e-08
6.8600e+03,1.1904e-08
6.8800e+03,1.4298e-08
6.9000e+03,1.6171e-08
6.9200e+03,1.8060e-08
6.9400e+03,2.0325e-08
6.9600e+03,2.2459e-08
6.9800e+03,2.3443e-08
7.0000e+03,2.4299e-08
7.0200e+03,2.4871e-08
7.0400e+03,1.7798e-08
7.0600e+03,1.0273e-08
7.0800e+03,8.7863e-09
7.1000e+03,7.9941e-09
7.1200e+03,7.5669e-09
7.1400e+03,7.5532e-09
7.1600e+03,9.2882e-09
7.1800e+03,1.0499e-08
7.2000e+03,1.1493e-08
7.2200e+03,1.3173e-08
7.2400e+03,1.5774e-08
7.2600e+03,1.8068e-08
7.2800e+03,2.1060e-08
7.3000e+03,2.6025e-08
7.3200e+03,3.0007e-08
7.3400e+03,3.2837e-08
7.3600e+03,3.6966e-08
7.3800e+03,4.0805e-08
7.4000e+03,4.2665e-08
7.4200e+03,4.3887e-08
7.4400e+03,4.5525e-08
7.4600e+03,4.7998e-08
7.4800e+03,5.0844e-08
7.5000e+03,5.3200e-08
7.5200e+03,5.8480e-08
7.5400e+03,6.3665e-08
7.5600e+03,6.0646e-08
7.5800e+03,3.8914e-08
7.6000e+03,2.1746e-08
7.6200e+03,2.9012e-08
7.6400e+03,2.4745e-08
7.6600e+03,2.1484e-08
7.6800e+03,1.8234e-08
7.7000e+03,2.0273e-08
7.7200e+03,2.2287e-08
7.7400e+03,2.2454e-08
7.7600e+03,2.2638e-08
7.7800e+03,2.4813e-08
7.8000e+03,2.7040e-08
7.8200e+03,2.7289e-08
7.8400e+03,2.7425e-08
7.8600e+03,2.9458e-08
7.8800e+03,3.0815e-08
7.9000e+03,3.1076e-08
7.9200e+03,3.2644e-08
7.9400e+03,3.5663e-08
7.9600e+03,3.7477e-08
7.9800e+03,3.9309e-08
8.0000e+03,4.3993e-08
8.0200e+03,5.0365e-08
8.0400e+03,5.7371e-08
8.0600e+03,6.3890e-08
8.0800e+03,7.0449e-08
8.1000e+03,7.7906e-08
8.1200e+03,8.8585e-08
8.1400e+03,9.6507e-08
8.1600e+03,1.0008e-07
8.1800e+03,9.2361e-08
8.2000e+03,7.6384e-08
8.2200e+03,7.8483e-08
8.2400e+03,7.9677e-08
8.2600e+03,7.2767e-08
8.2800e+03,6.4736e-08
8.3000e+03,6.3767e-08
8.3200e+03,6.3510e-08
8.3400e+03,6.2640e-08
8.3600e+03,6.1516e-08
8.3800e+03,6.1351e-08
8.4000e+03,6.1714e-08
8.4200e+03,5.1784e-08
8.4400e+03,3.8685e-08
8.4600e+03,3.7480e-08
8.4800e+03,4.0157e-08
8.5000e+03,4.0749e-08
8.5200e+03,4.2436e-08
8.5400e+03,4.6212e-08
8.5600e+03,4.8720e-08
8.5800e+03,5.1999e-08
8.6000e+03,5.7385e-08
8.6200e+03,6.1474e-08
8.6400e+03,6.2186e-08
8.6600e+03,6.5056e-08
8.6800e+03,7.1971e-08
8.7000e+03,7.8628e-08
8.7200e+03,8.3443e-08
8.7400e+03,8.8124e-08
8.7600e+03,9.3759e-08
8.7800e+03,9.8645e-08
8.8000e+03,1.0227e-07
8.8200e+03,1.0774e-07
8.8400e+03,9.4048e-08
8.8600e+03,7.2552e-08
8.8800e+03,7.2041e-08
8.9000e+03,7.9290e-08
8.9200e+03,8.1062e-08
8.9400e+03,7.9484e-08
8.9600e+03,8.5535e-08
8.9800e+03,9.6563e-08
9.0000e+03,9.9198e-08
9.0200e+03,1.0487e-07
9.0400e+03,1.1382e-07
9.0600e+03,1.1385e-07
9.0800e+03,1.1875e-07
9.1000e+03,1.2511e-07
9.1200e+03,1.2639e-07
9.1400e+03,1.2731e-07
9.1600e+03,1.2983e-07
9.1800e+03,1.2865e-07
9.2000e+03,1.1866e-07
9.2200e+03,1.0896e-07
9.2400e+03,1.0956e-07
9.2600e+03,1.0608e-07
9.2800e+03,1.0410e-07
9.3000e+03,9.5351e-08
9.3200e+03,9.0089e-08
9.3400e+03,9.5686e-08
9.3600e+03,9.3347e-08
9.3800e+03,9.9370e-08
9.4000e+03,1.0146e-07
9.4200e+03,9.6394e-08
9.4400e+03,1.0152e-07
9.4600e+03,1.1395e-07
9.4800e+03,1.1848e-07
9.5000e+03,1.1756e-07
9.5200e+03,1.2615e-07
9.5400e+03,1.3405e-07
9.5600e+03,1.3423e-07
9.5800e+03,1.3723e-07
9.6000e+03,1.4095e-07
9.6200e+03,1.3658e-07
9.6400e+03,1.3056e-07
9.6600e+03,1.3388e-07
9.6800e+03,1.3887e-07
9.7000e+03,1.3231e-07
9.7200e+03,1.2520e-07
9.7400e+03,1.2647e-07
9.7600e+03,1.2973e-07
9.7800e+03,1.3427e-07
9.8000e+03,1.3396e-07
9.8200e+03,1.3120e-07
9.8400e+03,1.3521e-07
9.8600e+03,1.3802e-07
9.8800e+03,1.3538e-07
9.9000e+03,1.2943e-07
9.9200e+03,1.3383e-07
9.9400e+03,1.3957e-07
9.9600e+03,1.4265e-07
9.9800e+03,1.4106e-07
1.0000e+04,1.3903e-07
1.0020e+04,1.3713e-07
1.0040e+04,1.3569e-07
1.0060e+04,1.3916e-07
1.0080e+04,1.4272e-07
1.0100e+04,1.4403e-07
1.0120e+04,1.3861e-07
1.0140e+04,1.3598e-07
1.0160e+04,1.3698e-07
1.0180e+04,1.3774e-07
1.0200e+04,1.4045e-07
1.0220e+04,1.4207e-07
1.0240e+04,1.4033e-07
1.0260e+04,1.3925e-07
1.0280e+04,1.4074e-07
1.0300e+04,1.4019e-07
1.0320e+04,1.3827e-07
1.0340e+04,1.4037e-07
1.0360e+04,1.4130e-07
1.0380e+04,1.4002e-07
1.0400e+04,1.4251e-07
1.0420e+04,1.4528e-07
1.0440e+04,1.4525e-07
1.0460e+04,1.4119e-07
1.0480e+04,1.3900e-07
1.0500e+04,1.3653e-07
1.0520e+04,1.3581e-07
1.0540e+04,1.3458e-07
1.0560e+04,1.3286e-07
1.0580e+04,1.3206e-07
1.0600e+04,1.3446e-07
1.0800e+04,1.2381e-07
1.1000e+04,1.1044e-07
1.1200e+04,9.6383e-08
1.1400e+04,8.3171e-08
1.1600e+04,7.1685e-08
1.1800e+04,6.2355e-08
1.2000e+04,5.5303e-08
1.2200e+04,5.0527e-08
1.2400e+04,4.8044e-08
1.2600e+04,4.8495e-08
1.2800e+04,4.7794e-08
1.3000e+04,4.6941e-08
1.3200e+04,4.2757e-08
1.3400e+04,3.7097e-08
1.3600e+04,3.5197e-08
1.3800e+04,3.5265e-08
1.4000e+04,3.2785e-08
1.4200e+04,3.1617e-08
1.4400e+04,3.2531e-08
1.4600e+04,3.3702e-08
1.4800e+04,3.5084e-08
1.5000e+04,3.6980e-08
1.5200e+04,3.9365e-08
1.5400e+04,4.0626e-08
1.5600e+04,4.1144e-08
1.5800e+04,4.1538e-08
1.6000e+04,4.2887e-08
1.6200e+04,4.3747e-08
1.6400e+04,4.3028e-08
1.6600e+04,4.1285e-08
1.6800e+04,4.0485e-08
1.7000e+04,3.9643e-08
1.7200e+04,3.6935e-08
1.7400e+04,3.4740e-08
1.7600e+04,3.1999e-08
1.7800e+04,3.0141e-08
1.8000e+04,2.8022e-08
1.8200e+04,2.6436e-08
1.8400e+04,2.4935e-08
1.8600e+04,2.3744e-08
1.8800e+04,2.4651e-08
1.9000e+04,2.5147e-08
1.9200e+04,2.4490e-08
1.9400e+04,2.3736e-08
1.9600e+04,2.2555e-08
1.9800e+04,2.2098e-08
2.0000e+04,2.2123e-08
2.0200e+04,2.2323e-08
2.0400e+04,2.2627e-08
2.0600e+04,2.2838e-08
2.0800e+04,2.3062e-08
2.1000e+04,2.3318e-08
2.1200e+04,2.3093e-08
2.1400e+04,2.2603e-08
2.1600e+04,2.2348e-08
2.1800e+04,2.1765e-08
2.2000e+04,2.0775e-08
2.2200e+04,1.9992e-08
2.2400e+04,1.9191e-08
2.2600e+04,1.9059e-08
2.2800e+04,1.7702e-08
2.3000e+04,1.5788e-08
2.3200e+04,1.4746e-08
2.3400e+04,1.3949e-08
2.3600e+04,1.3428e-08
2.3800e+04,1.2890e-08
2.4000e+04,1.2080e-08
2.4200e+04,1.1591e-08
2.4400e+04,1.0548e-08
2.4600e+04,1.0156e-08
2.4800e+04,9.6884e-09
2.5000e+04,9.1642e-09
2.5200e+04,8.8740e-09
2.5400e+04,8.6923e-09
2.5600e+04,8.4742e-09
