# wavelength, f_lambda
2.2900e+02,0.0000e+00
2.3400e+02,0.0000e+00
2.4300e+02,0.0000e+00
2.5200e+02,0.0000e+00
2.5600e+02,0.0000e+00
2.6000e+02,0.0000e+00
2.6600e+02,0.0000e+00
2.7500e+02,0.0000e+00
2.8300e+02,0.0000e+00
2.9300e+02,0.0000e+00
3.0100e+02,0.0000e+00
3.0900e+02,0.0000e+00
3.2500e+02,0.0000e+00
3.4200e+02,0.0000e+00
3.5100e+02,0.0000e+00
3.5600e+02,0.0000e+00
3.6500e+02,0.0000e+00
3.7500e+02,0.0000e+00
3.8400e+02,0.0000e+00
4.0000e+02,0.0000e+00
4.1500e+02,0.0000e+00
4.2500e+02,0.0000e+00
4.4500e+02,0.0000e+00
4.7200e+02,0.0000e+00
4.9400e+02,0.0000e+00
5.0600e+02,0.0000e+00
5.1600e+02,0.0000e+00
5.4000e+02,0.0000e+00
5.6400e+02,0.0000e+00
5.8700e+02,0.0000e+00
6.1200e+02,0.0000e+00
6.4000e+02,0.0000e+00
6.7100e+02,0.0000e+00
7.0500e+02,0.0000e+00
7.3600e+02,0.0000e+00
7.7000e+02,0.0000e+00
8.1000e+02,0.0000e+00
8.5000e+02,0.0000e+00
8.9000e+02,0.0000e+00
9.2000e+02,0.0000e+00
9.4000e+02,0.0000e+00
9.6200e+02,0.0000e+00
9.8700e+02,0.0000e+00
1.0120e+03,0.0000e+00
1.0370e+03,0.0000e+00
1.0620e+03,0.0000e+00
1.0870e+03,0.0000e+00
1.1120e+03,0.0000e+00
1.1200e+03,0.0000e+00
1.1400e+03,0.0000e+00
1.1600e+03,0.0000e+00
1.1800e+03,0.0000e+00
1.2000e+03,0.0000e+00
1.2200e+03,0.0000e+00
1.2400e+03,0.0000e+00
1.2600e+03,0.0000e+00
1.2800e+03,0.0000e+00
1.3000e+03,0.0000e+00
1.3200e+03,0.0000e+00
1.3400e+03,0.0000e+00
1.3600e+03,0.0000e+00
1.3800e+03,0.0000e+00
1.4000e+03,0.0000e+00
1.4200e+03,0.0000e+00
1.4400e+03,0.0000e+00
1.4600e+03,0.0000e+00
1.4800e+03,0.0000e+00
1.5000e+03,0.0000e+00
1.5200e+03,0.0000e+00
1.5400e+03,0.0000e+00
1.5600e+03,0.0000e+00
1.5800e+03,0.0000e+00
1.6000e+03,0.0000e+00
1.6200e+03,0.0000e+00
1.6400e+03,0.0000e+00
1.6600e+03,0.0000e+00
1.6800e+03,0.0000e+00
1.7000e+03,0.0000e+00
1.7200e+03,0.0000e+00
1.7400e+03,0.0000e+00
1.7600e+03,0.0000e+00
1.7800e+03,0.0000e+00
1.8000e+03,0.0000e+00
1.8200e+03,0.0000e+00
1.8400e+03,0.0000e+00
1.8600e+03,0.0000e+00
1.8800e+03,0.0000e+00
1.9000e+03,0.0000e+00
1.9200e+03,0.0000e+00
1.9400e+03,0.0000e+00
1.9600e+03,0.0000e+00
1.9800e+03,0.0000e+00
2.0000e+03,3.4499e-12
2.0025e+03,3.4499e-12
2.0050e+03,4.1543e-12
2.0075e+03,3.4405e-12
2.0100e+03,6.1340e-12
2.0125e+03,7.0484e-12
2.0150e+03,6.5648e-12
2.0175e+03,6.2156e-12
2.0200e+03,6.0123e-12
2.0225e+03,3.1628e-12
2.0250e+03,1.2072e-12
2.0275e+03,2.4781e-12
2.0300e+03,3.4749e-12
2.0325e+03,3.3749e-12
2.0350e+03,4.5880e-12
2.0375e+03,6.6766e-12
2.0400e+03,5.7618e-12
2.0425e+03,4.8469e-12
2.0450e+03,4.7792e-12
2.0475e+03,5.2457e-12
2.0500e+03,6.6915e-12
2.0525e+03,7.4381e-12
2.0550e+03,7.9127e-12
2.0575e+03,7.0200e-12
2.0600e+03,5.3579e-12
2.0625e+03,6.0484e-12
2.0650e+03,7.5885e-12
2.0675e+03,1.0464e-11
2.0700e+03,1.1918e-11
2.0725e+03,9.7165e-12
2.0750e+03,8.8625e-12
2.0775e+03,8.8453e-12
2.0800e+03,1.1154e-11
2.0825e+03,1.3462e-11
2.0850e+03,1.4266e-11
2.0875e+03,1.4156e-11
2.0900e+03,1.2673e-11
2.0925e+03,1.1845e-11
2.0950e+03,1.1180e-11
2.0975e+03,1.0710e-11
2.1000e+03,1.0174e-11
2.1025e+03,8.6075e-12
2.1050e+03,7.2247e-12
2.1075e+03,6.0764e-12
2.1100e+03,4.3265e-12
2.1125e+03,1.5074e-12
2.1150e+03,2.7654e-12
2.1175e+03,5.0312e-12
2.1200e+03,5.8277e-12
2.1225e+03,6.7334e-12
2.1250e+03,8.9003e-12
2.1275e+03,1.0762e-11
2.1300e+03,1.2294e-11
2.1325e+03,1.3188e-11
2.1350e+03,1.3993e-11
2.1375e+03,1.4535e-11
2.1400e+03,1.4448e-11
2.1425e+03,1.2107e-11
2.1450e+03,8.7120e-12
2.1475e+03,4.6131e-12
2.1500e+03,2.7669e-12
2.1525e+03,2.9998e-12
2.1550e+03,3.6183e-12
2.1575e+03,3.7198e-12
2.1600e+03,1.9514e-12
2.1625e+03,9.2762e-13
2.1650e+03,3.8145e-12
2.1675e+03,5.0935e-12
2.1700e+03,5.1092e-12
2.1725e+03,4.6594e-12
2.1750e+03,4.1900e-12
2.1775e+03,3.4394e-12
2.1800e+03,2.8759e-12
2.1825e+03,2.8921e-12
2.1850e+03,2.3912e-12
2.1875e+03,1.8036e-12
2.1900e+03,1.2159e-12
2.1925e+03,6.2826e-13
2.1950e+03,1.8160e-12
2.1975e+03,3.0038e-12
2.2000e+03,4.6186e-12
2.2025e+03,5.8521e-12
2.2050e+03,5.7596e-12
2.2075e+03,5.8270e-12
2.2100e+03,5.9843e-12
2.2125e+03,5.0014e-12
2.2150e+03,3.1227e-12
2.2175e+03,3.2763e-12
2.2200e+03,2.8875e-12
2.2225e+03,1.3837e-12
2.2250e+03,1.5270e-13
2.2275e+03,2.2902e-13
2.2300e+03,3.0534e-13
2.2325e+03,3.8167e-13
2.2350e+03,4.5800e-13
2.2375e+03,5.3430e-13
2.2400e+03,5.8750e-13
2.2425e+03,1.8412e-12
2.2450e+03,4.8957e-12
2.2475e+03,6.3871e-12
2.2500e+03,7.2702e-12
2.2525e+03,8.4134e-12
2.2550e+03,9.7489e-12
2.2575e+03,1.2192e-11
2.2600e+03,1.3029e-11
2.2625e+03,1.1822e-11
2.2650e+03,1.0831e-11
2.2675e+03,1.0223e-11
2.2700e+03,1.0565e-11
2.2725e+03,1.1235e-11
2.2750e+03,1.2060e-11
2.2775e+03,1.2754e-11
2.2800e+03,1.1952e-11
2.2825e+03,1.0761e-11
2.2850e+03,9.1498e-12
2.2875e+03,7.1490e-12
2.2900e+03,5.0946e-12
2.2925e+03,4.3327e-12
2.2950e+03,3.8145e-12
2.2975e+03,2.7138e-12
2.3000e+03,2.2128e-12
2.3025e+03,2.2654e-12
2.3050e+03,2.6102e-12
2.3075e+03,3.3270e-12
2.3100e+03,3.3167e-12
2.3125e+03,3.3553e-12
2.3150e+03,3.9882e-12
2.3175e+03,4.7723e-12
2.3200e+03,6.3518e-12
2.3225e+03,9.1076e-12
2.3250e+03,1.2787e-11
2.3275e+03,1.4827e-11
2.3300e+03,1.6799e-11
2.3325e+03,1.8368e-11
2.3350e+03,1.9080e-11
2.3375e+03,1.7733e-11
2.3400e+03,1.6539e-11
2.3425e+03,1.5449e-11
2.3450e+03,1.2938e-11
2.3475e+03,9.1167e-12
2.3500e+03,6.9013e-12
2.3525e+03,5.6001e-12
2.3550e+03,5.9453e-12
2.3575e+03,6.9945e-12
2.3600e+03,1.0273e-11
2.3625e+03,1.1535e-11
2.3650e+03,1.1747e-11
2.3675e+03,1.3993e-11
2.3700e+03,1.6239e-11
2.3725e+03,1.5680e-11
2.3750e+03,1.6316e-11
2.3775e+03,1.9284e-11
2.3800e+03,1.8759e-11
2.3825e+03,1.7132e-11
2.3850e+03,1.6064e-11
2.3875e+03,1.5370e-11
2.3900e+03,1.5337e-11
2.3925e+03,1.5303e-11
2.3950e+03,1.5491e-11
2.3975e+03,1.4068e-11
2.4000e+03,9.1826e-12
2.4025e+03,8.1264e-12
2.4050e+03,8.5591e-12
2.4075e+03,5.5808e-12
2.4100e+03,9.3832e-13
2.4125e+03,2.4234e-12
2.4150e+03,4.1503e-12
2.4175e+03,6.1853e-12
2.4200e+03,9.0668e-12
2.4225e+03,1.3453e-11
2.4250e+03,1.4778e-11
2.4275e+03,1.5121e-11
2.4300e+03,1.5305e-11
2.4325e+03,1.5489e-11
2.4350e+03,1.2056e-11
2.4375e+03,9.3352e-12
2.4400e+03,7.6832e-12
2.4425e+03,8.4793e-12
2.4450e+03,9.8873e-12
2.4475e+03,1.1797e-11
2.4500e+03,1.3721e-11
2.4525e+03,1.4312e-11
2.4550e+03,1.5362e-11
2.4575e+03,1.6836e-11
2.4600e+03,1.8231e-11
2.4625e+03,1.9524e-11
2.4650e+03,2.0685e-11
2.4675e+03,2.0936e-11
2.4700e+03,1.8386e-11
2.4725e+03,1.6412e-11
2.4750e+03,1.7468e-11
2.4775e+03,1.7940e-11
2.4800e+03,1.7781e-11
2.4825e+03,1.9276e-11
2.4850e+03,2.0996e-11
2.4875e+03,1.6929e-11
2.4900e+03,1.2959e-11
2.4925e+03,1.5168e-11
2.4950e+03,1.5103e-11
2.4975e+03,1.3522e-11
2.5000e+03,1.3779e-11
2.5025e+03,1.5734e-11
2.5050e+03,1.5743e-11
2.5075e+03,1.5984e-11
2.5100e+03,1.7077e-11
2.5125e+03,1.7931e-11
2.5150e+03,1.8026e-11
2.5175e+03,1.6230e-11
2.5200e+03,1.3368e-11
2.5225e+03,1.2299e-11
2.5250e+03,1.1304e-11
2.5275e+03,1.3720e-11
2.5300e+03,1.6826e-11
2.5325e+03,2.0509e-11
2.5350e+03,2.2733e-11
2.5375e+03,2.4270e-11
2.5400e+03,2.4654e-11
2.5425e+03,2.4271e-11
2.5450e+03,2.5420e-11
2.5475e+03,2.5957e-11
2.5500e+03,2.5576e-11
2.5525e+03,2.4994e-11
2.5550e+03,2.3986e-11
2.5575e+03,2.3615e-11
2.5600e+03,2.3675e-11
2.5625e+03,2.5075e-11
2.5650e+03,2.6480e-11
2.5675e+03,2.7985e-11
2.5700e+03,2.8531e-11
2.5725e+03,2.7371e-11
2.5750e+03,2.3560e-11
2.5775e+03,1.8910e-11
2.5800e+03,1.5494e-11
2.5825e+03,1.2854e-11
2.5850e+03,1.2481e-11
2.5875e+03,1.4282e-11
2.5900e+03,1.8439e-11
2.5925e+03,2.1204e-11
2.5950e+03,2.1881e-11
2.5975e+03,2.1459e-11
2.6000e+03,2.0760e-11
2.6025e+03,1.8386e-11
2.6050e+03,1.3497e-11
2.6075e+03,1.4545e-11
2.6100e+03,1.7078e-11
2.6125e+03,2.0651e-11
2.6150e+03,2.5137e-11
2.6175e+03,3.3355e-11
2.6200e+03,3.7365e-11
2.6225e+03,3.7493e-11
2.6250e+03,3.3882e-11
2.6275e+03,2.5509e-11
2.6300e+03,2.6890e-11
2.6325e+03,3.1135e-11
2.6350e+03,3.8564e-11
2.6375e+03,4.7610e-11
2.6400e+03,6.5149e-11
2.6425e+03,6.8034e-11
2.6450e+03,5.9402e-11
2.6475e+03,5.6602e-11
2.6500e+03,5.4595e-11
2.6525e+03,4.9467e-11
2.6550e+03,4.6710e-11
2.6575e+03,5.6551e-11
2.6600e+03,6.0087e-11
2.6625e+03,5.9421e-11
2.6650e+03,5.9490e-11
2.6675e+03,6.0240e-11
2.6700e+03,5.8925e-11
2.6725e+03,5.7428e-11
2.6750e+03,5.9974e-11
2.6775e+03,6.0786e-11
2.6800e+03,5.3674e-11
2.6825e+03,5.4639e-11
2.6850e+03,6.0145e-11
2.6875e+03,5.9817e-11
2.6900e+03,5.4908e-11
2.6925e+03,6.5022e-11
2.6950e+03,7.0677e-11
2.6975e+03,6.3259e-11
2.7000e+03,5.6248e-11
2.7025e+03,5.0869e-11
2.7050e+03,5.0447e-11
2.7075e+03,5.3335e-11
2.7100e+03,5.5910e-11
2.7125e+03,5.8488e-11
2.7150e+03,6.3649e-11
2.7175e+03,6.1777e-11
2.7200e+03,4.4482e-11
2.7225e+03,4.0199e-11
2.7250e+03,4.0975e-11
2.7275e+03,4.2318e-11
2.7300e+03,4.4329e-11
2.7325e+03,5.4701e-11
2.7350e+03,5.9406e-11
2.7375e+03,5.6897e-11
2.7400e+03,5.5567e-11
2.7425e+03,5.6336e-11
2.7450e+03,5.5862e-11
2.7475e+03,5.5094e-11
2.7500e+03,5.7691e-11
2.7525e+03,6.0284e-11
2.7550e+03,6.9556e-11
2.7575e+03,7.5863e-11
2.7600e+03,7.7721e-11
2.7625e+03,7.8198e-11
2.7650e+03,7.8329e-11
2.7675e+03,8.0012e-11
2.7700e+03,8.2284e-11
2.7725e+03,8.4469e-11
2.7750e+03,8.7849e-11
2.7775e+03,9.2336e-11
2.7800e+03,8.9612e-11
2.7825e+03,7.7717e-11
2.7850e+03,7.8817e-11
2.7875e+03,8.9083e-11
2.7900e+03,1.3450e-10
2.7925e+03,1.8185e-10
2.7950e+03,2.5152e-10
2.7975e+03,3.2077e-10
2.8000e+03,3.8957e-10
2.8025e+03,3.6372e-10
2.8050e+03,3.2498e-10
2.8075e+03,2.5977e-10
2.8100e+03,1.8852e-10
2.8125e+03,1.1952e-10
2.8150e+03,8.4061e-11
2.8175e+03,7.0962e-11
2.8200e+03,6.9836e-11
2.8225e+03,7.9757e-11
2.8250e+03,8.0274e-11
2.8275e+03,8.1079e-11
2.8300e+03,8.4247e-11
2.8325e+03,8.5849e-11
2.8350e+03,8.2481e-11
2.8375e+03,8.3355e-11
2.8400e+03,8.7568e-11
2.8425e+03,9.4517e-11
2.8450e+03,1.0158e-10
2.8475e+03,1.0457e-10
2.8500e+03,1.0815e-10
2.8525e+03,1.1468e-10
2.8550e+03,1.1316e-10
2.8575e+03,1.0784e-10
2.8600e+03,1.0603e-10
2.8625e+03,1.0656e-10
2.8650e+03,1.0698e-10
2.8675e+03,1.0800e-10
2.8700e+03,1.0992e-10
2.8725e+03,1.1537e-10
2.8750e+03,1.2832e-10
2.8775e+03,1.2493e-10
2.8800e+03,1.1518e-10
2.8825e+03,1.1229e-10
2.8850e+03,1.1324e-10
2.8875e+03,1.0659e-10
2.8900e+03,1.0371e-10
2.8925e+03,1.0810e-10
2.8950e+03,1.1316e-10
2.8975e+03,1.1994e-10
2.9000e+03,1.1758e-10
2.9025e+03,1.1172e-10
2.9050e+03,1.1521e-10
2.9075e+03,1.1869e-10
2.9100e+03,1.2872e-10
2.9125e+03,1.3999e-10
2.9150e+03,1.5310e-10
2.9175e+03,1.5882e-10
2.9200e+03,1.6268e-10
2.9225e+03,1.5652e-10
2.9250e+03,1.4875e-10
2.9275e+03,1.5788e-10
2.9300e+03,1.6523e-10
2.9325e+03,1.7033e-10
2.9350e+03,1.7767e-10
2.9375e+03,1.8903e-10
2.9400e+03,1.7164e-10
2.9425e+03,1.4693e-10
2.9450e+03,1.3153e-10
2.9475e+03,1.1635e-10
2.9500e+03,1.0379e-10
2.9525e+03,1.0954e-10
2.9550e+03,1.3513e-10
2.9575e+03,1.3984e-10
2.9600e+03,1.4170e-10
2.9625e+03,1.3819e-10
2.9650e+03,1.2963e-10
2.9675e+03,1.0624e-10
2.9700e+03,1.0064e-10
2.9725e+03,1.0687e-10
2.9750e+03,1.1016e-10
2.9775e+03,1.1072e-10
2.9800e+03,1.2206e-10
2.9825e+03,1.3433e-10
2.9850e+03,1.4301e-10
2.9875e+03,1.5200e-10
2.9900e+03,1.6266e-10
2.9925e+03,1.6774e-10
2.9950e+03,1.6845e-10
2.9975e+03,1.6248e-10
3.0000e+03,1.5622e-10
3.0025e+03,1.5271e-10
3.0050e+03,1.5138e-10
3.0075e+03,1.5472e-10
3.0100e+03,1.5538e-10
3.0125e+03,1.5479e-10
3.0150e+03,1.4776e-10
3.0175e+03,1.3645e-10
3.0200e+03,1.2982e-10
3.0225e+03,1.2732e-10
3.0250e+03,1.3360e-10
3.0275e+03,1.4500e-10
3.0300e+03,1.7257e-10
3.0325e+03,1.9511e-10
3.0350e+03,2.1397e-10
3.0375e+03,2.1229e-10
3.0400e+03,2.1060e-10
3.0425e+03,1.9615e-10
3.0450e+03,1.8543e-10
3.0475e+03,1.8228e-10
3.0500e+03,1.8247e-10
3.0525e+03,1.8371e-10
3.0550e+03,1.7628e-10
3.0575e+03,1.6373e-10
3.0600e+03,1.3933e-10
3.0625e+03,1.2586e-10
3.0650e+03,1.2425e-10
3.0675e+03,1.2967e-10
3.0700e+03,1.4564e-10
3.0725e+03,1.6165e-10
3.0750e+03,1.7611e-10
3.0775e+03,1.7914e-10
3.0800e+03,1.8275e-10
3.0825e+03,2.0038e-10
3.0850e+03,2.1005e-10
3.0875e+03,2.0960e-10
3.0900e+03,2.0898e-10
3.0925e+03,2.0811e-10
3.0950e+03,2.0281e-10
3.0975e+03,2.0001e-10
3.1000e+03,2.1765e-10
3.1025e+03,2.3549e-10
3.1050e+03,2.5568e-10
3.1075e+03,2.7958e-10
3.1100e+03,3.0751e-10
3.1125e+03,3.1001e-10
3.1150e+03,3.0903e-10
3.1175e+03,2.9231e-10
3.1200e+03,2.6958e-10
3.1225e+03,2.4775e-10
3.1250e+03,2.3428e-10
3.1275e+03,2.2852e-10
3.1300e+03,2.2106e-10
3.1325e+03,2.1144e-10
3.1350e+03,1.8896e-10
3.1375e+03,1.6643e-10
3.1400e+03,1.5149e-10
3.1425e+03,1.4439e-10
3.1450e+03,1.7851e-10
3.1475e+03,2.1900e-10
3.1500e+03,2.6449e-10
3.1525e+03,2.8236e-10
3.1550e+03,2.9907e-10
3.1575e+03,2.8984e-10
3.1600e+03,2.6917e-10
3.1625e+03,2.2818e-10
3.1650e+03,2.0326e-10
3.1675e+03,1.8906e-10
3.1700e+03,1.7423e-10
3.1725e+03,1.5881e-10
3.1750e+03,2.0813e-10
3.1775e+03,2.4400e-10
3.1800e+03,2.3937e-10
3.1825e+03,2.4655e-10
3.1850e+03,2.9115e-10
3.1875e+03,2.8887e-10
3.1900e+03,2.6265e-10
3.1925e+03,2.9509e-10
3.1950e+03,3.2752e-10
3.1975e+03,3.3433e-10
3.2000e+03,3.4946e-10
3.2025e+03,3.4539e-10
3.2050e+03,3.4133e-10
3.2075e+03,3.3726e-10
3.2100e+03,3.3319e-10
3.2125e+03,3.2912e-10
3.2150e+03,3.2505e-10
3.2175e+03,3.2099e-10
3.2200e+03,3.1692e-10
3.2225e+03,3.2828e-10
3.2250e+03,3.3965e-10
3.2275e+03,3.5102e-10
3.2300e+03,3.6239e-10
3.2325e+03,3.7376e-10
3.2350e+03,3.8513e-10
3.2375e+03,3.9649e-10
3.2400e+03,4.0789e-10
3.2600e+03,3.8527e-10
3.2700e+03,1.5916e-09
3.2800e+03,5.6584e-10
3.2900e+03,6.1930e-10
3.3000e+03,2.2866e-10
3.3100e+03,2.7844e-10
3.3200e+03,8.8435e-10
3.3300e+03,3.4260e-10
3.3400e+03,1.7667e-10
3.3500e+03,1.1315e-09
3.3600e+03,8.1567e-10
3.3700e+03,5.0720e-10
3.3800e+03,1.6653e-10
3.3900e+03,7.3868e-10
3.4000e+03,7.7404e-10
3.4100e+03,8.0853e-10
3.4200e+03,6.4566e-10
3.4300e+03,4.8648e-10
3.4400e+03,9.7434e-10
3.4500e+03,9.2161e-10
3.4600e+03,5.9785e-10
3.4700e+03,4.1208e-10
3.4800e+03,4.8309e-10
3.4900e+03,4.3203e-10
3.5000e+03,7.3711e-10
3.5100e+03,8.5008e-10
3.5200e+03,5.3634e-10
3.5300e+03,3.2221e-10
3.5400e+03,4.3076e-10
3.5500e+03,1.0779e-10
3.5600e+03,9.7241e-10
3.5700e+03,4.3513e-10
3.5800e+03,1.0958e-10
3.5900e+03,6.6256e-10
3.6000e+03,1.1127e-10
3.6100e+03,9.4280e-10
3.6200e+03,7.5703e-10
3.6300e+03,3.4269e-10
3.6400e+03,8.2681e-10
3.6500e+03,7.3423e-10
3.6600e+03,1.2140e-09
3.6700e+03,4.3775e-10
3.6800e+03,8.6720e-10
3.6900e+03,2.1182e-10
3.7000e+03,2.0713e-10
3.7100e+03,3.0433e-10
3.7200e+03,7.9392e-10
3.7300e+03,5.9410e-10
3.7400e+03,3.9470e-10
3.7500e+03,2.9490e-10
3.7600e+03,6.8511e-10
3.7700e+03,6.8871e-10
3.7800e+03,5.7148e-10
3.7900e+03,6.5288e-10
3.8000e+03,7.2549e-10
3.8100e+03,5.2625e-10
3.8200e+03,6.6333e-10
3.8300e+03,6.8296e-10
3.8400e+03,7.0215e-10
3.8500e+03,4.1266e-10
3.8600e+03,8.7590e-10
3.8700e+03,1.3215e-09
3.8800e+03,1.2946e-10
3.8900e+03,1.2734e-10
3.9000e+03,8.1494e-10
3.9100e+03,6.1657e-10
3.9200e+03,1.1523e-09
3.9300e+03,7.3704e-10
3.9400e+03,1.0971e-09
3.9500e+03,8.9619e-10
3.9600e+03,8.3333e-10
3.9700e+03,1.5375e-09
3.9800e+03,8.5387e-10
3.9900e+03,1.8737e-09
4.0000e+03,1.1623e-09
4.0100e+03,1.9241e-09
4.0200e+03,1.0526e-09
4.0300e+03,9.6170e-10
4.0400e+03,1.2058e-09
4.0500e+03,9.1993e-10
4.0600e+03,1.1538e-09
4.0700e+03,1.3310e-09
4.0800e+03,1.2445e-09
4.0900e+03,1.0986e-09
4.1000e+03,1.1142e-09
4.1100e+03,9.3552e-10
4.1200e+03,7.5212e-10
4.1300e+03,8.6498e-10
4.1400e+03,1.3321e-09
4.1500e+03,1.2372e-09
4.1600e+03,1.5031e-09
4.1700e+03,1.2619e-09
4.1800e+03,9.2350e-10
4.1900e+03,7.8741e-10
4.2000e+03,7.6082e-10
4.2100e+03,1.1759e-09
4.2200e+03,6.5295e-10
4.2300e+03,4.7588e-10
4.2400e+03,1.0177e-09
4.2500e+03,8.3111e-10
4.2600e+03,6.2228e-10
4.2700e+03,8.9313e-10
4.2800e+03,1.0967e-09
4.2900e+03,1.0241e-09
4.3000e+03,1.0408e-09
4.3100e+03,1.1764e-09
4.3200e+03,9.0737e-10
4.3300e+03,1.1212e-09
4.3400e+03,1.1972e-09
4.3500e+03,1.2456e-09
4.3600e+03,1.2650e-09
4.3700e+03,1.3547e-09
4.3800e+03,1.5798e-09
4.3900e+03,1.4314e-09
4.4000e+03,1.0673e-09
4.4100e+03,1.4654e-09
4.4200e+03,1.7514e-09
4.4300e+03,1.7908e-09
4.4400e+03,1.8052e-09
4.4500e+03,1.6825e-09
4.4600e+03,2.3142e-09
4.4700e+03,2.2482e-09
4.4800e+03,2.1478e-09
4.4900e+03,2.2924e-09
4.5000e+03,2.3943e-09
4.5100e+03,2.4262e-09
4.5200e+03,2.6183e-09
4.5300e+03,2.6945e-09
4.5400e+03,2.5929e-09
4.5500e+03,2.7766e-09
4.5600e+03,3.4745e-09
4.5700e+03,3.2200e-09
4.5800e+03,2.9293e-09
4.5900e+03,2.6183e-09
4.6000e+03,2.8561e-09
4.6100e+03,3.0834e-09
4.6200e+03,2.9399e-09
4.6300e+03,2.8707e-09
4.6400e+03,3.0323e-09
4.6500e+03,2.9325e-09
4.6600e+03,2.9230e-09
4.6700e+03,2.8072e-09
4.6800e+03,2.7775e-09
4.6900e+03,3.2792e-09
4.7000e+03,2.9482e-09
4.7100e+03,2.9437e-09
4.7200e+03,2.9581e-09
4.7300e+03,3.1572e-09
4.7400e+03,2.9499e-09
4.7500e+03,2.9942e-09
4.7600e+03,2.5168e-09
4.7700e+03,2.0996e-09
4.7800e+03,2.3889e-09
4.7900e+03,2.5555e-09
4.8000e+03,2.6044e-09
4.8100e+03,2.2004e-09
4.8200e+03,2.3880e-09
4.8300e+03,2.4565e-09
4.8400e+03,2.4877e-09
4.8500e+03,2.7259e-09
4.8600e+03,2.7627e-09
4.8700e+03,2.8912e-09
4.8800e+03,2.9326e-09
4.8900e+03,3.0938e-09
4.9000e+03,3.2981e-09
4.9100e+03,3.4463e-09
4.9200e+03,3.5633e-09
4.9300e+03,3.8585e-09
4.9400e+03,4.0618e-09
4.9500e+03,2.9152e-09
4.9600e+03,2.4304e-09
4.9700e+03,2.7858e-09
4.9800e+03,2.9135e-09
4.9900e+03,2.9964e-09
5.0000e+03,2.4321e-09
5.0100e+03,2.4675e-09
5.0200e+03,2.8886e-09
5.0300e+03,2.8989e-09
5.0400e+03,2.6251e-09
5.0500e+03,2.9015e-09
5.0600e+03,3.0448e-09
5.0700e+03,3.1631e-09
5.0800e+03,3.2188e-09
5.0900e+03,3.1205e-09
5.1000e+03,3.1630e-09
5.1100e+03,3.1337e-09
5.1200e+03,3.0363e-09
5.1300e+03,3.3922e-09
5.1400e+03,3.2976e-09
5.1500e+03,3.3888e-09
5.1600e+03,2.8804e-09
5.1700e+03,1.9873e-09
5.1800e+03,2.3303e-09
5.1900e+03,2.8777e-09
5.2000e+03,2.7461e-09
5.2100e+03,3.1555e-09
5.2200e+03,3.7442e-09
5.2300e+03,3.5347e-09
5.2400e+03,3.5785e-09
5.2500e+03,3.5825e-09
5.2600e+03,3.4835e-09
5.2700e+03,3.5487e-09
5.2800e+03,4.0738e-09
5.2900e+03,4.1091e-09
5.3000e+03,3.9878e-09
5.3100e+03,4.0439e-09
5.3200e+03,3.9135e-09
5.3300e+03,3.9827e-09
5.3400e+03,4.1827e-09
5.3500e+03,4.3728e-09
5.3600e+03,4.4205e-09
5.3700e+03,4.5636e-09
5.3800e+03,4.8994e-09
5.3900e+03,4.8797e-09
5.4000e+03,4.7949e-09
5.4100e+03,4.7635e-09
5.4200e+03,5.0673e-09
5.4300e+03,4.9059e-09
5.4400e+03,4.8859e-09
5.4500e+03,3.9303e-09
5.4600e+03,3.5806e-09
5.4700e+03,3.8123e-09
5.4800e+03,3.8800e-09
5.4900e+03,3.8480e-09
5.5000e+03,3.4102e-09
5.5100e+03,3.1332e-09
5.5200e+03,3.0487e-09
5.5300e+03,2.8815e-09
5.5400e+03,2.7876e-09
5.5500e+03,2.7925e-09
5.5600e+03,3.1994e-09
5.5700e+03,3.7183e-09
5.5800e+03,3.7995e-09
5.5900e+03,3.6156e-09
5.6000e+03,3.4954e-09
5.6100e+03,3.4331e-09
5.6200e+03,3.4900e-09
5.6300e+03,3.4265e-09
5.6400e+03,3.4226e-09
5.6500e+03,3.7548e-09
5.6600e+03,3.7690e-09
5.6700e+03,3.8199e-09
5.6800e+03,3.8469e-09
5.6900e+03,4.0159e-09
5.7000e+03,4.0075e-09
5.7100e+03,4.3003e-09
5.7200e+03,4.1696e-09
5.7300e+03,4.3342e-09
5.7400e+03,4.8528e-09
5.7600e+03,4.7126e-09
5.7800e+03,4.2235e-09
5.8000e+03,4.0057e-09
5.8200e+03,3.4745e-09
5.8400e+03,3.6633e-09
5.8600e+03,3.2122e-09
5.8800e+03,2.2613e-09
5.9000e+03,2.0185e-09
5.9200e+03,2.8199e-09
5.9400e+03,2.8302e-09
5.9600e+03,2.8476e-09
5.9800e+03,3.4386e-09
6.0000e+03,3.5353e-09
6.0200e+03,3.7034e-09
6.0400e+03,3.7955e-09
6.0600e+03,3.9525e-09
6.0800e+03,3.8039e-09
6.1000e+03,4.1313e-09
6.1200e+03,3.9139e-09
6.1400e+03,3.7894e-09
6.1600e+03,2.8896e-09
6.1800e+03,2.4895e-09
6.2000e+03,2.4175e-09
6.2200e+03,2.3772e-09
6.2400e+03,2.5030e-09
6.2600e+03,2.7546e-09
6.2800e+03,3.1473e-09
6.3000e+03,3.5428e-09
6.3200e+03,4.4540e-09
6.3400e+03,4.7213e-09
6.3600e+03,4.5771e-09
6.3800e+03,4.4904e-09
6.4000e+03,5.1237e-09
6.4200e+03,5.4515e-09
6.4400e+03,5.7203e-09
6.4600e+03,6.2014e-09
6.4800e+03,6.2578e-09
6.5000e+03,6.4461e-09
6.5200e+03,7.1668e-09
6.5400e+03,7.4585e-09
6.5600e+03,6.9053e-09
6.5800e+03,6.5561e-09
6.6000e+03,6.0735e-09
6.6200e+03,5.4078e-09
6.6400e+03,5.0239e-09
6.6600e+03,4.7286e-09
6.6800e+03,4.4012e-09
6.7000e+03,4.1189e-09
6.7200e+03,3.8702e-09
6.7400e+03,3.8600e-09
6.7600e+03,3.9565e-09
6.7800e+03,3.7467e-09
6.8000e+03,3.8283e-09
6.8200e+03,3.9540e-09
6.8400e+03,3.7664e-09
6.8600e+03,3.9805e-09
6.8800e+03,3.8505e-09
6.9000e+03,4.3345e-09
6.9200e+03,4.9540e-09
6.9400e+03,5.6223e-09
6.9600e+03,5.7640e-09
6.9800e+03,6.3966e-09
7.0000e+03,6.7225e-09
7.0200e+03,7.4090e-09
7.0400e+03,7.2586e-09
7.0600e+03,6.5036e-09
7.0800e+03,5.5119e-09
7.1000e+03,5.0006e-09
7.1200e+03,4.8473e-09
7.1400e+03,4.3684e-09
7.1600e+03,4.8022e-09
7.1800e+03,5.2035e-09
7.2000e+03,5.5087e-09
7.2200e+03,6.1078e-09
7.2400e+03,6.6981e-09
7.2600e+03,7.4228e-09
7.2800e+03,8.2270e-09
7.3000e+03,8.8923e-09
7.3200e+03,9.5737e-09
7.3400e+03,9.9113e-09
7.3600e+03,1.0420e-08
7.3800e+03,1.0908e-08
7.4000e+03,1.0969e-08
7.4200e+03,1.1114e-08
7.4400e+03,1.1231e-08
7.4600e+03,1.1534e-08
7.4800e+03,1.1722e-08
7.5000e+03,1.1697e-08
7.5200e+03,1.1900e-08
7.5400e+03,1.2216e-08
7.5600e+03,1.2161e-08
7.5800e+03,1.0873e-08
7.6000e+03,9.8683e-09
7.6200e+03,1.0636e-08
7.6400e+03,8.7710e-09
7.6600e+03,7.9575e-09
7.6800e+03,6.8034e-09
7.7000e+03,7.5259e-09
7.7200e+03,8.4396e-09
7.7400e+03,8.4680e-09
7.7600e+03,8.2907e-09
7.7800e+03,8.6640e-09
7.8000e+03,8.8067e-09
7.8200e+03,8.9870e-09
7.8400e+03,9.0220e-09
7.8600e+03,9.4047e-09
7.8800e+03,9.9689e-09
7.9000e+03,1.0083e-08
7.9200e+03,9.9193e-09
7.9400e+03,1.0293e-08
7.9600e+03,1.0615e-08
7.9800e+03,1.1041e-08
8.0000e+03,1.1144e-08
8.0200e+03,1.1454e-08
8.0400e+03,1.2356e-08
8.0600e+03,1.2350e-08
8.0800e+03,1.2645e-08
8.1000e+03,1.2674e-08
8.1200e+03,1.2750e-08
8.1400e+03,1.2641e-08
8.1600e+03,1.1811e-08
8.1800e+03,1.1034e-08
8.2000e+03,1.1967e-08
8.2200e+03,1.2476e-08
8.2400e+03,1.2182e-08
8.2600e+03,1.2827e-08
8.2800e+03,1.1281e-08
8.3000e+03,1.2068e-08
8.3200e+03,1.2170e-08
8.3400e+03,1.2126e-08
8.3600e+03,1.2025e-08
8.3800e+03,1.1910e-08
8.4000e+03,1.1517e-08
8.4200e+03,1.1291e-08
8.4400e+03,1.0861e-08
8.4600e+03,1.0025e-08
8.4800e+03,1.0281e-08
8.5000e+03,1.0125e-08
8.5200e+03,1.0208e-08
8.5400e+03,1.0296e-08
8.5600e+03,1.0395e-08
8.5800e+03,1.1423e-08
8.6000e+03,1.1323e-08
8.6200e+03,1.0424e-08
8.6400e+03,1.0484e-08
8.6600e+03,1.0666e-08
8.6800e+03,1.0623e-08
8.7000e+03,1.0501e-08
8.7200e+03,1.1020e-08
8.7400e+03,1.1223e-08
8.7600e+03,1.1872e-08
8.7800e+03,1.1143e-08
8.8000e+03,1.1536e-08
8.8200e+03,1.0966e-08
8.8400e+03,1.1060e-08
8.8600e+03,1.0842e-08
8.8800e+03,1.0583e-08
8.9000e+03,1.0526e-08
8.9200e+03,1.0361e-08
8.9400e+03,1.0470e-08
8.9600e+03,1.0620e-08
8.9800e+03,1.0633e-08
9.0000e+03,1.0740e-08
9.0200e+03,1.1187e-08
9.0400e+03,1.1579e-08
9.0600e+03,1.0831e-08
9.0800e+03,1.1017e-08
9.1000e+03,1.1124e-08
9.1200e+03,1.1686e-08
9.1400e+03,1.1723e-08
9.1600e+03,1.1409e-08
9.1800e+03,1.1251e-08
9.2000e+03,1.1649e-08
9.2200e+03,1.1168e-08
9.2400e+03,1.0828e-08
9.2600e+03,1.0668e-08
9.2800e+03,1.0065e-08
9.3000e+03,9.5784e-09
9.3200e+03,8.4629e-09
9.3400e+03,9.5482e-09
9.3600e+03,9.2489e-09
9.3800e+03,9.5256e-09
9.4000e+03,1.0524e-08
9.4200e+03,9.2365e-09
9.4400e+03,8.8078e-09
9.4600e+03,1.0259e-08
9.4800e+03,1.0346e-08
9.5000e+03,9.7930e-09
9.5200e+03,1.0131e-08
9.5400e+03,9.9281e-09
9.5600e+03,9.7744e-09
9.5800e+03,9.7635e-09
9.6000e+03,9.7026e-09
9.6200e+03,9.9557e-09
9.6400e+03,9.5748e-09
9.6600e+03,9.9878e-09
9.6800e+03,1.0123e-08
9.7000e+03,1.0143e-08
9.7200e+03,9.9889e-09
9.7400e+03,1.0213e-08
9.7600e+03,9.8993e-09
9.7800e+03,9.4073e-09
9.8000e+03,1.0131e-08
9.8200e+03,1.0494e-08
9.8400e+03,1.0510e-08
9.8600e+03,1.0133e-08
9.8800e+03,9.8399e-09
9.9000e+03,9.0937e-09
9.9200e+03,8.7437e-09
9.9400e+03,9.2015e-09
9.9600e+03,9.3046e-09
9.9800e+03,9.1811e-09
1.0000e+04,9.3377e-09
1.0020e+04,9.6709e-09
1.0040e+04,9.2685e-09
1.0060e+04,9.4670e-09
1.0080e+04,9.9350e-09
1.0100e+04,9.9605e-09
1.0120e+04,9.4040e-09
1.0140e+04,9.2576e-09
1.0160e+04,9.6389e-09
1.0180e+04,9.5278e-09
1.0200e+04,9.1961e-09
1.0220e+04,9.3537e-09
1.0240e+04,8.9928e-09
1.0260e+04,8.2976e-09
1.0280e+04,8.8071e-09
1.0300e+04,8.7015e-09
1.0320e+04,8.8308e-09
1.0340e+04,8.8082e-09
1.0360e+04,8.9914e-09
1.0380e+04,9.0515e-09
1.0400e+04,8.7408e-09
1.0420e+04,9.0697e-09
1.0440e+04,9.1440e-09
1.0460e+04,9.6181e-09
1.0480e+04,9.0628e-09
1.0500e+04,8.6789e-09
1.0520e+04,9.0992e-09
1.0540e+04,8.9910e-09
1.0560e+04,9.5278e-09
1.0580e+04,9.2503e-09
1.0600e+04,8.9240e-09
1.0800e+04,8.8825e-09
1.1000e+04,0.0000e+00
1.1200e+04,0.0000e+00
1.1400e+04,0.0000e+00
1.1600e+04,0.0000e+00
1.1800e+04,0.0000e+00
1.2000e+04,0.0000e+00
1.2200e+04,0.0000e+00
1.2400e+04,0.0000e+00
1.2600e+04,0.0000e+00
1.2800e+04,0.0000e+00
1.3000e+04,0.0000e+00
1.3200e+04,0.0000e+00
1.3400e+04,0.0000e+00
1.3600e+04,0.0000e+00
1.3800e+04,0.0000e+00
1.4000e+04,0.0000e+00
1.4200e+04,0.0000e+00
1.4400e+04,0.0000e+00
1.4600e+04,0.0000e+00
1.4800e+04,0.0000e+00
1.5000e+04,0.0000e+00
1.5200e+04,0.0000e+00
1.5400e+04,0.0000e+00
1.5600e+04,0.0000e+00
1.5800e+04,0.0000e+00
1.6000e+04,0.0000e+00
1.6200e+04,0.0000e+00
1.6400e+04,0.0000e+00
1.6600e+04,0.0000e+00
1.6800e+04,0.0000e+00
1.7000e+04,0.0000e+00
1.7200e+04,0.0000e+00
1.7400e+04,0.0000e+00
1.7600e+04,0.0000e+00
1.7800e+04,0.0000e+00
1.8000e+04,0.0000e+00
1.8200e+04,0.0000e+00
1.8400e+04,0.0000e+00
1.8600e+04,0.0000e+00
1.8800e+04,0.0000e+00
1.9000e+04,0.0000e+00
1.9200e+04,0.0000e+00
1.9400e+04,0.0000e+00
1.9600e+04,0.0000e+00
1.9800e+04,0.0000e+00
2.0000e+04,0.0000e+00
2.0200e+04,0.0000e+00
2.0400e+04,0.0000e+00
2.0600e+04,0.0000e+00
2.0800e+04,0.0000e+00
2.1000e+04,0.0000e+00
2.1200e+04,0.0000e+00
2.1400e+04,0.0000e+00
2.1600e+04,0.0000e+00
2.1800e+04,0.0000e+00
2.2000e+04,0.0000e+00
2.2200e+04,0.0000e+00
2.2400e+04,0.0000e+00
2.2600e+04,0.0000e+00
2.2800e+04,0.0000e+00
2.3000e+04,0.0000e+00
2.3200e+04,0.0000e+00
2.3400e+04,0.0000e+00
2.3600e+04,0.0000e+00
2.3800e+04,0.0000e+00
2.4000e+04,0.0000e+00
2.4200e+04,0.0000e+00
2.4400e+04,0.0000e+00
2.4600e+04,0.0000e+00
2.4800e+04,0.0000e+00
2.5000e+04,0.0000e+00
2.5200e+04,0.0000e+00
2.5400e+04,0.0000e+00
2.5600e+04,0.0000e+00
