# wavelength, f_lambda
2.2900e+02,0.0000e+00
2.3400e+02,0.0000e+00
2.4300e+02,0.0000e+00
2.5200e+02,0.0000e+00
2.5600e+02,1.4787e-08
2.6000e+02,4.2548e-08
2.6600e+02,1.4254e-07
2.7500e+02,2.7065e-07
2.8300e+02,2.8349e-07
2.9300e+02,1.6261e-07
3.0100e+02,1.4074e-07
3.0900e+02,4.0500e-07
3.2500e+02,9.6647e-07
3.4200e+02,1.1503e-06
3.5100e+02,1.0569e-06
3.5600e+02,9.7637e-07
3.6500e+02,7.9555e-07
3.7500e+02,6.2938e-07
3.8400e+02,5.7724e-07
4.0000e+02,6.9645e-07
4.1500e+02,7.1141e-07
4.2500e+02,7.3190e-07
4.4500e+02,7.9362e-07
4.7200e+02,7.9977e-07
4.9400e+02,8.1021e-07
5.0600e+02,8.4245e-07
5.1600e+02,8.7422e-07
5.4000e+02,8.1825e-07
5.6400e+02,8.4806e-07
5.8700e+02,8.2560e-07
6.1200e+02,8.1054e-07
6.4000e+02,7.6363e-07
6.7100e+02,7.5628e-07
7.0500e+02,7.0409e-07
7.3600e+02,7.0442e-07
7.7000e+02,6.3084e-07
8.1000e+02,6.1439e-07
8.5000e+02,5.5718e-07
8.9000e+02,5.3535e-07
9.2000e+02,5.6610e-07
9.4000e+02,7.9962e-07
9.6200e+02,9.3019e-07
9.8700e+02,9.1338e-07
1.0120e+03,8.5792e-07
1.0370e+03,8.0119e-07
1.0620e+03,7.6388e-07
1.0870e+03,7.2724e-07
1.1120e+03,6.8117e-07
1.1200e+03,6.9107e-07
1.1400e+03,6.5548e-07
1.1600e+03,6.3175e-07
1.1800e+03,5.8950e-07
1.2000e+03,5.4543e-07
1.2200e+03,5.2349e-07
1.2400e+03,5.0809e-07
1.2600e+03,4.8222e-07
1.2800e+03,4.6118e-07
1.3000e+03,4.3364e-07
1.3200e+03,4.0692e-07
1.3400e+03,3.8494e-07
1.3600e+03,3.6424e-07
1.3800e+03,3.5042e-07
1.4000e+03,3.3706e-07
1.4200e+03,3.2383e-07
1.4400e+03,3.1333e-07
1.4600e+03,3.0740e-07
1.4800e+03,3.0179e-07
1.5000e+03,2.9147e-07
1.5200e+03,2.7451e-07
1.5400e+03,2.4824e-07
1.5600e+03,2.2075e-07
1.5800e+03,2.3759e-07
1.6000e+03,2.3182e-07
1.6200e+03,2.2394e-07
1.6400e+03,2.1647e-07
1.6600e+03,2.0945e-07
1.6800e+03,2.0202e-07
1.7000e+03,1.9454e-07
1.7200e+03,1.8868e-07
1.7400e+03,1.8474e-07
1.7600e+03,1.7805e-07
1.7800e+03,1.7447e-07
1.8000e+03,1.6797e-07
1.8200e+03,1.6103e-07
1.8400e+03,1.5809e-07
1.8600e+03,1.5162e-07
1.8800e+03,1.4690e-07
1.9000e+03,1.4233e-07
1.9200e+03,1.3769e-07
1.9400e+03,1.3517e-07
1.9600e+03,1.3110e-07
1.9800e+03,1.2654e-07
2.0000e+03,1.2254e-07
2.0025e+03,1.2207e-07
2.0050e+03,1.2161e-07
2.0075e+03,1.2114e-07
2.0100e+03,1.2068e-07
2.0125e+03,1.2022e-07
2.0150e+03,1.1975e-07
2.0175e+03,1.1929e-07
2.0200e+03,1.1882e-07
2.0225e+03,1.1836e-07
2.0250e+03,1.1790e-07
2.0275e+03,1.1743e-07
2.0300e+03,1.1696e-07
2.0325e+03,1.1650e-07
2.0350e+03,1.1604e-07
2.0375e+03,1.1557e-07
2.0400e+03,1.1510e-07
2.0425e+03,1.1493e-07
2.0450e+03,1.1475e-07
2.0475e+03,1.1457e-07
2.0500e+03,1.1440e-07
2.0525e+03,1.1422e-07
2.0550e+03,1.1404e-07
2.0575e+03,1.1386e-07
2.0600e+03,1.1369e-07
2.0625e+03,1.1321e-07
2.0650e+03,1.1272e-07
2.0675e+03,1.1224e-07
2.0700e+03,1.1176e-07
2.0725e+03,1.1128e-07
2.0750e+03,1.1080e-07
2.0775e+03,1.1032e-07
2.0800e+03,1.0983e-07
2.0825e+03,1.0939e-07
2.0850e+03,1.0894e-07
2.0875e+03,1.0850e-07
2.0900e+03,1.0806e-07
2.0925e+03,1.0762e-07
2.0950e+03,1.0717e-07
2.0975e+03,1.0673e-07
2.1000e+03,1.0628e-07
2.1025e+03,1.0591e-07
2.1050e+03,1.0554e-07
2.1075e+03,1.0517e-07
2.1100e+03,1.0480e-07
2.1125e+03,1.0443e-07
2.1150e+03,1.0406e-07
2.1175e+03,1.0369e-07
2.1200e+03,1.0331e-07
2.1225e+03,1.0296e-07
2.1250e+03,1.0260e-07
2.1275e+03,1.0224e-07
2.1300e+03,1.0189e-07
2.1325e+03,1.0153e-07
2.1350e+03,1.0117e-07
2.1375e+03,1.0082e-07
2.1400e+03,1.0046e-07
2.1425e+03,1.0010e-07
2.1450e+03,9.9733e-08
2.1475e+03,9.9369e-08
2.1500e+03,9.9006e-08
2.1525e+03,9.8638e-08
2.1550e+03,9.8274e-08
2.1575e+03,9.7910e-08
2.1600e+03,9.7543e-08
2.1625e+03,9.7171e-08
2.1650e+03,9.6800e-08
2.1675e+03,9.6425e-08
2.1700e+03,9.6054e-08
2.1725e+03,9.5683e-08
2.1750e+03,9.5308e-08
2.1775e+03,9.4937e-08
2.1800e+03,9.4562e-08
2.1825e+03,9.4213e-08
2.1850e+03,9.3863e-08
2.1875e+03,9.3514e-08
2.1900e+03,9.3161e-08
2.1925e+03,9.2812e-08
2.1950e+03,9.2462e-08
2.1975e+03,9.2109e-08
2.2000e+03,9.1760e-08
2.2025e+03,9.1443e-08
2.2050e+03,9.1123e-08
2.2075e+03,9.0807e-08
2.2100e+03,9.0490e-08
2.2125e+03,9.0173e-08
2.2150e+03,8.9857e-08
2.2175e+03,8.9537e-08
2.2200e+03,8.9220e-08
2.2225e+03,8.8922e-08
2.2250e+03,8.8623e-08
2.2275e+03,8.8325e-08
2.2300e+03,8.8026e-08
2.2325e+03,8.7724e-08
2.2350e+03,8.7426e-08
2.2375e+03,8.7128e-08
2.2400e+03,8.6829e-08
2.2425e+03,8.6454e-08
2.2450e+03,8.6083e-08
2.2475e+03,8.5708e-08
2.2500e+03,8.5333e-08
2.2525e+03,8.4959e-08
2.2550e+03,8.4587e-08
2.2575e+03,8.4213e-08
2.2600e+03,8.3841e-08
2.2625e+03,8.3514e-08
2.2650e+03,8.3186e-08
2.2675e+03,8.2862e-08
2.2700e+03,8.2535e-08
2.2725e+03,8.2211e-08
2.2750e+03,8.1884e-08
2.2775e+03,8.1560e-08
2.2800e+03,8.1232e-08
2.2825e+03,8.0919e-08
2.2850e+03,8.0606e-08
2.2875e+03,8.0293e-08
2.2900e+03,7.9980e-08
2.2925e+03,7.9667e-08
2.2950e+03,7.9354e-08
2.2975e+03,7.9041e-08
2.3000e+03,7.8732e-08
2.3025e+03,7.8459e-08
2.3050e+03,7.8190e-08
2.3075e+03,7.7924e-08
2.3100e+03,7.7655e-08
2.3125e+03,7.7386e-08
2.3150e+03,7.7116e-08
2.3175e+03,7.6847e-08
2.3200e+03,7.6578e-08
2.3225e+03,7.6356e-08
2.3250e+03,7.6137e-08
2.3275e+03,7.5915e-08
2.3300e+03,7.5697e-08
2.3325e+03,7.5479e-08
2.3350e+03,7.5257e-08
2.3375e+03,7.5038e-08
2.3400e+03,7.4820e-08
2.3425e+03,7.4547e-08
2.3450e+03,7.4274e-08
2.3475e+03,7.4005e-08
2.3500e+03,7.3732e-08
2.3525e+03,7.3459e-08
2.3550e+03,7.3190e-08
2.3575e+03,7.2917e-08
2.3600e+03,7.2644e-08
2.3625e+03,7.2280e-08
2.3650e+03,7.1916e-08
2.3675e+03,7.1552e-08
2.3700e+03,7.1192e-08
2.3725e+03,7.0828e-08
2.3750e+03,7.0464e-08
2.3775e+03,7.0100e-08
2.3800e+03,6.9736e-08
2.3825e+03,6.9503e-08
2.3850e+03,6.9274e-08
2.3875e+03,6.9041e-08
2.3900e+03,6.8808e-08
2.3925e+03,6.8575e-08
2.3950e+03,6.8342e-08
2.3975e+03,6.8110e-08
2.4000e+03,6.7877e-08
2.4025e+03,6.7687e-08
2.4050e+03,6.7495e-08
2.4075e+03,6.7305e-08
2.4100e+03,6.7112e-08
2.4125e+03,6.6923e-08
2.4150e+03,6.6734e-08
2.4175e+03,6.6541e-08
2.4200e+03,6.6352e-08
2.4225e+03,6.6112e-08
2.4250e+03,6.5875e-08
2.4275e+03,6.5639e-08
2.4300e+03,6.5402e-08
2.4325e+03,6.5165e-08
2.4350e+03,6.4929e-08
2.4375e+03,6.4689e-08
2.4400e+03,6.4452e-08
2.4425e+03,6.4248e-08
2.4450e+03,6.4041e-08
2.4475e+03,6.3837e-08
2.4500e+03,6.3633e-08
2.4525e+03,6.3426e-08
2.4550e+03,6.3222e-08
2.4575e+03,6.3015e-08
2.4600e+03,6.2811e-08
2.4625e+03,6.2462e-08
2.4650e+03,6.2116e-08
2.4675e+03,6.1767e-08
2.4700e+03,6.1417e-08
2.4725e+03,6.1071e-08
2.4750e+03,6.0722e-08
2.4775e+03,6.0373e-08
2.4800e+03,6.0027e-08
2.4825e+03,5.9794e-08
2.4850e+03,5.9565e-08
2.4875e+03,5.9332e-08
2.4900e+03,5.9103e-08
2.4925e+03,5.8870e-08
2.4950e+03,5.8641e-08
2.4975e+03,5.8408e-08
2.5000e+03,5.8178e-08
2.5025e+03,5.8029e-08
2.5050e+03,5.7876e-08
2.5075e+03,5.7727e-08
2.5100e+03,5.7578e-08
2.5125e+03,5.7425e-08
2.5150e+03,5.7276e-08
2.5175e+03,5.7123e-08
2.5200e+03,5.6974e-08
2.5225e+03,5.6887e-08
2.5250e+03,5.6796e-08
2.5275e+03,5.6708e-08
2.5300e+03,5.6621e-08
2.5325e+03,5.6530e-08
2.5350e+03,5.6443e-08
2.5375e+03,5.6355e-08
2.5400e+03,5.6264e-08
2.5425e+03,5.6086e-08
2.5450e+03,5.5908e-08
2.5475e+03,5.5729e-08
2.5500e+03,5.5547e-08
2.5525e+03,5.5369e-08
2.5550e+03,5.5191e-08
2.5575e+03,5.5012e-08
2.5600e+03,5.4830e-08
2.5625e+03,5.4638e-08
2.5650e+03,5.4441e-08
2.5675e+03,5.4245e-08
2.5700e+03,5.4048e-08
2.5725e+03,5.3852e-08
2.5750e+03,5.3655e-08
2.5775e+03,5.3462e-08
2.5800e+03,5.3266e-08
2.5825e+03,5.3087e-08
2.5850e+03,5.2909e-08
2.5875e+03,5.2731e-08
2.5900e+03,5.2552e-08
2.5925e+03,5.2374e-08
2.5950e+03,5.2196e-08
2.5975e+03,5.2017e-08
2.6000e+03,5.1843e-08
2.6025e+03,5.1675e-08
2.6050e+03,5.1512e-08
2.6075e+03,5.1348e-08
2.6100e+03,5.1180e-08
2.6125e+03,5.1017e-08
2.6150e+03,5.0849e-08
2.6175e+03,5.0685e-08
2.6200e+03,5.0522e-08
2.6225e+03,5.0358e-08
2.6250e+03,5.0198e-08
2.6275e+03,5.0038e-08
2.6300e+03,4.9878e-08
2.6325e+03,4.9714e-08
2.6350e+03,4.9554e-08
2.6375e+03,4.9394e-08
2.6400e+03,4.9233e-08
2.6425e+03,4.9073e-08
2.6450e+03,4.8917e-08
2.6475e+03,4.8760e-08
2.6500e+03,4.8604e-08
2.6525e+03,4.8447e-08
2.6550e+03,4.8291e-08
2.6575e+03,4.8134e-08
2.6600e+03,4.7978e-08
2.6625e+03,4.7807e-08
2.6650e+03,4.7636e-08
2.6675e+03,4.7465e-08
2.6700e+03,4.7290e-08
2.6725e+03,4.7119e-08
2.6750e+03,4.6948e-08
2.6775e+03,4.6777e-08
2.6800e+03,4.6606e-08
2.6825e+03,4.6464e-08
2.6850e+03,4.6322e-08
2.6875e+03,4.6180e-08
2.6900e+03,4.6038e-08
2.6925e+03,4.5893e-08
2.6950e+03,4.5751e-08
2.6975e+03,4.5609e-08
2.7000e+03,4.5467e-08
2.7025e+03,4.5318e-08
2.7050e+03,4.5172e-08
2.7075e+03,4.5023e-08
2.7100e+03,4.4874e-08
2.7125e+03,4.4725e-08
2.7150e+03,4.4579e-08
2.7175e+03,4.4430e-08
2.7200e+03,4.4281e-08
2.7225e+03,4.4113e-08
2.7250e+03,4.3942e-08
2.7275e+03,4.3771e-08
2.7300e+03,4.3604e-08
2.7325e+03,4.3433e-08
2.7350e+03,4.3265e-08
2.7375e+03,4.3094e-08
2.7400e+03,4.2923e-08
2.7425e+03,4.2829e-08
2.7450e+03,4.2730e-08
2.7475e+03,4.2632e-08
2.7500e+03,4.2534e-08
2.7525e+03,4.2436e-08
2.7550e+03,4.2337e-08
2.7575e+03,4.2239e-08
2.7600e+03,4.2141e-08
2.7625e+03,4.2003e-08
2.7650e+03,4.1864e-08
2.7675e+03,4.1726e-08
2.7700e+03,4.1588e-08
2.7725e+03,4.1449e-08
2.7750e+03,4.1311e-08
2.7775e+03,4.1173e-08
2.7800e+03,4.1035e-08
2.7825e+03,4.0907e-08
2.7850e+03,4.0780e-08
2.7875e+03,4.0652e-08
2.7900e+03,4.0521e-08
2.7925e+03,4.0394e-08
2.7950e+03,4.0267e-08
2.7975e+03,4.0139e-08
2.8000e+03,4.0012e-08
2.8025e+03,3.9888e-08
2.8050e+03,3.9768e-08
2.8075e+03,3.9644e-08
2.8100e+03,3.9524e-08
2.8125e+03,3.9401e-08
2.8150e+03,3.9281e-08
2.8175e+03,3.9157e-08
2.8200e+03,3.9037e-08
2.8225e+03,3.8913e-08
2.8250e+03,3.8789e-08
2.8275e+03,3.8666e-08
2.8300e+03,3.8542e-08
2.8325e+03,3.8422e-08
2.8350e+03,3.8298e-08
2.8375e+03,3.8174e-08
2.8400e+03,3.8051e-08
2.8425e+03,3.7938e-08
2.8450e+03,3.7825e-08
2.8475e+03,3.7712e-08
2.8500e+03,3.7599e-08
2.8525e+03,3.7486e-08
2.8550e+03,3.7374e-08
2.8575e+03,3.7261e-08
2.8600e+03,3.7148e-08
2.8625e+03,3.7039e-08
2.8650e+03,3.6930e-08
2.8675e+03,3.6820e-08
2.8700e+03,3.6711e-08
2.8725e+03,3.6602e-08
2.8750e+03,3.6493e-08
2.8775e+03,3.6382e-08
2.8800e+03,3.6272e-08
2.8825e+03,3.6165e-08
2.8850e+03,3.6058e-08
2.8875e+03,3.5951e-08
2.8900e+03,3.5844e-08
2.8925e+03,3.5737e-08
2.8950e+03,3.5629e-08
2.8975e+03,3.5522e-08
2.9000e+03,3.5415e-08
2.9025e+03,3.5307e-08
2.9050e+03,3.5199e-08
2.9075e+03,3.5091e-08
2.9100e+03,3.4983e-08
2.9125e+03,3.4875e-08
2.9150e+03,3.4767e-08
2.9175e+03,3.4660e-08
2.9200e+03,3.4552e-08
2.9225e+03,3.4443e-08
2.9250e+03,3.4334e-08
2.9275e+03,3.4224e-08
2.9300e+03,3.4116e-08
2.9325e+03,3.4006e-08
2.9350e+03,3.3897e-08
2.9375e+03,3.3788e-08
2.9400e+03,3.3679e-08
2.9425e+03,3.3579e-08
2.9450e+03,3.3480e-08
2.9475e+03,3.3380e-08
2.9500e+03,3.3280e-08
2.9525e+03,3.3181e-08
2.9550e+03,3.3081e-08
2.9575e+03,3.2981e-08
2.9600e+03,3.2882e-08
2.9625e+03,3.2778e-08
2.9650e+03,3.2674e-08
2.9675e+03,3.2571e-08
2.9700e+03,3.2467e-08
2.9725e+03,3.2364e-08
2.9750e+03,3.2260e-08
2.9775e+03,3.2156e-08
2.9800e+03,3.2053e-08
2.9825e+03,3.1951e-08
2.9850e+03,3.1849e-08
2.9875e+03,3.1747e-08
2.9900e+03,3.1645e-08
2.9925e+03,3.1543e-08
2.9950e+03,3.1441e-08
2.9975e+03,3.1339e-08
3.0000e+03,3.1237e-08
3.0025e+03,3.1143e-08
3.0050e+03,3.1050e-08
3.0075e+03,3.0956e-08
3.0100e+03,3.0861e-08
3.0125e+03,3.0768e-08
3.0150e+03,3.0674e-08
3.0175e+03,3.0580e-08
3.0200e+03,3.0486e-08
3.0225e+03,3.0403e-08
3.0250e+03,3.0321e-08
3.0275e+03,3.0238e-08
3.0300e+03,3.0156e-08
3.0325e+03,3.0073e-08
3.0350e+03,2.9991e-08
3.0375e+03,2.9908e-08
3.0400e+03,2.9826e-08
3.0425e+03,2.9751e-08
3.0450e+03,2.9676e-08
3.0475e+03,2.9602e-08
3.0500e+03,2.9527e-08
3.0525e+03,2.9452e-08
3.0550e+03,2.9377e-08
3.0575e+03,2.9302e-08
3.0600e+03,2.9227e-08
3.0625e+03,2.9142e-08
3.0650e+03,2.9058e-08
3.0675e+03,2.8973e-08
3.0700e+03,2.8888e-08
3.0725e+03,2.8803e-08
3.0750e+03,2.8718e-08
3.0775e+03,2.8633e-08
3.0800e+03,2.8548e-08
3.0825e+03,2.8464e-08
3.0850e+03,2.8380e-08
3.0875e+03,2.8295e-08
3.0900e+03,2.8211e-08
3.0925e+03,2.8126e-08
3.0950e+03,2.8042e-08
3.0975e+03,2.7957e-08
3.1000e+03,2.7873e-08
3.1025e+03,2.7791e-08
3.1050e+03,2.7708e-08
3.1075e+03,2.7626e-08
3.1100e+03,2.7543e-08
3.1125e+03,2.7461e-08
3.1150e+03,2.7378e-08
3.1175e+03,2.7296e-08
3.1200e+03,2.7213e-08
3.1225e+03,2.7134e-08
3.1250e+03,2.7056e-08
3.1275e+03,2.6977e-08
3.1300e+03,2.6898e-08
3.1325e+03,2.6819e-08
3.1350e+03,2.6740e-08
3.1375e+03,2.6661e-08
3.1400e+03,2.6582e-08
3.1425e+03,2.6516e-08
3.1450e+03,2.6449e-08
3.1475e+03,2.6382e-08
3.1500e+03,2.6315e-08
3.1525e+03,2.6249e-08
3.1550e+03,2.6182e-08
3.1575e+03,2.6116e-08
3.1600e+03,2.6049e-08
3.1625e+03,2.5978e-08
3.1650e+03,2.5908e-08
3.1675e+03,2.5838e-08
3.1700e+03,2.5767e-08
3.1725e+03,2.5697e-08
3.1750e+03,2.5626e-08
3.1775e+03,2.5556e-08
3.1800e+03,2.5485e-08
3.1825e+03,2.5398e-08
3.1850e+03,2.5310e-08
3.1875e+03,2.5222e-08
3.1900e+03,2.5134e-08
3.1925e+03,2.5046e-08
3.1950e+03,2.4958e-08
3.1975e+03,2.4870e-08
3.2000e+03,2.4782e-08
3.2025e+03,2.4708e-08
3.2050e+03,2.4635e-08
3.2075e+03,2.4561e-08
3.2100e+03,2.4487e-08
3.2125e+03,2.4413e-08
3.2150e+03,2.4339e-08
3.2175e+03,2.4266e-08
3.2200e+03,2.4192e-08
3.2225e+03,2.4147e-08
3.2250e+03,2.4101e-08
3.2275e+03,2.4056e-08
3.2300e+03,2.4011e-08
3.2325e+03,2.3966e-08
3.2350e+03,2.3921e-08
3.2375e+03,2.3875e-08
3.2400e+03,2.3830e-08
3.2600e+03,2.5108e-08
3.2700e+03,2.3223e-08
3.2800e+03,2.3022e-08
3.2900e+03,2.2100e-08
3.3000e+03,2.1956e-08
3.3100e+03,2.1942e-08
3.3200e+03,2.1653e-08
3.3300e+03,2.2228e-08
3.3400e+03,2.1297e-08
3.3500e+03,2.1015e-08
3.3600e+03,2.0891e-08
3.3700e+03,2.0279e-08
3.3800e+03,2.0358e-08
3.3900e+03,2.0144e-08
3.4000e+03,1.9632e-08
3.4100e+03,1.9517e-08
3.4200e+03,1.9598e-08
3.4300e+03,1.9105e-08
3.4400e+03,1.8865e-08
3.4500e+03,1.8657e-08
3.4600e+03,1.8430e-08
3.4700e+03,1.8333e-08
3.4800e+03,1.7941e-08
3.4900e+03,1.8008e-08
3.5000e+03,1.7879e-08
3.5100e+03,1.7918e-08
3.5200e+03,1.7562e-08
3.5300e+03,1.7515e-08
3.5400e+03,1.7242e-08
3.5500e+03,1.6758e-08
3.5600e+03,1.6647e-08
3.5700e+03,1.6860e-08
3.5800e+03,1.6563e-08
3.5900e+03,1.6614e-08
3.6000e+03,1.6639e-08
3.6100e+03,1.6522e-08
3.6200e+03,1.6175e-08
3.6300e+03,1.6093e-08
3.6400e+03,1.5850e-08
3.6500e+03,1.6121e-08
3.6600e+03,1.5571e-08
3.6700e+03,1.5269e-08
3.6800e+03,1.5066e-08
3.6900e+03,1.4777e-08
3.7000e+03,1.4452e-08
3.7100e+03,1.4121e-08
3.7200e+03,1.4100e-08
3.7300e+03,1.4064e-08
3.7400e+03,1.4105e-08
3.7500e+03,1.4007e-08
3.7600e+03,1.3564e-08
3.7700e+03,1.3874e-08
3.7800e+03,1.3930e-08
3.7900e+03,1.3720e-08
3.8000e+03,1.3566e-08
3.8100e+03,1.3861e-08
3.8200e+03,1.3714e-08
3.8300e+03,1.3199e-08
3.8400e+03,1.3100e-08
3.8500e+03,1.3076e-08
3.8600e+03,1.3183e-08
3.8700e+03,1.2760e-08
3.8800e+03,1.2211e-08
3.8900e+03,1.2019e-08
3.9000e+03,1.2265e-08
3.9100e+03,1.2401e-08
3.9200e+03,1.2253e-08
3.9300e+03,1.2029e-08
3.9400e+03,1.2003e-08
3.9500e+03,1.2158e-08
3.9600e+03,1.1695e-08
3.9700e+03,1.1333e-08
3.9800e+03,1.1825e-08
3.9900e+03,1.2086e-08
4.0000e+03,1.2114e-08
4.0100e+03,1.2006e-08
4.0200e+03,1.1624e-08
4.0300e+03,1.1473e-08
4.0400e+03,1.1635e-08
4.0500e+03,1.1757e-08
4.0600e+03,1.1646e-08
4.0700e+03,1.1596e-08
4.0800e+03,1.1402e-08
4.0900e+03,1.0918e-08
4.1000e+03,1.0477e-08
4.1100e+03,1.0947e-08
4.1200e+03,1.1431e-08
4.1300e+03,1.1662e-08
4.1400e+03,1.1144e-08
4.1500e+03,1.0882e-08
4.1600e+03,1.0773e-08
4.1700e+03,1.0659e-08
4.1800e+03,1.0552e-08
4.1900e+03,1.0286e-08
4.2000e+03,9.9413e-09
4.2100e+03,1.0280e-08
4.2200e+03,1.0231e-08
4.2300e+03,1.0007e-08
4.2400e+03,9.9235e-09
4.2500e+03,9.9610e-09
4.2600e+03,9.7470e-09
4.2700e+03,9.7546e-09
4.2800e+03,9.7746e-09
4.2900e+03,9.7470e-09
4.3000e+03,9.6720e-09
4.3100e+03,9.4464e-09
4.3200e+03,9.4955e-09
4.3300e+03,9.0865e-09
4.3400e+03,8.6647e-09
4.3500e+03,8.8372e-09
4.3600e+03,9.0821e-09
4.3700e+03,9.0290e-09
4.3800e+03,8.8521e-09
4.3900e+03,8.5810e-09
4.4000e+03,8.5756e-09
4.4100e+03,8.6316e-09
4.4200e+03,8.4314e-09
4.4300e+03,8.2826e-09
4.4400e+03,8.2455e-09
4.4500e+03,8.3237e-09
4.4600e+03,8.0788e-09
4.4700e+03,7.8747e-09
4.4800e+03,7.9853e-09
4.4900e+03,8.0202e-09
4.5000e+03,8.0217e-09
4.5100e+03,7.6287e-09
4.5200e+03,7.4886e-09
4.5300e+03,7.5031e-09
4.5400e+03,7.4070e-09
4.5500e+03,7.4318e-09
4.5600e+03,7.4729e-09
4.5700e+03,7.3616e-09
4.5800e+03,7.3041e-09
4.5900e+03,7.2669e-09
4.6000e+03,7.2149e-09
4.6100e+03,7.3830e-09
4.6200e+03,7.3357e-09
4.6300e+03,7.5271e-09
4.6400e+03,7.6207e-09
4.6500e+03,7.3470e-09
4.6600e+03,7.1305e-09
4.6700e+03,7.0151e-09
4.6800e+03,7.0544e-09
4.6900e+03,6.9947e-09
4.7000e+03,6.8717e-09
4.7100e+03,6.7007e-09
4.7200e+03,6.6676e-09
4.7300e+03,6.6443e-09
4.7400e+03,6.5821e-09
4.7500e+03,6.5307e-09
4.7600e+03,6.4936e-09
4.7700e+03,6.4947e-09
4.7800e+03,6.4012e-09
4.7900e+03,6.1949e-09
4.8000e+03,6.1690e-09
4.8100e+03,6.1290e-09
4.8200e+03,6.0668e-09
4.8300e+03,5.9576e-09
4.8400e+03,5.8266e-09
4.8500e+03,5.7007e-09
4.8600e+03,5.4845e-09
4.8700e+03,5.5493e-09
4.8800e+03,5.6355e-09
4.8900e+03,5.6490e-09
4.9000e+03,5.5897e-09
4.9100e+03,5.5129e-09
4.9200e+03,5.4368e-09
4.9300e+03,5.5082e-09
4.9400e+03,5.4015e-09
4.9500e+03,5.3444e-09
4.9600e+03,5.2785e-09
4.9700e+03,5.2312e-09
4.9800e+03,5.2057e-09
4.9900e+03,5.1675e-09
5.0000e+03,5.1424e-09
5.0100e+03,5.0958e-09
5.0200e+03,5.0242e-09
5.0300e+03,5.0041e-09
5.0400e+03,4.9455e-09
5.0500e+03,4.8964e-09
5.0600e+03,4.8855e-09
5.0700e+03,4.8451e-09
5.0800e+03,4.8346e-09
5.0900e+03,4.7527e-09
5.1000e+03,4.6923e-09
5.1100e+03,4.6326e-09
5.1200e+03,4.6431e-09
5.1300e+03,4.6333e-09
5.1400e+03,4.6071e-09
5.1500e+03,4.5773e-09
5.1600e+03,4.5674e-09
5.1700e+03,4.4728e-09
5.1800e+03,4.5001e-09
5.1900e+03,4.3979e-09
5.2000e+03,4.4412e-09
5.2100e+03,4.3123e-09
5.2200e+03,4.2840e-09
5.2300e+03,4.2556e-09
5.2400e+03,4.1999e-09
5.2500e+03,4.2548e-09
5.2600e+03,4.2152e-09
5.2700e+03,4.1715e-09
5.2800e+03,4.1366e-09
5.2900e+03,4.1013e-09
5.3000e+03,4.0627e-09
5.3100e+03,4.0707e-09
5.3200e+03,4.0281e-09
5.3300e+03,4.0168e-09
5.3400e+03,3.9717e-09
5.3500e+03,3.9455e-09
5.3600e+03,3.8778e-09
5.3700e+03,3.9160e-09
5.3800e+03,3.8713e-09
5.3900e+03,3.8571e-09
5.4000e+03,3.8058e-09
5.4100e+03,3.7137e-09
5.4200e+03,3.6944e-09
5.4300e+03,3.7599e-09
5.4400e+03,3.7461e-09
5.4500e+03,3.6551e-09
5.4600e+03,3.6288e-09
5.4700e+03,3.5887e-09
5.4800e+03,3.5456e-09
5.4900e+03,3.5583e-09
5.5000e+03,3.5300e-09
5.5100e+03,3.5468e-09
5.5200e+03,3.5101e-09
5.5300e+03,3.5152e-09
5.5400e+03,3.4933e-09
5.5500e+03,3.4543e-09
5.5600e+03,3.4577e-09
5.5700e+03,3.4610e-09
5.5800e+03,3.4539e-09
5.5900e+03,3.3835e-09
5.6000e+03,3.3216e-09
5.6100e+03,3.3449e-09
5.6200e+03,3.3272e-09
5.6300e+03,3.3458e-09
5.6400e+03,3.3207e-09
5.6500e+03,3.2950e-09
5.6600e+03,3.2702e-09
5.6700e+03,3.2451e-09
5.6800e+03,3.2206e-09
5.6900e+03,3.1962e-09
5.7000e+03,3.1723e-09
5.7100e+03,3.1482e-09
5.7200e+03,3.1242e-09
5.7300e+03,3.1011e-09
5.7400e+03,3.0778e-09
5.7600e+03,2.9936e-09
5.7800e+03,2.8904e-09
5.8000e+03,2.8941e-09
5.8200e+03,2.8880e-09
5.8400e+03,2.8240e-09
5.8600e+03,2.7289e-09
5.8800e+03,2.7087e-09
5.9000e+03,2.7269e-09
5.9200e+03,2.7274e-09
5.9400e+03,2.6752e-09
5.9600e+03,2.6274e-09
5.9800e+03,2.5779e-09
6.0000e+03,2.5300e-09
6.0200e+03,2.5009e-09
6.0400e+03,2.4904e-09
6.0600e+03,2.4716e-09
6.0800e+03,2.4515e-09
6.1000e+03,2.4308e-09
6.1200e+03,2.4251e-09
6.1400e+03,2.3655e-09
6.1600e+03,2.3070e-09
6.1800e+03,2.2574e-09
6.2000e+03,2.2544e-09
6.2200e+03,2.2784e-09
6.2400e+03,2.2418e-09
6.2600e+03,2.1751e-09
6.2800e+03,2.1244e-09
6.3000e+03,2.1158e-09
6.3200e+03,2.1047e-09
6.3400e+03,2.0960e-09
6.3600e+03,2.0866e-09
6.3800e+03,2.0631e-09
6.4000e+03,2.0251e-09
6.4200e+03,1.9946e-09
6.4400e+03,1.9654e-09
6.4600e+03,1.9374e-09
6.4800e+03,1.8991e-09
6.5000e+03,1.8926e-09
6.5200e+03,1.8771e-09
6.5400e+03,1.9670e-09
6.5600e+03,2.0297e-09
6.5800e+03,1.9424e-09
6.6000e+03,1.8696e-09
6.6200e+03,1.8169e-09
6.6400e+03,1.7769e-09
6.6600e+03,1.6867e-09
6.6800e+03,1.6817e-09
6.7000e+03,1.7237e-09
6.7200e+03,1.6892e-09
6.7400e+03,1.6517e-09
6.7600e+03,1.6367e-09
6.7800e+03,1.6346e-09
6.8000e+03,1.5928e-09
6.8200e+03,1.5910e-09
6.8400e+03,1.5977e-09
6.8600e+03,1.5138e-09
6.8800e+03,1.4633e-09
6.9000e+03,1.4671e-09
6.9200e+03,1.5092e-09
6.9400e+03,1.4959e-09
6.9600e+03,1.4817e-09
6.9800e+03,1.4711e-09
7.0000e+03,1.4169e-09
7.0200e+03,1.4119e-09
7.0400e+03,1.3726e-09
7.0600e+03,1.3480e-09
7.0800e+03,1.3385e-09
7.1000e+03,1.3460e-09
7.1200e+03,1.3248e-09
7.1400e+03,1.3065e-09
7.1600e+03,1.2700e-09
7.1800e+03,1.2680e-09
7.2000e+03,1.2762e-09
7.2200e+03,1.2448e-09
7.2400e+03,1.2375e-09
7.2600e+03,1.2107e-09
7.2800e+03,1.2080e-09
7.3000e+03,1.2293e-09
7.3200e+03,1.2033e-09
7.3400e+03,1.1776e-09
7.3600e+03,1.1576e-09
7.3800e+03,1.1322e-09
7.4000e+03,1.1191e-09
7.4200e+03,1.1242e-09
7.4400e+03,1.0950e-09
7.4600e+03,1.0878e-09
7.4800e+03,1.0857e-09
7.5000e+03,1.0978e-09
7.5200e+03,1.0741e-09
7.5400e+03,1.0745e-09
7.5600e+03,1.1012e-09
7.5800e+03,1.0041e-09
7.6000e+03,8.5799e-10
7.6200e+03,1.0029e-09
7.6400e+03,1.0540e-09
7.6600e+03,1.0219e-09
7.6800e+03,9.3780e-10
7.7000e+03,9.4755e-10
7.7200e+03,9.7692e-10
7.7400e+03,9.6953e-10
7.7600e+03,9.5607e-10
7.7800e+03,9.4897e-10
7.8000e+03,9.3732e-10
7.8200e+03,9.4107e-10
7.8400e+03,9.1986e-10
7.8600e+03,9.1098e-10
7.8800e+03,8.8623e-10
7.9000e+03,8.6312e-10
7.9200e+03,8.8892e-10
7.9400e+03,8.6858e-10
7.9600e+03,8.7655e-10
7.9800e+03,8.2204e-10
8.0000e+03,8.5035e-10
8.0200e+03,8.4307e-10
8.0400e+03,8.3736e-10
8.0600e+03,8.2535e-10
8.0800e+03,8.2975e-10
8.1000e+03,8.0464e-10
8.1200e+03,7.8998e-10
8.1400e+03,8.1822e-10
8.1600e+03,7.8845e-10
8.1800e+03,7.6854e-10
8.2000e+03,8.0435e-10
8.2200e+03,7.7891e-10
8.2400e+03,7.5642e-10
8.2600e+03,7.5912e-10
8.2800e+03,7.6989e-10
8.3000e+03,7.3641e-10
8.3200e+03,7.1512e-10
8.3400e+03,7.5260e-10
8.3600e+03,7.1126e-10
8.3800e+03,7.2859e-10
8.4000e+03,7.0173e-10
8.4200e+03,7.3394e-10
8.4400e+03,7.1261e-10
8.4600e+03,7.1701e-10
8.4800e+03,6.4143e-10
8.5000e+03,6.6698e-10
8.5200e+03,6.9063e-10
8.5400e+03,6.5821e-10
8.5600e+03,6.5500e-10
8.5800e+03,6.6315e-10
8.6000e+03,6.2585e-10
8.6200e+03,6.1916e-10
8.6400e+03,6.6883e-10
8.6600e+03,6.5358e-10
8.6800e+03,6.3441e-10
8.7000e+03,6.1774e-10
8.7200e+03,6.1217e-10
8.7400e+03,6.1919e-10
8.7600e+03,6.0023e-10
8.7800e+03,6.1737e-10
8.8000e+03,6.0897e-10
8.8200e+03,6.2294e-10
8.8400e+03,5.8692e-10
8.8600e+03,5.7818e-10
8.8800e+03,5.6057e-10
8.9000e+03,5.8892e-10
8.9200e+03,5.6417e-10
8.9400e+03,5.9085e-10
8.9600e+03,5.6887e-10
8.9800e+03,5.4172e-10
9.0000e+03,5.2603e-10
9.0200e+03,5.3877e-10
9.0400e+03,5.6483e-10
9.0600e+03,5.4023e-10
9.0800e+03,5.3917e-10
9.1000e+03,5.3156e-10
9.1200e+03,5.3524e-10
9.1400e+03,5.0056e-10
9.1600e+03,4.8466e-10
9.1800e+03,4.9619e-10
9.2000e+03,5.1650e-10
9.2200e+03,4.8578e-10
9.2400e+03,4.6777e-10
9.2600e+03,4.7272e-10
9.2800e+03,5.0685e-10
9.3000e+03,4.8437e-10
9.3200e+03,4.1802e-10
9.3400e+03,5.1730e-10
9.3600e+03,4.6901e-10
9.3800e+03,4.7822e-10
9.4000e+03,5.1330e-10
9.4200e+03,4.4503e-10
9.4400e+03,3.5860e-10
9.4600e+03,4.6253e-10
9.4800e+03,4.7301e-10
9.5000e+03,4.0860e-10
9.5200e+03,4.3262e-10
9.5400e+03,4.2534e-10
9.5600e+03,3.5785e-10
9.5800e+03,4.5456e-10
9.6000e+03,4.1755e-10
9.6200e+03,4.4197e-10
9.6400e+03,4.2614e-10
9.6600e+03,4.4834e-10
9.6800e+03,4.3411e-10
9.7000e+03,4.4084e-10
9.7200e+03,4.1457e-10
9.7400e+03,4.0736e-10
9.7600e+03,4.1573e-10
9.7800e+03,4.0984e-10
9.8000e+03,4.0249e-10
9.8200e+03,4.1348e-10
9.8400e+03,3.8218e-10
9.8600e+03,3.9335e-10
9.8800e+03,3.7788e-10
9.9000e+03,3.7203e-10
9.9200e+03,4.0023e-10
9.9400e+03,3.7232e-10
9.9600e+03,3.8036e-10
9.9800e+03,3.5682e-10
1.0000e+04,3.7017e-10
1.0020e+04,3.4153e-10
1.0040e+04,3.4050e-10
1.0060e+04,3.5439e-10
1.0080e+04,3.4913e-10
1.0100e+04,3.3264e-10
1.0120e+04,3.3068e-10
1.0140e+04,3.2252e-10
1.0160e+04,3.2093e-10
1.0180e+04,3.0669e-10
1.0200e+04,3.2990e-10
1.0220e+04,3.0626e-10
1.0240e+04,3.3147e-10
1.0260e+04,3.1018e-10
1.0280e+04,2.9386e-10
1.0300e+04,3.0910e-10
1.0320e+04,2.9913e-10
1.0340e+04,2.8447e-10
1.0360e+04,2.8813e-10
1.0380e+04,2.8913e-10
1.0400e+04,2.8421e-10
1.0420e+04,2.8962e-10
1.0440e+04,2.6809e-10
1.0460e+04,2.9048e-10
1.0480e+04,2.9016e-10
1.0500e+04,2.9547e-10
1.0520e+04,2.8649e-10
1.0540e+04,2.6068e-10
1.0560e+04,2.6515e-10
1.0580e+04,2.7007e-10
1.0600e+04,2.6746e-10
1.0800e+04,2.4746e-10
1.1000e+04,2.3020e-10
1.1200e+04,2.1514e-10
1.1400e+04,2.0181e-10
1.1600e+04,1.8985e-10
1.1800e+04,1.7896e-10
1.2000e+04,1.6886e-10
1.2200e+04,1.5937e-10
1.2400e+04,1.5032e-10
1.2600e+04,1.4132e-10
1.2800e+04,1.3318e-10
1.3000e+04,1.2561e-10
1.3200e+04,1.1857e-10
1.3400e+04,1.1203e-10
1.3600e+04,1.0592e-10
1.3800e+04,1.0022e-10
1.4000e+04,9.4904e-11
1.4200e+04,8.9930e-11
1.4400e+04,8.5282e-11
1.4600e+04,8.0926e-11
1.4800e+04,7.6847e-11
1.5000e+04,7.3019e-11
1.5200e+04,6.9427e-11
1.5400e+04,6.6057e-11
1.5600e+04,6.2887e-11
1.5800e+04,5.9903e-11
1.6000e+04,5.7094e-11
1.6200e+04,5.4448e-11
1.6400e+04,5.1952e-11
1.6600e+04,4.9597e-11
1.6800e+04,4.7378e-11
1.7000e+04,4.5278e-11
1.7200e+04,4.3294e-11
1.7400e+04,4.1417e-11
1.7600e+04,3.9644e-11
1.7800e+04,3.7960e-11
1.8000e+04,3.6367e-11
1.8200e+04,3.4854e-11
1.8400e+04,3.3423e-11
1.8600e+04,3.2062e-11
1.8800e+04,3.0769e-11
1.9000e+04,2.9542e-11
1.9200e+04,2.8374e-11
1.9400e+04,2.7264e-11
1.9600e+04,2.6208e-11
1.9800e+04,2.5202e-11
2.0000e+04,2.4244e-11
2.0200e+04,2.3331e-11
2.0400e+04,2.2461e-11
2.0600e+04,2.1631e-11
2.0800e+04,2.0839e-11
2.1000e+04,2.0082e-11
2.1200e+04,1.9360e-11
2.1400e+04,1.8670e-11
2.1600e+04,1.8010e-11
2.1800e+04,1.7380e-11
2.2000e+04,1.6776e-11
2.2200e+04,1.6199e-11
2.2400e+04,1.5646e-11
2.2600e+04,1.5116e-11
2.2800e+04,1.4609e-11
2.3000e+04,1.4123e-11
2.3200e+04,1.3657e-11
2.3400e+04,1.3210e-11
2.3600e+04,1.2781e-11
2.3800e+04,1.2369e-11
2.4000e+04,1.1974e-11
2.4200e+04,1.1594e-11
2.4400e+04,1.1230e-11
2.4600e+04,1.0879e-11
2.4800e+04,1.0542e-11
2.5000e+04,1.0218e-11
2.5200e+04,9.9067e-12
2.5400e+04,9.6069e-12
2.5600e+04,9.3183e-12
