# from https://alfresco.jpl.nasa.gov/share/page/document-details?nodeRef=workspace://SpacesStore/cf46c531-d9d8-4a52-9d7f-207c33b55044#
2990 0.917050247
3000 0.917305832
3010 0.917268753
3020 0.917206192
3030 0.917464752
3040 0.917392044
3050 0.917561264
3060 0.917584
3070 0.917596436
3080 0.917783966
3090 0.917874069
3100 0.918024292
3110 0.918001328
3120 0.918026505
3130 0.918055191
3140 0.91825592
3150 0.918299179
3160 0.918419495
3170 0.918401108
3180 0.918321533
3190 0.918371887
3200 0.918712845
3210 0.918643189
3220 0.918529282
3230 0.918710327
3240 0.918785706
3250 0.918665314
3260 0.918875427
3270 0.918914185
3280 0.918991776
3290 0.918968887
3300 0.918905106
3310 0.919026032
3320 0.918936157
3330 0.919116516
3340 0.91906189
3350 0.91902504
3360 0.919172669
3370 0.919093552
3380 0.919139481
3390 0.919126968
3400 0.919125748
3410 0.919235535
3420 0.919151993
3430 0.919224548
3440 0.919367981
3450 0.919396744
3460 0.919395676
3470 0.919387283
3480 0.91951828
3490 0.919509888
3500 0.919419785
3510 0.919524307
3520 0.919582825
3530 0.919591446
3540 0.919681015
3550 0.919515228
3560 0.919688416
3570 0.919562073
3580 0.919659424
3590 0.919667969
3600 0.919617004
3610 0.919772949
3620 0.919801025
3630 0.919713135
3640 0.91972168
3650 0.919747009
3660 0.919716187
3670 0.919753799
3680 0.919795837
3690 0.919691925
3700 0.919743652
3710 0.919820252
3720 0.919849243
3730 0.919916153
3740 0.919849701
3750 0.919951553
3760 0.919860458
3770 0.919890213
3780 0.919897995
3790 0.919867477
3800 0.919899979
3810 0.919971237
3820 0.919904099
3830 0.919860077
3840 0.920007629
3850 0.919840622
3860 0.919869995
3870 0.919949799
3880 0.919986191
3890 0.91983284
3900 0.919897614
3910 0.919907608
3920 0.919915314
3930 0.919828186
3940 0.919847946
3950 0.919815903
3960 0.919864273
3970 0.919832001
3980 0.919885559
3990 0.919719391
4000 0.919761734
4010 0.919798355
4020 0.919670944
4030 0.919660187
4040 0.919723358
4050 0.919739151
4060 0.919688339
4070 0.9196595
4080 0.919638596
4090 0.919602356
4100 0.919658203
4110 0.919586334
4120 0.919523315
4130 0.919551773
4140 0.9194841
4150 0.919530792
4160 0.919559326
4170 0.919438705
4180 0.919460068
4190 0.919502564
4200 0.919448013
4210 0.919416962
4220 0.919311142
4230 0.919297867
4240 0.919242783
4250 0.919248428
4260 0.919207153
4270 0.919204178
4280 0.919142838
4290 0.919026566
4300 0.919169846
4310 0.919080963
4320 0.919108429
4330 0.919039688
4340 0.919002686
4350 0.918957291
4360 0.91892189
4370 0.91894989
4380 0.918892136
4390 0.918864365
4400 0.918836975
4410 0.918771591
4420 0.918766632
4430 0.918770294
4440 0.918718414
4450 0.9186306
4460 0.918647385
4470 0.918590317
4480 0.918515778
4490 0.918565292
4500 0.918577957
4510 0.918410797
4520 0.918476639
4530 0.918426971
4540 0.918353958
4550 0.918367081
4560 0.91829567
4570 0.918267899
4580 0.918237457
4590 0.918222656
4600 0.918163071
4610 0.918059464
4620 0.918125076
4630 0.918027725
4640 0.918036041
4650 0.917939835
4660 0.917922516
4670 0.917840118
4680 0.917815781
4690 0.917805481
4700 0.917726593
4710 0.917692032
4720 0.917631455
4730 0.917674789
4740 0.917587891
4750 0.917588272
4760 0.917588272
4770 0.917522659
4780 0.91741394
4790 0.917348251
4800 0.917306442
4810 0.917250824
4820 0.917213593
4830 0.917201691
4840 0.91714035
4850 0.91703064
4860 0.917064285
4870 0.91692894
4880 0.916895371
4890 0.916846771
4900 0.916888962
4910 0.916828003
4920 0.916734161
4930 0.916710587
4940 0.916637039
4950 0.91661644
4960 0.916520386
4970 0.916502304
4980 0.916471176
4990 0.916380768
5000 0.916307602
5010 0.916283951
5020 0.916228867
5030 0.916179428
5040 0.916122818
5050 0.916091995
5060 0.916010742
5070 0.915939789
5080 0.915980835
5090 0.915835495
5100 0.915805359
5110 0.915723648
5120 0.915711823
5130 0.915584717
5140 0.915514755
5150 0.915510178
5160 0.91544899
5170 0.915428085
5180 0.915384979
5190 0.915412979
5200 0.915318832
5210 0.915228043
5220 0.915128479
5230 0.914996033
5240 0.914993362
5250 0.914900284
5260 0.914826431
5270 0.914735107
5280 0.914768372
5290 0.914691238
5300 0.9146418
5310 0.914509583
5320 0.91447403
5330 0.914421997
5340 0.91431984
5350 0.914268494
5360 0.914231873
5370 0.914206238
5380 0.91411232
5390 0.91406044
5400 0.914021225
5410 0.913875427
5420 0.913796692
5430 0.913759155
5440 0.913670502
5450 0.913578262
5460 0.913582916
5470 0.913423233
5480 0.913420334
5490 0.913240814
5500 0.913207703
5510 0.913207626
5520 0.913081436
5530 0.912932053
5540 0.912887802
5550 0.912834778
5560 0.912736206
5570 0.912639389
5580 0.912583618
5590 0.912532654
5600 0.91245697
5610 0.912404633
5620 0.912259216
5630 0.912144623
5640 0.912079086
5650 0.912012177
5660 0.911918869
5670 0.91191452
5680 0.911779099
5690 0.911717529
5700 0.911573029
5710 0.911475372
5720 0.911326218
5730 0.911261444
5740 0.911210556
5750 0.911040878
5760 0.910985489
5770 0.910910263
5780 0.910866242
5790 0.910733337
5800 0.910585632
5810 0.910546112
5820 0.910400162
5830 0.910311966
5840 0.910300369
5850 0.910253372
5860 0.910085754
5870 0.909927979
5880 0.909850159
5890 0.909796219
5900 0.909666901
5910 0.909607468
5920 0.909492493
5930 0.909361649
5940 0.909286194
5950 0.909186249
5960 0.909100266
5970 0.908946762
5980 0.908919983
5990 0.90873909
6000 0.908677826
6010 0.908556747
6020 0.908476715
6030 0.908400421
6040 0.908283539
6050 0.908174362
6060 0.908070908
6070 0.907969513
6080 0.907860489
6090 0.90780365
6100 0.907645035
6110 0.907561722
6120 0.907473068
6130 0.907321854
6140 0.907223969
6150 0.90713028
6160 0.906990967
6170 0.90691536
6180 0.906751251
6190 0.906647568
6200 0.906522827
6210 0.906417923
6220 0.906246948
6230 0.906121445
6240 0.906000824
6250 0.905837326
6260 0.905745468
6270 0.905660248
6280 0.905489883
6290 0.905416565
6300 0.905226822
6310 0.905081635
6320 0.904972916
6330 0.904862366
6340 0.904702835
6350 0.904522934
6360 0.904463882
6370 0.904337921
6380 0.90413208
6390 0.904047775
6400 0.903882523
6410 0.903778839
6420 0.903616791
6430 0.903492661
6440 0.903362198
6450 0.90321907
6460 0.903078384
6470 0.902947693
6480 0.902797546
6490 0.902686081
6500 0.902538986
6510 0.902349625
6520 0.902230759
6530 0.902074585
6540 0.901978226
6550 0.901808853
6560 0.901675263
6570 0.901546173
6580 0.901409378
6590 0.901194382
6600 0.901069946
6610 0.900959168
6620 0.900747299
6630 0.900637283
6640 0.900435867
6650 0.900312119
6660 0.900167465
6670 0.900018311
6680 0.899836197
6690 0.899660111
6700 0.899535828
6710 0.899329987
6720 0.899173203
6730 0.898995361
6740 0.898848801
6750 0.898749695
6760 0.898537369
6770 0.89831192
6780 0.898194885
6790 0.898035126
6800 0.897889252
6810 0.897684937
6820 0.897489777
6830 0.897373734
6840 0.897159042
6850 0.896977234
6860 0.896831131
6870 0.896584778
6880 0.896483307
6890 0.896248245
6900 0.896122894
6910 0.895833817
6920 0.895721436
6930 0.895519638
6940 0.8953125
6950 0.895168686
6960 0.894957657
6970 0.894716568
6980 0.894570923
6990 0.894434815
7000 0.894163361
7010 0.89394989
7020 0.893808746
7030 0.893666916
7040 0.893415756
7050 0.893194122
7060 0.892976151
7070 0.892733536
7080 0.892592087
7090 0.89234108
7100 0.892111359
7110 0.891930313
7120 0.891645279
7130 0.891475754
7140 0.891298065
7150 0.891071472
7160 0.890851135
7170 0.890602341
7180 0.890298843
7190 0.890104294
7200 0.889865036
7210 0.889692154
7220 0.889442902
7230 0.889221573
7240 0.888945007
7250 0.888742981
7260 0.888420639
7270 0.888225632
7280 0.887931747
7290 0.887682419
7300 0.88742981
7310 0.887119141
7320 0.88682579
7330 0.886633377
7340 0.886357575
7350 0.886049347
7360 0.885763321
7370 0.885441132
7380 0.885212784
7390 0.885042114
7400 0.884689331
7410 0.884336243
7420 0.884111404
7430 0.883728638
7440 0.883462143
7450 0.883129807
7460 0.882822418
7470 0.88255661
7480 0.882238312
7490 0.881929779
7500 0.88162674
7510 0.881331635
7520 0.880914154
7530 0.880570908
7540 0.880272827
7550 0.87990593
7560 0.879641571
7570 0.879257813
7580 0.878872986
7590 0.878527298
7600 0.878303909
7610 0.877815247
7620 0.877440796
7630 0.877064819
7640 0.876798935
7650 0.876327057
7660 0.875891419
7670 0.875544815
7680 0.875235901
7690 0.874725418
7700 0.874513931
7710 0.873978882
7720 0.873704681
7730 0.873288269
7740 0.87287178
7750 0.872408676
7760 0.872048569
7770 0.87154747
7780 0.871226425
7790 0.870816269
7800 0.870372772
7810 0.870088577
7820 0.869542542
7830 0.869162216
7840 0.8688134
7850 0.868312073
7860 0.867959061
7870 0.867637177
7880 0.867132492
7890 0.866809387
7900 0.866386185
7910 0.865830536
7920 0.865617371
7930 0.86506279
7940 0.864646759
7950 0.864382019
7960 0.863977203
7970 0.863501816
7980 0.863110123
7990 0.862805176
8000 0.862456207
8010 0.862066956
8020 0.86179718
8030 0.861305771
8040 0.861021729
8050 0.860637436
8060 0.860255508
8070 0.86009346
8080 0.859677887
8090 0.859362869
8100 0.859082871
8110 0.858839874
8120 0.858562546
8130 0.858335037
8140 0.858224716
8150 0.85784729
8160 0.857647781
8170 0.857463837
8180 0.857387009
8190 0.857185898
8200 0.857102051
8210 0.856800003
8220 0.856811295
8230 0.85662674
8240 0.856723404
8250 0.856578751
8260 0.856520233
8270 0.856627045
8280 0.856550674
8290 0.85668747
8300 0.856617966
8310 0.856875076
8320 0.856704254
8330 0.856989822
8340 0.857165985
8350 0.857158737
8360 0.857384567
8370 0.857301712
8380 0.857621689
8390 0.857870102
8400 0.858138428
8410 0.858090973
8420 0.858260422
8430 0.858789139
8440 0.859223023
8450 0.859273071
8460 0.859432831
8470 0.859855194
8480 0.860398712
8490 0.857068634
8500 0.857377777
8510 0.857731705
8520 0.858066025
8530 0.858505478
8540 0.858904648
8550 0.859316025
8560 0.85978569
8570 0.860299606
8580 0.860795517
8590 0.861282272
8600 0.861803818
8610 0.862312546
8620 0.862960968
8630 0.863499069
8640 0.864105682
8650 0.864764481
8660 0.865364533
8670 0.865982285
8680 0.866646881
8690 0.867339172
8700 0.867996368
8710 0.868723755
8720 0.869359436
8730 0.870046539
8740 0.870772553
8750 0.871515198
8760 0.872188187
8770 0.872968903
8780 0.873643951
8790 0.87438942
8800 0.875140762
8810 0.875789032
8820 0.876549683
8830 0.877268829
8840 0.878115692
8850 0.878789597
8860 0.879484482
8870 0.880310669
8880 0.880968475
8890 0.881741791
8900 0.882541962
8910 0.883260956
8920 0.883922424
8930 0.884681244
8940 0.885460739
8950 0.886118164
8960 0.886975937
8970 0.887660751
8980 0.888367462
8990 0.889054718
9000 0.889783478
9010 0.890519409
9020 0.891240006
9030 0.892060394
9040 0.892663193
9050 0.893361893
9060 0.894040604
9070 0.894753571
9080 0.895422211
9090 0.896136856
9100 0.896810379
9110 0.897511673
9120 0.898108063
9130 0.898830261
9140 0.899443512
9150 0.900162048
9160 0.900789261
9170 0.901482544
9180 0.902103577
9190 0.902687607
9200 0.903321304
9210 0.904007034
9220 0.904643784
9230 0.905216446
9240 0.905778122
9250 0.906428986
9260 0.906969605
9270 0.907517548
9280 0.90817009
9290 0.908680878
9300 0.909290009
9310 0.909847412
9320 0.910416565
9330 0.911020355
9340 0.911561279
9350 0.912131805
9360 0.912635574
9370 0.913238297
9380 0.913667069
9390 0.914176636
9400 0.914676895
9410 0.915240479
9420 0.915751114
9430 0.916219482
9440 0.916756821
9450 0.917216339
9460 0.917695007
9470 0.918213577
9480 0.918684616
9490 0.919144211
9500 0.919581451
9510 0.92008461
9520 0.920454559
9530 0.920966263
9540 0.921378174
9550 0.921838455
9560 0.922212601
9570 0.922704392
9580 0.923072281
9590 0.923501282
9600 0.92393425
9610 0.924336395
9620 0.924686737
9630 0.925089722
9640 0.925463333
9650 0.925846481
9660 0.926251831
9670 0.926560745
9680 0.927087326
9690 0.927373734
9700 0.927821198
9710 0.928066635
9720 0.928509522
9730 0.928757401
9740 0.929181061
9750 0.929519806
9760 0.929792938
9770 0.930156784
9780 0.93058075
9790 0.930883942
9800 0.931228867
9810 0.931519928
9820 0.93185051
9830 0.932046356
9840 0.932427445
9850 0.93268898
9860 0.933065109
9870 0.933294296
9880 0.933653183
9890 0.933924561
9900 0.934219055
9910 0.934458389
9920 0.934761963
9930 0.935099182
9940 0.935285339
9950 0.935690308
9960 0.935907898
9970 0.936221924
9980 0.936468582
9990 0.93667984
10000 0.937019348
