# from https://alfresco.jpl.nasa.gov/share/page/document-details?nodeRef=workspace://SpacesStore/cf46c531-d9d8-4a52-9d7f-207c33b55044#
2990 0.916684876
3000 0.916835022
3010 0.916898193
3020 0.91702713
3030 0.916924591
3040 0.91708458
3050 0.917121506
3060 0.917090073
3070 0.917166596
3080 0.917424927
3090 0.917422943
3100 0.917568207
3110 0.917576523
3120 0.917542038
3130 0.917694931
3140 0.918040619
3150 0.918074188
3160 0.918067856
3170 0.91814949
3180 0.918090134
3190 0.918175659
3200 0.918348236
3210 0.918419342
3220 0.918330536
3230 0.918492889
3240 0.918460999
3250 0.918545151
3260 0.918797607
3270 0.918773041
3280 0.918865433
3290 0.918905411
3300 0.918866501
3310 0.918844605
3320 0.918899384
3330 0.918885422
3340 0.919014511
3350 0.919022522
3360 0.919094544
3370 0.919034119
3380 0.919099884
3390 0.919090729
3400 0.91912178
3410 0.919132156
3420 0.919233627
3430 0.919253922
3440 0.919222794
3450 0.919322434
3460 0.919348679
3470 0.919476013
3480 0.919419785
3490 0.919494095
3500 0.919407349
3510 0.919455338
3520 0.91953598
3530 0.919568176
3540 0.919679413
3550 0.919584351
3560 0.919701462
3570 0.919762039
3580 0.919766312
3590 0.919744186
3600 0.919760513
3610 0.919838715
3620 0.919858475
3630 0.919870682
3640 0.919869766
3650 0.919901352
3660 0.919839706
3670 0.919853439
3680 0.919907608
3690 0.919751816
3700 0.919933395
3710 0.919970245
3720 0.919957199
3730 0.91996727
3740 0.91998848
3750 0.920092163
3760 0.919994431
3770 0.91996376
3780 0.919926453
3790 0.919949799
3800 0.919966583
3810 0.920005798
3820 0.920001602
3830 0.920057373
3840 0.920008621
3850 0.920006409
3860 0.919981308
3870 0.919959335
3880 0.920076904
3890 0.919905548
3900 0.920077896
3910 0.920003738
3920 0.919977722
3930 0.919969406
3940 0.920024567
3950 0.920023727
3960 0.920007935
3970 0.919992828
3980 0.919962692
3990 0.919948273
4000 0.919879227
4010 0.919916458
4020 0.919824219
4030 0.919864578
4040 0.9198732
4050 0.919909363
4060 0.919818039
4070 0.91983223
4080 0.91983345
4090 0.919731979
4100 0.919789734
4110 0.919765015
4120 0.919697113
4130 0.91971817
4140 0.919636841
4150 0.919707336
4160 0.919748535
4170 0.919687653
4180 0.91958313
4190 0.919580689
4200 0.919562531
4210 0.919571457
4220 0.919496384
4230 0.919447937
4240 0.919429321
4250 0.919343033
4260 0.919348373
4270 0.919346619
4280 0.919291458
4290 0.919211807
4300 0.919282455
4310 0.919226379
4320 0.919205627
4330 0.919184189
4340 0.919146729
4350 0.919077225
4360 0.919056244
4370 0.919026642
4380 0.919020691
4390 0.919001465
4400 0.9189711
4410 0.918903275
4420 0.918881073
4430 0.918850632
4440 0.918882752
4450 0.918743668
4460 0.91884491
4470 0.918698654
4480 0.918672257
4490 0.91868454
4500 0.918625336
4510 0.918703842
4520 0.918589554
4530 0.918531876
4540 0.918492355
4550 0.918460922
4560 0.918393326
4570 0.91839119
4580 0.918311462
4590 0.918272705
4600 0.918300705
4610 0.918194962
4620 0.918218994
4630 0.918162613
4640 0.918109512
4650 0.918076248
4660 0.918033295
4670 0.918032303
4680 0.917939911
4690 0.917943115
4700 0.917874374
4710 0.917878265
4720 0.917792893
4730 0.917748413
4740 0.91776062
4750 0.917716904
4760 0.917756195
4770 0.9177491
4780 0.917718277
4790 0.917673264
4800 0.917621384
4810 0.917586517
4820 0.917487412
4830 0.917487412
4840 0.917396622
4850 0.917375641
4860 0.917356873
4870 0.917264252
4880 0.917241898
4890 0.917082748
4900 0.917199631
4910 0.917076492
4920 0.917021179
4930 0.916996994
4940 0.916930237
4950 0.91697197
4960 0.916803665
4970 0.916808548
4980 0.916753159
4990 0.916691818
5000 0.916613236
5010 0.916575928
5020 0.916498337
5030 0.91646019
5040 0.91643425
5050 0.916325073
5060 0.91626297
5070 0.916249237
5080 0.916216736
5090 0.916109238
5100 0.916078949
5110 0.916018906
5120 0.915975342
5130 0.915886536
5140 0.91582634
5150 0.915793304
5160 0.915721359
5170 0.915664291
5180 0.91556572
5190 0.915595017
5200 0.915420075
5210 0.91534111
5220 0.91524498
5230 0.915104752
5240 0.915112534
5250 0.915031281
5260 0.914945984
5270 0.914856644
5280 0.914879456
5290 0.914840088
5300 0.914689102
5310 0.914629898
5320 0.914568024
5330 0.914577713
5340 0.91441391
5350 0.914426498
5360 0.914341202
5370 0.914333801
5380 0.914182663
5390 0.91416153
5400 0.914134522
5410 0.914007645
5420 0.913973541
5430 0.91384697
5440 0.913795624
5450 0.913676453
5460 0.913658981
5470 0.913584137
5480 0.913451309
5490 0.913424072
5500 0.913371811
5510 0.913234558
5520 0.913178482
5530 0.91304657
5540 0.913004074
5550 0.912896729
5560 0.912869263
5570 0.912766037
5580 0.912703171
5590 0.912652512
5600 0.912568817
5610 0.912514496
5620 0.912344589
5630 0.912274857
5640 0.912193298
5650 0.912113113
5660 0.912067184
5670 0.912136459
5680 0.912014008
5690 0.91183876
5700 0.911641235
5710 0.911608429
5720 0.911415482
5730 0.911431732
5740 0.91136261
5750 0.911187134
5760 0.911188126
5770 0.911051865
5780 0.910989914
5790 0.910944977
5800 0.910770645
5810 0.910785294
5820 0.910592651
5830 0.910480423
5840 0.910472183
5850 0.91041008
5860 0.910246811
5870 0.910104752
5880 0.910015183
5890 0.909928513
5900 0.909826279
5910 0.909737549
5920 0.909595566
5930 0.909498901
5940 0.909380493
5950 0.909277039
5960 0.909182205
5970 0.909018555
5980 0.908982849
5990 0.90881485
6000 0.908764267
6010 0.908624725
6020 0.908566513
6030 0.908390579
6040 0.908322372
6050 0.908237686
6060 0.908104553
6070 0.907987061
6080 0.907894363
6090 0.907811203
6100 0.907652359
6110 0.907581711
6120 0.907469254
6130 0.90729805
6140 0.907187195
6150 0.907090454
6160 0.906964951
6170 0.906843796
6180 0.906703033
6190 0.906599045
6200 0.906498566
6210 0.906365509
6220 0.906212845
6230 0.906089859
6240 0.905949936
6250 0.905827408
6260 0.905725098
6270 0.905602264
6280 0.905437393
6290 0.905299149
6300 0.905177994
6310 0.905092926
6320 0.904957123
6330 0.9048069
6340 0.90467865
6350 0.904561157
6360 0.904418564
6370 0.904319687
6380 0.904165268
6390 0.904034805
6400 0.903912659
6410 0.903718109
6420 0.903651657
6430 0.903503799
6440 0.903342362
6450 0.903242111
6460 0.903103867
6470 0.902971649
6480 0.902828674
6490 0.90271553
6500 0.902528839
6510 0.902411499
6520 0.902296295
6530 0.902100601
6540 0.902030869
6550 0.901811218
6560 0.901715241
6570 0.901571732
6580 0.901389237
6590 0.901226196
6600 0.901105728
6610 0.90097786
6620 0.900857697
6630 0.900665436
6640 0.900484467
6650 0.900364456
6660 0.900157623
6670 0.900015183
6680 0.899810104
6690 0.899706421
6700 0.899574738
6710 0.899347
6720 0.899197617
6730 0.899011841
6740 0.8988797
6750 0.898708191
6760 0.898594055
6770 0.898329773
6780 0.898237152
6790 0.898007584
6800 0.897913513
6810 0.897712936
6820 0.897494888
6830 0.897391739
6840 0.897096024
6850 0.896957321
6860 0.896763382
6870 0.896585007
6880 0.89646759
6890 0.896214829
6900 0.89611496
6910 0.89584816
6920 0.895701294
6930 0.895480042
6940 0.895348969
6950 0.895149994
6960 0.894976273
6970 0.894664078
6980 0.894571991
6990 0.894429092
7000 0.89411377
7010 0.894001694
7020 0.893750305
7030 0.893579788
7040 0.893345108
7050 0.893131943
7060 0.892951508
7070 0.892711411
7080 0.892543335
7090 0.892300873
7100 0.892024536
7110 0.891848145
7120 0.891661377
7130 0.891466599
7140 0.891175919
7150 0.890997925
7160 0.890770187
7170 0.890539932
7180 0.89037384
7190 0.890065002
7200 0.889852524
7210 0.889644013
7220 0.889458923
7230 0.889158707
7240 0.888881226
7250 0.888697968
7260 0.888336716
7270 0.888125534
7280 0.887834168
7290 0.88765686
7300 0.887459641
7310 0.887071838
7320 0.8867453
7330 0.886495285
7340 0.886279373
7350 0.885925827
7360 0.885720215
7370 0.885473785
7380 0.885121002
7390 0.884969864
7400 0.884600296
7410 0.884257965
7420 0.884059906
7430 0.883578339
7440 0.883393631
7450 0.88302002
7460 0.882843704
7470 0.882453995
7480 0.882140427
7490 0.881826019
7500 0.881549988
7510 0.881257782
7520 0.880939713
7530 0.880459518
7540 0.880247879
7550 0.879851685
7560 0.879539871
7570 0.879185257
7580 0.878912354
7590 0.878492203
7600 0.878312683
7610 0.877794266
7620 0.877396698
7630 0.876999054
7640 0.876747055
7650 0.87631752
7660 0.875898285
7670 0.875494156
7680 0.875266724
7690 0.874801483
7700 0.874528046
7710 0.873984985
7720 0.873685074
7730 0.8732621
7740 0.872897949
7750 0.872365799
7760 0.872058563
7770 0.871605301
7780 0.871328812
7790 0.87089653
7800 0.870531006
7810 0.870181046
7820 0.869634781
7830 0.869326248
7840 0.86891449
7850 0.868386383
7860 0.868149567
7870 0.867805023
7880 0.867299423
7890 0.867041397
7900 0.866526184
7910 0.86600853
7920 0.865822296
7930 0.865256882
7940 0.864926834
7950 0.864534149
7960 0.86425827
7970 0.863679123
7980 0.863369598
7990 0.86317276
8000 0.86276001
8010 0.862353058
8020 0.862064209
8030 0.861596451
8040 0.861430893
8050 0.860972672
8060 0.860753174
8070 0.860444107
8080 0.860193558
8090 0.859792175
8100 0.859593201
8110 0.859289627
8120 0.85909111
8130 0.858828659
8140 0.858746948
8150 0.858336487
8160 0.858110275
8170 0.858065109
8180 0.857930756
8190 0.857752457
8200 0.85759079
8210 0.857346344
8220 0.857359924
8230 0.857349472
8240 0.857333832
8250 0.857232742
8260 0.857237701
8270 0.857282639
8280 0.857056122
8290 0.857144928
8300 0.857291946
8310 0.857287979
8320 0.857262039
8330 0.857486801
8340 0.857794418
8350 0.857771225
8360 0.857896576
8370 0.858080368
8380 0.858442764
8390 0.858535385
8400 0.85873436
8410 0.858763275
8420 0.858988113
8430 0.859603882
8440 0.859644013
8450 0.859975052
8460 0.86011879
8470 0.860651932
8480 0.861123581
8490 0.858699265
8500 0.858962784
8510 0.859321137
8520 0.859710236
8530 0.860122528
8540 0.860520935
8550 0.860965958
8560 0.861371231
8570 0.861911316
8580 0.862331696
8590 0.862906418
8600 0.863373108
8610 0.863913727
8620 0.864494553
8630 0.865089417
8640 0.865643158
8650 0.866288757
8660 0.866854248
8670 0.867497788
8680 0.868188858
8690 0.868792267
8700 0.86951149
8710 0.870130081
8720 0.870785446
8730 0.871486511
8740 0.872181625
8750 0.872912979
8760 0.873582764
8770 0.874279785
8780 0.875000076
8790 0.875733872
8800 0.876439133
8810 0.877103958
8820 0.877850723
8830 0.87852478
8840 0.87930687
8850 0.88006546
8860 0.88073204
8870 0.881532593
8880 0.882149277
8890 0.88291359
8900 0.883682022
8910 0.884401016
8920 0.885081253
8930 0.885796738
8940 0.886618652
8950 0.887225189
8960 0.88801796
8970 0.888756867
8980 0.889364395
8990 0.890101318
9000 0.890834885
9010 0.891513443
9020 0.89224083
9030 0.892962189
9040 0.893629913
9050 0.894315338
9060 0.894962997
9070 0.895722809
9080 0.896368027
9090 0.897093735
9100 0.897729111
9110 0.898360367
9120 0.899032364
9130 0.89972641
9140 0.900310745
9150 0.900982895
9160 0.90161911
9170 0.90231926
9180 0.902916718
9190 0.903462067
9200 0.904170609
9210 0.904784622
9220 0.905368805
9230 0.905914917
9240 0.906581497
9250 0.90719101
9260 0.907732697
9270 0.908270416
9280 0.908859711
9290 0.909410248
9300 0.909965286
9310 0.910504379
9320 0.911131592
9330 0.911646423
9340 0.912188187
9350 0.912762604
9360 0.91327858
9370 0.913874359
9380 0.91429184
9390 0.91482132
9400 0.915311585
9410 0.915859375
9420 0.91633728
9430 0.916792069
9440 0.917321167
9450 0.917818832
9460 0.918250961
9470 0.918760757
9480 0.919221802
9490 0.91973053
9500 0.920077438
9510 0.920651093
9520 0.920958862
9530 0.921528244
9540 0.921898117
9550 0.922354889
9560 0.922703934
9570 0.923177414
9580 0.923644867
9590 0.924019318
9600 0.924451065
9610 0.924840622
9620 0.92520752
9630 0.925574265
9640 0.925970459
9650 0.926353455
9660 0.926720505
9670 0.927113342
9680 0.927510605
9690 0.927864685
9700 0.928279572
9710 0.928562546
9720 0.928937683
9730 0.92922905
9740 0.929654465
9750 0.929987259
9760 0.93025032
9770 0.930665512
9780 0.930992279
9790 0.931298599
9800 0.931636963
9810 0.931932755
9820 0.932260971
9830 0.932522278
9840 0.932890396
9850 0.93314209
9860 0.933441849
9870 0.933811874
9880 0.934046402
9890 0.934340668
9900 0.934619904
9910 0.934916534
9920 0.935195694
9930 0.93545639
9940 0.935725708
9950 0.936068573
9960 0.936345596
9970 0.936609421
9980 0.936860046
9990 0.937084351
10000 0.93740448
