4042.771172 0.900551476
4069.762238 0.900243772
4097.156845 0.901033698
4121.793456 0.901024003
4146.649941 0.901612366
4173.558273 0.901079624
4200.829622 0.901534291
4228.018238 0.901763921
4255.186592 0.90193844
4282.289096 0.901933847
4309.499662 0.902223181
4336.647754 0.902342588
4363.898842 0.902742144
4390.972643 0.902659477
4418.240616 0.903104959
4445.415724 0.903297848
4472.557062 0.903398885
4499.696713 0.90349533
4526.784021 0.903449404
4553.876394 0.903417256
4581.070075 0.903660663
4608.13881 0.903564219
4635.167023 0.903357552
4662.318492 0.903486144
4689.628676 0.904046441
4716.643381 0.903803034
4743.666528 0.903582589
4770.828128 0.903738737
4797.883356 0.903605552
4825.060152 0.903803034
4852.106937 0.903646885
4879.217884 0.903665256
4906.364288 0.903780071
4933.466792 0.903775478
4960.589558 0.903825997
4987.714012 0.903881108
5014.803009 0.903839774
5041.902136 0.903825997
5068.992821 0.903789256
5096.078441 0.903738737
5123.233287 0.903876515
5150.264876 0.903679033
5177.320104 0.903545848
5204.353382 0.903352959
5231.383282 0.903150885
5258.497606 0.903178441
5285.55621 0.90305444
5312.618192 0.902939626
5339.722385 0.902939626
5366.843462 0.902985552
5393.900378 0.902856959
5420.893133 0.902553848
5447.943295 0.902406885
5475.066061 0.902457403
5502.143238 0.902383922
5529.168073 0.90216807
5556.201351 0.901975181
5583.216056 0.901731773
5610.298299 0.901672069
5637.414311 0.901704217
5664.388492 0.901350588
5691.42177 0.901157699
5718.524274 0.901153106
5745.604829 0.90108881
5772.570568 0.900712217
5799.632549 0.900597402
5826.677646 0.900436661
5853.746382 0.900340217
5880.828624 0.900280513
5907.799429 0.899917698
5934.812445 0.899669698
5961.830527 0.899435475
5988.850297 0.899205845
6015.908902 0.899081845
6042.920229 0.898829253
6069.907919 0.898512364
6096.920935 0.898264363
6123.932263 0.898011771
6150.967229 0.897823474
6177.978557 0.897570881
6205.054046 0.897492807
6232.026539 0.897134585
6259.020982 0.896836066
6286.025556 0.896565103
6312.960903 0.896105844
6340.014442 0.895968066
6367.015639 0.895687917
6393.994887 0.895348065
6420.958938 0.89496688
6447.872335 0.894447917
6474.880286 0.894186139
6501.871352 0.893878435
6528.850599 0.893538583
6555.789324 0.893088508
6582.800651 0.892835916
6609.749506 0.892413397
6636.661215 0.891889841
6663.623578 0.891504063
6690.580875 0.891104507
6717.501026 0.890603914
6744.409358 0.890071173
6771.415621 0.889804803
6798.312134 0.889239913
6825.222154 0.888711765
6852.105159 0.888110135
6879.074276 0.887742727
6905.979231 0.887200801
6932.906136 0.886718578
6959.817845 0.886195023
6986.635 0.885414281
7013.582167 0.88498717
7040.574922 0.884684059
7067.361685 0.883820651
7094.26664 0.883278724
7121.185103 0.882773539
7147.980309 0.881933094
7174.94436 0.881551908
7201.861134 0.88104213
7228.690109 0.880293537
7255.584933 0.879724055
7282.403777 0.878947907
7309.315486 0.878424351
7336.220441 0.877882425
7363.010581 0.877028202
7389.787214 0.876137238
7416.643204 0.875462127
7443.585305 0.875021238
7469.161672 0.874216615
7494.625588 0.873106125
7521.40222 0.872215162
7548.278472 0.871595161
7573.851462 0.870781354
7599.298493 0.869624938
7626.061618 0.868697234
7652.839939 0.867810863
7679.657094 0.867030122
7706.479315 0.866263158
7731.952855 0.865178846
7754.97491 0.864128622
7779.182465 0.862951897
7806.036767 0.862272193
7832.767811 0.861257229
7859.527559 0.86032034
7885.085353 0.859465198
7909.294635 0.858293168
7934.790969 0.857270856
7961.554094 0.856343152
7984.560619 0.855250688
8007.615688 0.854290262
8033.156091 0.853387817
8058.657659 0.852379742
8085.454553 0.85154389
8112.259889 0.850731
8139.075356 0.849945666
8162.279431 0.849390536
8185.317615 0.848384184
8212.171916 0.84770448
8239.108952 0.847249813
8265.991957 0.846648183
8292.956008 0.846266997
8319.979155 0.846046553
8347.073217 0.846018997
8374.202737 0.846087886
8401.436941 0.846441516
8428.682964 0.846827294
8456.003278 0.847415146
8483.365805 0.848117813
8510.662481 0.848641369
8538.0115 0.849307296
8565.416237 0.850124778
8590.404797 0.851072383
8614.266764 0.85230672
8635.524796 0.853160483
8652.008331 0.854431867
8672.120409 0.8555197
8693.553028 0.856848337
8716.083761 0.857812782
8731.640053 0.858955683
8745.309778 0.86023308
8761.721231 0.861308404
8780.627878 0.862468526
8799.837442 0.863495135
8812.617285 0.864586095
8831.146119 0.865835588
8852.476852 0.866887095
8870.14154 0.868020154
8886.557416 0.869107506
8900.438873 0.870003368
