# from https://alfresco.jpl.nasa.gov/share/page/document-details?nodeRef=workspace://SpacesStore/640c84c8-30e6-4d24-8834-f1cb99d4815a
3000 0.00239448
3010 0.00161945
3020 0.00121412
3030 0.00107698
3040 0.00119291
3050 0.00147009
3060 0.00204626
3070 0.00278396
3080 0.00354203
3090 0.00399938
3100 0.00474724
3110 0.00531419
3120 0.00585526
3130 0.00620126
3140 0.0065225
3150 0.00643067
3160 0.00596063
3170 0.00549286
3180 0.00465473
3190 0.00361338
3200 0.00347721
3210 0.005718
3220 0.01073217
3230 0.01990143
3240 0.03434298
3250 0.05399566
3260 0.07868756
3270 0.1077716
3280 0.13971504
3290 0.17359428
3300 0.20802236
3310 0.24200457
3320 0.27465828
3330 0.30545242
3340 0.33448243
3350 0.36162128
3360 0.38697835
3370 0.41050712
3380 0.43255413
3390 0.45376151
3400 0.47428474
3410 0.49401419
3420 0.51280387
3430 0.53097108
3440 0.54852225
3450 0.5652098
3460 0.58060895
3470 0.59500997
3480 0.60845535
3490 0.62079779
3500 0.63186848
3510 0.64173231
3520 0.65038797
3530 0.65790607
3540 0.66441425
3550 0.66986188
3560 0.67382585
3570 0.67686354
3580 0.67877218
3590 0.67976285
3600 0.67979284
3610 0.67896523
3620 0.67761273
3630 0.67565865
3640 0.67339592
3650 0.67084072
3660 0.66846705
3670 0.6668868
3680 0.66629262
3690 0.66718333
3700 0.66977843
3710 0.67434181
3720 0.68084105
3730 0.6892251
3740 0.69934851
3750 0.71022927
3760 0.72153037
3770 0.73282535
3780 0.74365802
3790 0.75947541
3800 0.77523257
3810 0.78580536
3820 0.79622273
3830 0.80606977
3840 0.81554592
3850 0.82482867
3860 0.83363974
3870 0.84182926
3880 0.84970653
3890 0.8577013
3900 0.8651339
3910 0.87213671
3920 0.87904725
3930 0.88552778
3940 0.89182164
3950 0.89808632
3960 0.9037636
3970 0.90909382
3980 0.91425076
3990 0.91901389
4000 0.92348548
4010 0.92781021
4020 0.93195441
4030 0.9356483
4040 0.93918499
4050 0.94261989
4060 0.94568361
4070 0.9486984
4080 0.95137839
4090 0.95375027
4100 0.95611702
4110 0.9582771
4120 0.96064724
4130 0.96259773
4140 0.96445799
4150 0.96601417
4160 0.96750641
4170 0.96892311
4180 0.97037097
4190 0.97160858
4200 0.97301135
4210 0.97422246
4220 0.97533756
4230 0.97647152
4240 0.9772339
4250 0.97811485
4260 0.97893103
4270 0.97956314
4280 0.98025133
4290 0.98117869
4300 0.98163673
4310 0.98220848
4320 0.98300328
4330 0.98357148
4340 0.98383502
4350 0.98465681
4360 0.98518384
4370 0.98559652
4380 0.98597314
4390 0.98628523
4400 0.98674826
4410 0.98723533
4420 0.9874104
4430 0.98777361
4440 0.98809216
4450 0.98834002
4460 0.98863698
4470 0.98874151
4480 0.98904626
4490 0.98935241
4500 0.98960817
4510 0.98979188
4520 0.98997282
4530 0.99021892
4540 0.99037326
4550 0.99049225
4560 0.99072987
4570 0.99078945
4580 0.99096269
4590 0.99114822
4600 0.99133783
4610 0.99137675
4620 0.99152698
4630 0.99161022
4640 0.99189367
4650 0.99190844
4660 0.99213007
4670 0.99210242
4680 0.99234891
4690 0.99235955
4700 0.99243603
4710 0.99251096
4720 0.99274412
4730 0.99288274
4740 0.99296662
4750 0.99298578
4760 0.99293078
4770 0.99313412
4780 0.99335829
4790 0.99317021
4800 0.99330894
4810 0.99342089
4820 0.99354607
4830 0.99358446
4840 0.99366498
4850 0.99355562
4860 0.99345812
4870 0.99338788
4880 0.99350194
4890 0.99352466
4900 0.99384828
4910 0.99376015
4920 0.99380328
4930 0.99386118
4940 0.99382697
4950 0.99366339
4960 0.9937698
4970 0.9937764
4980 0.99389601
4990 0.99382257
5000 0.99366996
5010 0.99379677
5020 0.99379218
5030 0.99390697
5040 0.99384505
5050 0.993884
5060 0.99390575
5070 0.99376438
5080 0.99396128
5090 0.99399873
5100 0.99401581
5110 0.99417599
5120 0.99408587
5130 0.99412367
5140 0.99417888
5150 0.99422573
5160 0.99435744
5170 0.99424472
5180 0.99424115
5190 0.9943898
5200 0.99435638
5210 0.99428423
5220 0.9943278
5230 0.99435076
5240 0.99440143
5250 0.99430992
5260 0.99421144
5270 0.99436665
5280 0.99431473
5290 0.99444014
5300 0.99415245
5310 0.99421127
5320 0.99443225
5330 0.99425131
5340 0.9942156
5350 0.99439902
5360 0.99413157
5370 0.99413927
5380 0.99400062
5390 0.99417577
5400 0.9940589
5410 0.99403761
5420 0.9940002
5430 0.99387213
5440 0.99414608
5450 0.99377362
5460 0.99396352
5470 0.99385272
5480 0.99393299
5490 0.99378513
5500 0.99370031
5510 0.99378083
5520 0.99338043
5530 0.99379711
5540 0.99355264
5550 0.99367379
5560 0.9935296
5570 0.99353054
5580 0.99346518
5590 0.99331382
5600 0.99318743
5610 0.99338835
5620 0.99323178
5630 0.99311508
5640 0.99326457
5650 0.99296415
5660 0.99290423
5670 0.99304211
5680 0.99270164
5690 0.99278902
5700 0.99296822
5710 0.99267035
5720 0.99253403
5730 0.99269991
5740 0.99264873
5750 0.99232151
5760 0.99234677
5770 0.99250187
5780 0.99233207
5790 0.99250834
5800 0.99231824
5810 0.99207993
5820 0.9920451
5830 0.99202309
5840 0.99199794
5850 0.99167998
5860 0.99190994
5870 0.99168417
5880 0.99170179
5890 0.99154075
5900 0.99155214
5910 0.99152616
5920 0.99126028
5930 0.99099829
5940 0.9912585
5950 0.99127215
5960 0.99096084
5970 0.99087024
5980 0.99074726
5990 0.99073983
6000 0.99082267
6010 0.99064128
6020 0.99054606
6030 0.99050468
6040 0.99047891
6050 0.99033523
6060 0.99024078
6070 0.99005646
6080 0.99011401
6090 0.99006947
6100 0.99000047
6110 0.98990301
6120 0.98991055
6130 0.98962619
6140 0.98962748
6150 0.98962242
6160 0.98949734
6170 0.98929891
6180 0.98925671
6190 0.98935798
6200 0.989127
6210 0.98904203
6220 0.98902084
6230 0.9888152
6240 0.98856899
6250 0.98857766
6260 0.98847905
6270 0.98842462
6280 0.98836632
6290 0.98822192
6300 0.98822506
6310 0.98802834
6320 0.98810187
6330 0.98788262
6340 0.98773531
6350 0.98778189
6360 0.98773356
6370 0.98734322
6380 0.98749893
6390 0.98738431
6400 0.98727568
6410 0.98714701
6420 0.98722606
6430 0.98714179
6440 0.98704245
6450 0.98695134
6460 0.98665943
6470 0.98670354
6480 0.98648522
6490 0.98635887
6500 0.98642398
6510 0.98624614
6520 0.98625841
6530 0.98624718
6540 0.98604786
6550 0.98594756
6560 0.98600174
6570 0.98588228
6580 0.98588968
6590 0.98580681
6600 0.98581242
6610 0.98565065
6620 0.98558114
6630 0.98554425
6640 0.98537684
6650 0.98524647
6660 0.98511264
6670 0.98511372
6680 0.98495518
6690 0.98489548
6700 0.9849218
6710 0.98495339
6720 0.98488493
6730 0.98481484
6740 0.98492948
6750 0.98480941
6760 0.98465989
6770 0.98473193
6780 0.98447136
6790 0.9844304
6800 0.98439712
6810 0.98442656
6820 0.98433948
6830 0.98416222
6840 0.98418229
6850 0.98415356
6860 0.9840262
6870 0.98400908
6880 0.98397304
6890 0.98388989
6900 0.98395853
6910 0.98396354
6920 0.9838603
6930 0.98404846
6940 0.98401736
6950 0.98379556
6960 0.98379369
6970 0.98380725
6980 0.98387936
6990 0.98379379
7000 0.9838009
7010 0.98377522
7020 0.98362611
7030 0.98363688
7040 0.98362473
7050 0.98352021
7060 0.9834854
7070 0.98363992
7080 0.98355651
7090 0.98333792
7100 0.98354496
7110 0.9837194
7120 0.98356638
7130 0.98353367
7140 0.98371639
7150 0.98368532
7160 0.9837487
7170 0.98380405
7180 0.98374155
7190 0.98374308
7200 0.98384879
7210 0.98387678
7220 0.98371289
7230 0.98364536
7240 0.98365859
7250 0.98376912
7260 0.98394422
7270 0.98392544
7280 0.98389786
7290 0.98416583
7300 0.98424564
7310 0.98411469
7320 0.98408308
7330 0.98415696
7340 0.98429527
7350 0.9842547
7360 0.98413805
7370 0.98419081
7380 0.98418985
7390 0.98427676
7400 0.98440276
7410 0.98436364
7420 0.98440367
7430 0.98429077
7440 0.98442367
7450 0.98460328
7460 0.98447418
7470 0.98454798
7480 0.9846035
7490 0.98453471
7500 0.98463414
7510 0.98475345
7520 0.98472739
7530 0.98472362
7540 0.98481935
7550 0.98480534
7560 0.98475518
7570 0.98477987
7580 0.98464432
7590 0.98489474
7600 0.98488396
7610 0.98492657
7620 0.98494269
7630 0.98500771
7640 0.98504737
7650 0.98523339
7660 0.98540753
7670 0.98527114
7680 0.98527434
7690 0.98517996
7700 0.98543518
7710 0.985692
7720 0.98570252
7730 0.98552047
7740 0.98569951
7750 0.98556233
7760 0.98551578
7770 0.98569865
7780 0.98580501
7790 0.98581518
7800 0.98591506
7810 0.98590863
7820 0.98592752
7830 0.98581156
7840 0.98606917
7850 0.98609453
7860 0.98619341
7870 0.9863302
7880 0.98628203
7890 0.98642054
7900 0.98634126
7910 0.98625405
7920 0.98639573
7930 0.98639097
7940 0.986342
7950 0.98668759
7960 0.98646253
7970 0.98651164
7980 0.98650821
7990 0.98638671
8000 0.98651602
8010 0.98660899
8020 0.98663068
8030 0.98669121
8040 0.98662681
8050 0.98692587
8060 0.98709924
8070 0.98708981
8080 0.98694744
8090 0.98706822
8100 0.98709733
8110 0.98738223
8120 0.98715472
8130 0.98673567
8140 0.98670357
8150 0.98696143
8160 0.98717405
8170 0.98721839
8180 0.98726929
8190 0.98735069
8200 0.98703963
8210 0.98741331
8220 0.98736325
8230 0.98739419
8240 0.98741385
8250 0.98758709
8260 0.98753022
8270 0.98755087
8280 0.98744456
8290 0.98738933
8300 0.98795053
8310 0.98781788
8320 0.98779953
8330 0.98780929
8340 0.98772228
8350 0.98798319
8360 0.9877739
8370 0.98792214
8380 0.98811654
8390 0.9880226
8400 0.98809303
8410 0.98795647
8420 0.98809376
8430 0.98819152
8440 0.98812833
8450 0.98794124
8460 0.98798198
8470 0.98824357
8480 0.98828747
8490 0.98803624
8500 0.98823386
8510 0.98841547
8520 0.98831572
8530 0.98825256
8540 0.98817177
8550 0.98847641
8560 0.98845308
8570 0.98857689
8580 0.98833138
8590 0.9886041
8600 0.98841614
8610 0.98837341
8620 0.98820229
8630 0.98864037
8640 0.98840229
8650 0.98848477
8660 0.98828503
8670 0.98864111
8680 0.98847495
8690 0.98870773
8700 0.98874803
8710 0.98860027
8720 0.98863807
8730 0.98902412
8740 0.98902506
8750 0.98878426
8760 0.98903043
8770 0.98878606
8780 0.98909062
8790 0.98901767
8800 0.98910377
8810 0.98877996
8820 0.98875129
8830 0.98908296
8840 0.98880014
8850 0.9888127
8860 0.98903445
8870 0.98906909
8880 0.98895507
8890 0.98912094
8900 0.98919391
8910 0.98872501
8920 0.98891776
8930 0.98900824
8940 0.98866445
8950 0.98870673
8960 0.98898265
8970 0.98940746
8980 0.98925979
8990 0.98925042
9000 0.98895665
9010 0.98904962
9020 0.98898549
9030 0.98901883
9040 0.98878629
9050 0.9887624
9060 0.98894716
9070 0.98894579
9080 0.98907891
9090 0.98916172
9100 0.98909365
9110 0.98897623
9120 0.98874086
9130 0.98865723
9140 0.98890591
9150 0.98952735
9160 0.98950077
9170 0.98945264
9180 0.98940762
9190 0.98937508
9200 0.98938055
9210 0.98904687
9220 0.98908587
9230 0.98936303
9240 0.98961889
9250 0.98955519
9260 0.98939395
9270 0.98930682
9280 0.98918814
9290 0.98940297
9300 0.98959102
9310 0.98966219
9320 0.98960659
9330 0.98965116
9340 0.98969566
9350 0.98961325
9360 0.98923904
9370 0.98913819
9380 0.98928905
9390 0.98934725
9400 0.98947833
9410 0.98943932
9420 0.98933204
9430 0.98944769
9440 0.98923007
9450 0.98908789
9460 0.98929356
9470 0.98945817
9480 0.98948957
9490 0.9895741
9500 0.98939197
9510 0.9892587
9520 0.98944693
9530 0.98941165
9540 0.98952536
9550 0.98950309
9560 0.98929822
9570 0.98949885
9580 0.9896008
9590 0.9897099
9600 0.98970764
9610 0.9896065
9620 0.9895741
9630 0.9893925
9640 0.9894075
9650 0.98941127
9660 0.9894499
9670 0.98942996
9680 0.98914981
9690 0.98908447
9700 0.98932733
9710 0.98962981
9720 0.98964859
9730 0.98978446
9740 0.98974201
9750 0.98958604
9760 0.98935635
9770 0.98924534
9780 0.9894572
9790 0.98948859
9800 0.98929675
9810 0.98934058
9820 0.98947703
9830 0.98943161
9840 0.98936065
9850 0.98920677
9860 0.98921519
9870 0.98932289
9880 0.98921964
9890 0.98916127
9900 0.98922292
9910 0.98934537
9920 0.98941387
9930 0.98951427
9940 0.98932747
9950 0.98927131
9960 0.98944253
9970 0.98947843
9980 0.98929161
9990 0.98923807
10000 0.98911826
