# from https://alfresco.jpl.nasa.gov/share/page/document-details?nodeRef=workspace://SpacesStore/efc9bd18-9a94-451c-b412-9571b0b59669#
3000 0.16531521
3010 0.16052142
3020 0.1564125
3030 0.15228082
3040 0.1480366
3050 0.14517816
3060 0.14279187
3070 0.14168361
3080 0.14089455
3090 0.14071379
3100 0.14136466
3110 0.14293669
3120 0.14536543
3130 0.1487394
3140 0.15196668
3150 0.15663587
3160 0.1613176
3170 0.16565243
3180 0.16982921
3190 0.17438281
3200 0.1787664
3210 0.18291806
3220 0.18671645
3230 0.19180335
3240 0.19763902
3250 0.20379143
3260 0.20899277
3270 0.2115655
3280 0.21126493
3290 0.20718682
3300 0.20032433
3310 0.19231547
3320 0.18285324
3330 0.17296881
3340 0.1631693
3350 0.15371653
3360 0.14494757
3370 0.13805205
3380 0.1333663
3390 0.13005242
3400 0.1291037
3410 0.13118321
3420 0.13677453
3430 0.14584004
3440 0.15861181
3450 0.1762988
3460 0.19837335
3470 0.22334079
3480 0.25115939
3490 0.28190479
3500 0.31367564
3510 0.34698954
3520 0.38081685
3530 0.41432832
3540 0.44651111
3550 0.47860658
3560 0.50855745
3570 0.53649013
3580 0.56281642
3590 0.58738124
3600 0.61072643
3610 0.63257566
3620 0.65232502
3630 0.67143177
3640 0.68979778
3650 0.70688981
3660 0.72267997
3670 0.73703172
3680 0.75087501
3690 0.76460237
3700 0.77698057
3710 0.78945736
3720 0.80209053
3730 0.81440796
3740 0.82658681
3750 0.83744935
3760 0.84868109
3770 0.85909753
3780 0.86814533
3790 0.87936106
3800 0.88983822
3810 0.89749343
3820 0.9044159
3830 0.91101313
3840 0.9168023
3850 0.9221501
3860 0.92686972
3870 0.93120005
3880 0.93535628
3890 0.93924505
3900 0.94287646
3910 0.945794
3920 0.94795014
3930 0.95020454
3940 0.95289431
3950 0.95534933
3960 0.95700924
3970 0.95868526
3980 0.96016584
3990 0.96168086
4000 0.96340933
4010 0.96487867
4020 0.9662322
4030 0.96708205
4040 0.96824582
4050 0.96938604
4060 0.97027366
4070 0.97100552
4080 0.97160928
4090 0.97277669
4100 0.97348031
4110 0.9742041
4120 0.97476623
4130 0.97507435
4140 0.97560495
4150 0.97635093
4160 0.9767078
4170 0.97715719
4180 0.97768151
4190 0.97759775
4200 0.97793268
4210 0.97889449
4220 0.97936161
4230 0.97954337
4240 0.97975705
4250 0.98011671
4260 0.98031995
4270 0.98057225
4280 0.98104868
4290 0.98102794
4300 0.98093008
4310 0.98135755
4320 0.98177186
4330 0.98155681
4340 0.98208964
4350 0.98245848
4360 0.98232013
4370 0.98259604
4380 0.98253646
4390 0.9826565
4400 0.9830736
4410 0.98306592
4420 0.98305516
4430 0.98309602
4440 0.98339315
4450 0.98344
4460 0.98336526
4470 0.98382302
4480 0.98385989
4490 0.9836744
4500 0.98379189
4510 0.98385206
4520 0.98389082
4530 0.98360838
4540 0.98342132
4550 0.98376555
4560 0.98385336
4570 0.98383684
4580 0.98389651
4590 0.98428189
4600 0.98397631
4610 0.98368391
4620 0.98379093
4630 0.98366298
4640 0.98388774
4650 0.98380425
4660 0.98371064
4670 0.98389768
4680 0.98352705
4690 0.98367335
4700 0.98358727
4710 0.98364393
4720 0.98361542
4730 0.98335219
4740 0.98328769
4750 0.98332611
4760 0.98361522
4770 0.98354301
4780 0.98336337
4790 0.98328537
4800 0.98318888
4810 0.98317184
4820 0.98301025
4830 0.98317028
4840 0.98286067
4850 0.98300279
4860 0.98307888
4870 0.98280449
4880 0.98258819
4890 0.98226443
4900 0.98230573
4910 0.9821347
4920 0.98225879
4930 0.98219224
4940 0.98211157
4950 0.98161935
4960 0.98171976
4970 0.98159117
4980 0.9819513
4990 0.98137751
5000 0.98130769
5010 0.98137921
5020 0.98120079
5030 0.98104686
5040 0.98116916
5050 0.9810839
5060 0.98069434
5070 0.98069232
5080 0.98054494
5090 0.98065199
5100 0.98021778
5110 0.98014722
5120 0.98008518
5130 0.98003427
5140 0.98022155
5150 0.97965287
5160 0.97972538
5170 0.97973502
5180 0.97977577
5190 0.97952294
5200 0.97940791
5210 0.97947752
5220 0.97927269
5230 0.97906568
5240 0.97893296
5250 0.9788439
5260 0.9787861
5270 0.97873273
5280 0.97877437
5290 0.97828105
5300 0.97858761
5310 0.97813381
5320 0.9782998
5330 0.97786977
5340 0.97771019
5350 0.97779567
5360 0.97782644
5370 0.97713246
5380 0.97754351
5390 0.97714278
5400 0.97738993
5410 0.97709019
5420 0.97709394
5430 0.97702031
5440 0.97719026
5450 0.97671237
5460 0.97658494
5470 0.97685406
5480 0.97693981
5490 0.97653528
5500 0.97618789
5510 0.97628706
5520 0.97573473
5530 0.97590126
5540 0.97607518
5550 0.9761629
5560 0.97587405
5570 0.97579098
5580 0.97569066
5590 0.97536548
5600 0.97562713
5610 0.97598352
5620 0.97560945
5630 0.97581589
5640 0.97565451
5650 0.97525491
5660 0.97524218
5670 0.97526039
5680 0.97560315
5690 0.97542306
5700 0.97506046
5710 0.97508503
5720 0.97550241
5730 0.97523145
5740 0.97583506
5750 0.9758097
5760 0.975468
5770 0.97540763
5780 0.97554347
5790 0.97550653
5800 0.97574446
5810 0.97555818
5820 0.97572856
5830 0.97585945
5840 0.97586216
5850 0.97558247
5860 0.97592553
5870 0.97571206
5880 0.97589019
5890 0.97608121
5900 0.97635788
5910 0.9763521
5920 0.9763407
5930 0.97638164
5940 0.97644645
5950 0.97650016
5960 0.9768055
5970 0.97679856
5980 0.97669719
5990 0.97696312
6000 0.97719104
6010 0.97698615
6020 0.97692759
6030 0.97708296
6040 0.97725694
6050 0.97733184
6060 0.97754043
6070 0.97726431
6080 0.97763333
6090 0.97775801
6100 0.97778039
6110 0.97795505
6120 0.97804555
6130 0.97810679
6140 0.9783151
6150 0.97803672
6160 0.97849918
6170 0.97858957
6180 0.97833666
6190 0.97855524
6200 0.97866538
6210 0.97862062
6220 0.97870111
6230 0.97895714
6240 0.97906609
6250 0.97895373
6260 0.97906887
6270 0.97955452
6280 0.97961718
6290 0.97940973
6300 0.979925
6310 0.97958389
6320 0.97961476
6330 0.97964499
6340 0.98001593
6350 0.97961206
6360 0.97968637
6370 0.97982895
6380 0.97995132
6390 0.98022069
6400 0.98056882
6410 0.98037628
6420 0.98051219
6430 0.98098235
6440 0.98089041
6450 0.9811349
6460 0.9810035
6470 0.98086849
6480 0.98102388
6490 0.98114207
6500 0.98093313
6510 0.98127267
6520 0.9814042
6530 0.98150576
6540 0.98163719
6550 0.98175719
6560 0.98204535
6570 0.98187666
6580 0.98169607
6590 0.98163521
6600 0.98209215
6610 0.98201172
6620 0.98209361
6630 0.98251771
6640 0.98248693
6650 0.98235531
6660 0.98218535
6670 0.98226717
6680 0.9824033
6690 0.98262865
6700 0.98279541
6710 0.98272452
6720 0.98258393
6730 0.98276572
6740 0.9830886
6750 0.9828408
6760 0.98289075
6770 0.98321231
6780 0.98315376
6790 0.98324214
6800 0.98313472
6810 0.98315603
6820 0.98326576
6830 0.98328995
6840 0.98344668
6850 0.98329866
6860 0.98323785
6870 0.98355426
6880 0.98348087
6890 0.98334298
6900 0.98375039
6910 0.98350476
6920 0.98369929
6930 0.98370827
6940 0.98378529
6950 0.98390637
6960 0.98384709
6970 0.98394414
6980 0.98400364
6990 0.98412493
7000 0.98444847
7010 0.98451826
7020 0.9842181
7030 0.98418567
7040 0.98420204
7050 0.98437647
7060 0.98443056
7070 0.9843964
7080 0.9844448
7090 0.98459141
7100 0.98474438
7110 0.9845199
7120 0.98449667
7130 0.98453832
7140 0.98430616
7150 0.98439208
7160 0.98448964
7170 0.98463136
7180 0.98485493
7190 0.98496881
7200 0.98485148
7210 0.98476049
7220 0.98520357
7230 0.98522116
7240 0.98498101
7250 0.98480076
7260 0.98477702
7270 0.9851009
7280 0.98515739
7290 0.98526122
7300 0.98542042
7310 0.98521055
7320 0.98529332
7330 0.9854466
7340 0.98536075
7350 0.98529749
7360 0.98526503
7370 0.98550873
7380 0.98557424
7390 0.98545816
7400 0.98550257
7410 0.9856215
7420 0.98545405
7430 0.9856896
7440 0.98594633
7450 0.98593964
7460 0.98560312
7470 0.98539998
7480 0.98560175
7490 0.98555305
7500 0.98558626
7510 0.98565251
7520 0.98553562
7530 0.98580794
7540 0.98586213
7550 0.985546
7560 0.98548071
7570 0.98576745
7580 0.98578805
7590 0.98595789
7600 0.98574736
7610 0.98585452
7620 0.98558858
7630 0.98560244
7640 0.98599042
7650 0.98636223
7660 0.98632571
7670 0.98615481
7680 0.98607682
7690 0.98594441
7700 0.98608886
7710 0.98608407
7720 0.98570941
7730 0.98581665
7740 0.98558593
7750 0.98620368
7760 0.98623945
7770 0.98569632
7780 0.98582734
7790 0.98625127
7800 0.98587356
7810 0.98583815
7820 0.98609836
7830 0.98631011
7840 0.98647426
7850 0.98644389
7860 0.98637234
7870 0.98614504
7880 0.98585298
7890 0.98598983
7900 0.98623472
7910 0.98613007
7920 0.98612752
7930 0.98635057
7940 0.98606046
7950 0.98616162
7960 0.98620391
7970 0.986218
7980 0.98630434
7990 0.98602697
8000 0.98606639
8010 0.98625369
8020 0.98634666
8030 0.98621774
8040 0.9860808
8050 0.985926
8060 0.98588828
8070 0.9858241
8080 0.98601656
8090 0.98655639
8100 0.98595701
8110 0.98587753
8120 0.98623587
8130 0.98607624
8140 0.98625033
8150 0.9863695
8160 0.98610674
8170 0.98577944
8180 0.98592542
8190 0.98597282
8200 0.98550655
8210 0.98582202
8220 0.98604337
8230 0.98663972
8240 0.9864296
8250 0.98616207
8260 0.98593184
8270 0.98602617
8280 0.98639278
8290 0.98602844
8300 0.98576812
8310 0.98619434
8320 0.98603805
8330 0.98573124
8340 0.98639015
8350 0.98604412
8360 0.98606667
8370 0.98641766
8380 0.98587881
8390 0.98586891
8400 0.98636875
8410 0.98628679
8420 0.98589627
8430 0.98625128
8440 0.98632381
8450 0.98607672
8460 0.98616169
8470 0.98612443
8480 0.98642331
8490 0.9863824
8500 0.98591328
8510 0.98562101
8520 0.98584463
8530 0.98635637
8540 0.986169
8550 0.98650479
8560 0.98573081
8570 0.98623801
8580 0.98590826
8590 0.98588125
8600 0.98591604
8610 0.98589171
8620 0.98597635
8630 0.98548673
8640 0.98644511
8650 0.98613871
8660 0.98601945
8670 0.98545653
8680 0.98597537
8690 0.98629037
8700 0.98568456
8710 0.9859044
8720 0.9858353
8730 0.98586377
8740 0.98526216
8750 0.98629037
8760 0.9858679
8770 0.98570731
8780 0.9857779
8790 0.98588406
8800 0.98534054
8810 0.98566244
8820 0.98604754
8830 0.98585331
8840 0.98577172
8850 0.98553652
8860 0.98579098
8870 0.98584095
8880 0.98599097
8890 0.9854812
8900 0.9854072
8910 0.98582538
8920 0.98568057
8930 0.98507332
8940 0.98425218
8950 0.98532078
8960 0.98461046
8970 0.98542905
8980 0.98502333
8990 0.98429078
9000 0.98489603
9010 0.98544223
9020 0.98544057
9030 0.98505722
9040 0.98509374
9050 0.98528286
9060 0.98469176
9070 0.98548014
9080 0.98513557
9090 0.98539137
9100 0.98528877
9110 0.98567296
9120 0.98563209
9130 0.9851194
9140 0.98534436
9150 0.98569366
9160 0.98532997
9170 0.98510786
9180 0.9852657
9190 0.98510935
9200 0.98548445
9210 0.9852952
9220 0.98537761
9230 0.98506578
9240 0.98517302
9250 0.98513768
9260 0.98584178
9270 0.98556093
9280 0.98542918
9290 0.98578221
9300 0.98565282
9310 0.98527136
9320 0.98531063
9330 0.98550582
9340 0.98550849
9350 0.98541617
9360 0.98538474
9370 0.98558979
9380 0.98588236
9390 0.98552789
9400 0.98553024
9410 0.9854174
9420 0.98547388
9430 0.98563849
9440 0.98529075
9450 0.98541969
9460 0.98563782
9470 0.98569119
9480 0.98562101
9490 0.98557239
9500 0.98529655
9510 0.98540425
9520 0.9856257
9530 0.985477
9540 0.98560307
9550 0.98554029
9560 0.98561075
9570 0.98582642
9580 0.98575978
9590 0.9856549
9600 0.98565412
9610 0.98575075
9620 0.98572287
9630 0.98554376
9640 0.98568401
9650 0.98566756
9660 0.98558845
9670 0.98565627
9680 0.98536142
9690 0.98530549
9700 0.98524531
9710 0.98537718
9720 0.9854883
9730 0.98538901
9740 0.98538217
9750 0.98551745
9760 0.98538473
9770 0.98528858
9780 0.9852844
9790 0.98529558
9800 0.985179
9810 0.98525823
9820 0.98544054
9830 0.98527902
9840 0.9851626
9850 0.98493302
9860 0.98484089
9870 0.98492337
9880 0.98497361
9890 0.98502141
9900 0.98488253
9910 0.9848931
9920 0.98499534
9930 0.98491177
9940 0.98489367
9950 0.9849777
9960 0.98481447
9970 0.98472911
9980 0.98473238
9990 0.9846873
10000 0.98463331
