# from CGI Throughput Calculations 2023-08-22 from G. Kuan (no Alfresco link)
3000 0.19325634
3010 0.19272302
3020 0.19266242
3030 0.19132246
3040 0.18950842
3050 0.18780602
3060 0.18616047
3070 0.18342982
3080 0.182358
3090 0.18109486
3100 0.18018064
3110 0.17953607
3120 0.17992726
3130 0.18202379
3140 0.18602595
3150 0.1917573
3160 0.20088115
3170 0.21009734
3180 0.22321649
3190 0.23882065
3200 0.25532185
3210 0.27513546
3220 0.29520419
3230 0.31410518
3240 0.33417605
3250 0.35419244
3260 0.37062445
3270 0.38672388
3280 0.39950472
3290 0.41301819
3300 0.42377463
3310 0.43373873
3320 0.4407686
3330 0.44901908
3340 0.45533554
3350 0.46089324
3360 0.46495234
3370 0.46758901
3380 0.47348078
3390 0.47743408
3400 0.48226625
3410 0.48505961
3420 0.49106846
3430 0.49549947
3440 0.49712215
3450 0.50060243
3460 0.50229649
3470 0.50349205
3480 0.50460502
3490 0.504014
3500 0.50194435
3510 0.50048859
3520 0.49784191
3530 0.49320648
3540 0.48849636
3550 0.48385135
3560 0.47871688
3570 0.47506454
3580 0.47114645
3590 0.46692791
3600 0.461266
3610 0.46003904
3620 0.45846428
3630 0.45982542
3640 0.46107618
3650 0.4646523
3660 0.46992843
3670 0.4775354
3680 0.48723123
3690 0.49865083
3700 0.512256
3710 0.52718754
3720 0.54540261
3730 0.5657284
3740 0.58708227
3750 0.60831378
3760 0.63240104
3770 0.65305181
3780 0.67896827
3790 0.71360616
3800 0.73612604
3810 0.75609135
3820 0.77540736
3830 0.79386774
3840 0.81041754
3850 0.82470107
3860 0.83911
3870 0.85154495
3880 0.86228424
3890 0.87245184
3900 0.8815553
3910 0.8902025
3920 0.89732915
3930 0.90489229
3940 0.9114416
3950 0.91676153
3960 0.9219706
3970 0.92716138
3980 0.93099099
3990 0.93458403
4000 0.93773937
4010 0.94166612
4020 0.9446961
4030 0.94750463
4040 0.94980036
4050 0.95229166
4060 0.95491569
4070 0.95749109
4080 0.95904762
4090 0.9603519
4100 0.96172413
4110 0.96359956
4120 0.96484977
4130 0.96622026
4140 0.96761153
4150 0.96857935
4160 0.97003978
4170 0.9703335
4180 0.97096488
4190 0.97266177
4200 0.97330185
4210 0.97394705
4220 0.9750361
4230 0.97585769
4240 0.97620647
4250 0.97721499
4260 0.977857
4270 0.97778427
4280 0.9783226
4290 0.97809877
4300 0.97931526
4310 0.9797256
4320 0.98041732
4330 0.98108625
4340 0.98073673
4350 0.98121835
4360 0.98170288
4370 0.98212701
4380 0.98236595
4390 0.98233641
4400 0.98254526
4410 0.98284982
4420 0.98316312
4430 0.98368431
4440 0.98384713
4450 0.98406567
4460 0.98411143
4470 0.98449441
4480 0.98468464
4490 0.9841714
4500 0.98506564
4510 0.985149
4520 0.98468839
4530 0.98486281
4540 0.98567681
4550 0.98584046
4560 0.98542052
4570 0.9861201
4580 0.98598152
4590 0.98586783
4600 0.98598239
4610 0.9860755
4620 0.98634114
4630 0.98671084
4640 0.98635576
4650 0.98628701
4660 0.98679286
4670 0.98710615
4680 0.98702976
4690 0.98719741
4700 0.98698124
4710 0.98673436
4720 0.98693155
4730 0.98729982
4740 0.98770811
4750 0.98764424
4760 0.98750048
4770 0.98778381
4780 0.98794057
4790 0.98765976
4800 0.9875609
4810 0.98798572
4820 0.98787962
4830 0.98784507
4840 0.98813799
4850 0.9882139
4860 0.98824796
4870 0.98784652
4880 0.98778127
4890 0.98810594
4900 0.9880314
4910 0.98782896
4920 0.98788429
4930 0.98776186
4940 0.98722597
4950 0.98719647
4960 0.98748396
4970 0.98743454
4980 0.987239
4990 0.98713801
5000 0.98716325
5010 0.98718206
5020 0.98714578
5030 0.98681612
5040 0.98703522
5050 0.98714503
5060 0.98685447
5070 0.98690787
5080 0.98677201
5090 0.98651793
5100 0.98652298
5110 0.98678359
5120 0.98692417
5130 0.98661811
5140 0.98671262
5150 0.98678077
5160 0.98675458
5170 0.98682272
5180 0.98696182
5190 0.98693051
5200 0.98675981
5210 0.98659646
5220 0.98644222
5230 0.98657959
5240 0.98661361
5250 0.98631538
5260 0.9864308
5270 0.98627735
5280 0.98646048
5290 0.98654598
5300 0.98626868
5310 0.98598246
5320 0.98624905
5330 0.98610501
5340 0.98596525
5350 0.98589248
5360 0.98570817
5370 0.98558299
5380 0.98547345
5390 0.98517963
5400 0.98550549
5410 0.98554847
5420 0.98526279
5430 0.9850275
5440 0.98491283
5450 0.98494847
5460 0.98512803
5470 0.98467635
5480 0.98445126
5490 0.98428258
5500 0.98439469
5510 0.98423505
5520 0.98414218
5530 0.98436398
5540 0.98429773
5550 0.98389214
5560 0.98347019
5570 0.98341253
5580 0.98427457
5590 0.98400447
5600 0.98298189
5610 0.98294544
5620 0.98289528
5630 0.98272046
5640 0.98299795
5650 0.98257589
5660 0.98267486
5670 0.98267433
5680 0.98205257
5690 0.9823147
5700 0.98202427
5710 0.9822782
5720 0.98233565
5730 0.9822671
5740 0.98177609
5750 0.98177846
5760 0.98180908
5770 0.98145594
5780 0.98150462
5790 0.98143547
5800 0.98110561
5810 0.98072026
5820 0.98121837
5830 0.98159372
5840 0.9817046
5850 0.9811318
5860 0.98095638
5870 0.98093096
5880 0.98045897
5890 0.9804975
5900 0.98088453
5910 0.9803899
5920 0.98033779
5930 0.98027272
5940 0.98011419
5950 0.98047402
5960 0.9801852
5970 0.97978822
5980 0.97936855
5990 0.97998997
6000 0.98044585
6010 0.98034782
6020 0.98016911
6030 0.98033891
6040 0.97913413
6050 0.97991571
6060 0.98029127
6070 0.97942985
6080 0.97949694
6090 0.97945033
6100 0.9787256
6110 0.97949366
6120 0.9795956
6130 0.97914319
6140 0.97927305
6150 0.97955623
6160 0.97940978
6170 0.97946273
6180 0.97934675
6190 0.979177
6200 0.97930797
6210 0.97943209
6220 0.97975241
6230 0.97921958
6240 0.97925415
6250 0.97940975
6260 0.97949342
6270 0.97917585
6280 0.97931021
6290 0.97942708
6300 0.97916968
6310 0.97928403
6320 0.97970106
6330 0.97904682
6340 0.97981943
6350 0.97909906
6360 0.97969348
6370 0.97918707
6380 0.98062843
6390 0.98034575
6400 0.97998356
6410 0.98049123
6420 0.97933589
6430 0.97965404
6440 0.98028787
6450 0.97987889
6460 0.9797756
6470 0.98007865
6480 0.98026077
6490 0.97984061
6500 0.9805972
6510 0.98031437
6520 0.97965977
6530 0.98028085
6540 0.98050341
6550 0.97996898
6560 0.98074375
6570 0.98051876
6580 0.98070267
6590 0.98098646
6600 0.98091257
6610 0.98007175
6620 0.9804563
6630 0.97962413
6640 0.98050319
6650 0.98069899
6660 0.98154347
6670 0.98118426
6680 0.98134879
6690 0.98056094
6700 0.97997813
6710 0.98217496
6720 0.98191205
6730 0.98095557
6740 0.98159003
6750 0.98212355
6760 0.98264791
6770 0.98254029
6780 0.98123427
6790 0.98114889
6800 0.98234212
6810 0.98181551
6820 0.98206812
6830 0.98225812
6840 0.98173
6850 0.98250904
6860 0.98207411
6870 0.98205091
6880 0.98274627
6890 0.98192762
6900 0.9823606
6910 0.98394884
6920 0.9835291
6930 0.98324597
6940 0.98237628
6950 0.98281643
6960 0.98322986
6970 0.98398188
6980 0.98312005
6990 0.98308378
7000 0.98309111
7010 0.98402748
7020 0.9839439
7030 0.98444792
7040 0.98390915
7050 0.98426536
7060 0.98323098
7070 0.98361743
7080 0.98357079
7090 0.98412914
7100 0.98336789
7110 0.9845463
7120 0.98433924
7130 0.98500214
7140 0.98393438
7150 0.98403144
7160 0.98466723
7170 0.98497499
7180 0.98575715
7190 0.98526286
7200 0.98523424
7210 0.98536794
7220 0.98432992
7230 0.98505855
7240 0.98545322
7250 0.98544505
7260 0.98614649
7270 0.98548218
7280 0.98633665
7290 0.98822815
7300 0.98501094
7310 0.98550647
7320 0.98550328
7330 0.98581198
7340 0.98619422
7350 0.98669084
7360 0.9868543
7370 0.98540423
7380 0.98589575
7390 0.98576952
7400 0.98729881
7410 0.98780737
7420 0.98628394
7430 0.98597061
7440 0.98525397
7450 0.98642236
7460 0.98640198
7470 0.9876659
7480 0.98673835
7490 0.98766029
7500 0.98654524
7510 0.98823646
7520 0.98675166
7530 0.98576537
7540 0.98729191
7550 0.98496586
7560 0.987171
7570 0.9866158
7580 0.98536999
7590 0.98628787
7600 0.9873568
7610 0.98700902
7620 0.98726015
7630 0.98629427
7640 0.98654035
7650 0.98637433
7660 0.98650359
7670 0.9870199
7680 0.98674179
7690 0.98645144
7700 0.98716094
7710 0.98734422
7720 0.98807912
7730 0.98745449
7740 0.98740694
7750 0.9890357
7760 0.98836488
7770 0.98677868
7780 0.98799006
7790 0.98851216
7800 0.98664685
7810 0.98877833
7820 0.9882463
7830 0.98926638
7840 0.9869883
7850 0.98813088
7860 0.98700027
7870 0.98838353
7880 0.98801308
7890 0.98966689
7900 0.98770232
7910 0.98635729
7920 0.98794792
7930 0.98674709
7940 0.9877256
7950 0.98916271
7960 0.98820439
7970 0.98857898
7980 0.98774287
7990 0.9890088
8000 0.98869314
8010 0.98925543
8020 0.98974464
8030 0.98933995
8040 0.98823982
8050 0.98721262
8060 0.98807264
8070 0.99051754
8080 0.99027137
8090 0.98968296
8100 0.98870826
8110 0.98830303
8120 0.98835227
8130 0.98664981
8140 0.98738291
8150 0.98656778
8160 0.98855714
8170 0.98966663
8180 0.98838572
8190 0.98852876
8200 0.98925602
8210 0.98914068
8220 0.98943821
8230 0.98944289
8240 0.98974369
8250 0.98984407
8260 0.98862617
8270 0.98715473
8280 0.98679923
8290 0.98820001
8300 0.98857867
8310 0.99062767
8320 0.9903366
8330 0.99074293
8340 0.99155756
8350 0.99011088
8360 0.98711065
8370 0.98916019
8380 0.98822052
8390 0.98500655
8400 0.98755254
8410 0.98788598
8420 0.98907549
8430 0.98936459
8440 0.98825414
8450 0.98807157
8460 0.99062872
8470 0.99253925
8480 0.9909774
8490 0.98939167
8500 0.98735382
8510 0.98763365
8520 0.98859518
8530 0.98576095
8540 0.98954343
8550 0.99234454
8560 0.99080387
8570 0.9860497
8580 0.99046937
8590 0.99369683
8600 0.9905538
8610 0.98976124
8620 0.989404
8630 0.98900192
8640 0.98879999
8650 0.98929894
8660 0.98944954
8670 0.98896322
8680 0.98898875
8690 0.98946722
8700 0.98950863
8710 0.98943255
8720 0.98983381
8730 0.98985264
8740 0.98985146
8750 0.989876
8760 0.99009001
8770 0.98988211
8780 0.98980907
8790 0.98999911
8800 0.99015304
8810 0.99008857
8820 0.98967372
8830 0.98992879
8840 0.99021045
8850 0.99015514
8860 0.98993754
8870 0.98986157
8880 0.99015427
8890 0.99019345
8900 0.99017048
8910 0.99024537
8920 0.9903399
8930 0.99019286
8940 0.98967664
8950 0.98958824
8960 0.98965153
8970 0.98983857
8980 0.98971451
8990 0.98959966
9000 0.98942609
9010 0.98898687
9020 0.98916675
9030 0.98957366
9040 0.98908921
9050 0.98888087
9060 0.98905881
9070 0.98920824
9080 0.98918321
9090 0.98933949
9100 0.98923991
9110 0.98873914
9120 0.98884531
9130 0.98890633
9140 0.98876769
9150 0.98871249
9160 0.98855134
9170 0.98855569
9180 0.98859966
9190 0.98876531
9200 0.98856541
9210 0.98866825
9220 0.98871491
9230 0.98857827
9240 0.98878705
9250 0.98888394
9260 0.98864804
9270 0.98866235
9280 0.98888844
9290 0.98861416
9300 0.98857505
9310 0.98881898
9320 0.98858301
9330 0.98889621
9340 0.98887189
9350 0.98882466
9360 0.98859461
9370 0.9886302
9380 0.98863131
9390 0.98879029
9400 0.98893391
9410 0.98846078
9420 0.98860354
9430 0.9887321
9440 0.98862969
9450 0.98868594
9460 0.98881362
9470 0.98868596
9480 0.98860343
9490 0.98856598
9500 0.98839328
9510 0.98835076
9520 0.98812567
9530 0.98816073
9540 0.9882669
9550 0.9886717
9560 0.98862034
9570 0.9885807
9580 0.98838094
9590 0.98871143
9600 0.98855278
9610 0.98860828
9620 0.98820856
9630 0.9882503
9640 0.98859731
9650 0.98830377
9660 0.98866003
9670 0.98863435
9680 0.98842812
9690 0.98833922
9700 0.98838594
9710 0.98844825
9720 0.98856133
9730 0.98832415
9740 0.9883965
9750 0.98815908
9760 0.98814577
9770 0.98860533
9780 0.98817098
9790 0.98814978
9800 0.98818485
9810 0.9885558
9820 0.98850436
9830 0.98798617
9840 0.98817459
9850 0.98824871
9860 0.98787429
9870 0.98802606
9880 0.9882441
9890 0.9880323
9900 0.98806248
9910 0.98818883
9920 0.98822415
9930 0.98804976
9940 0.98785097
9950 0.98796727
9960 0.98807854
9970 0.98834792
9980 0.98759143
9990 0.98771989
10000 0.9878655
