# from https://alfresco.jpl.nasa.gov/share/page/site/cgi/document-details?nodeRef=workspace://SpacesStore/c0530091-5ed7-40cd-b500-a07e15074c35#
3000 0.1065966
3010 0.10566494
3020 0.10480376
3030 0.10409318
3040 0.10399753
3050 0.10431579
3060 0.10534718
3070 0.10771054
3080 0.1112065
3090 0.11612336
3100 0.12262167
3110 0.13111993
3120 0.14144276
3130 0.15313087
3140 0.16582647
3150 0.18016457
3160 0.19573309
3170 0.21163604
3180 0.22730117
3190 0.24263711
3200 0.25713409
3210 0.27093747
3220 0.28465444
3230 0.29704412
3240 0.30811046
3250 0.31800633
3260 0.32701204
3270 0.33504372
3280 0.34159499
3290 0.34645707
3300 0.35168352
3310 0.35622058
3320 0.36031737
3330 0.36407106
3340 0.36718091
3350 0.36999787
3360 0.37351298
3370 0.37663329
3380 0.38016673
3390 0.3833213
3400 0.38557684
3410 0.38761734
3420 0.3896198
3430 0.39087833
3440 0.39270005
3450 0.39371022
3460 0.39535115
3470 0.39759172
3480 0.39979718
3490 0.40241547
3500 0.40579275
3510 0.41056777
3520 0.41681166
3530 0.42375338
3540 0.43179481
3550 0.44090704
3560 0.4512318
3570 0.46281065
3580 0.47505307
3590 0.48787671
3600 0.50216876
3610 0.51728984
3620 0.53218469
3630 0.54748664
3640 0.56388114
3650 0.57954623
3660 0.59681575
3670 0.61412642
3680 0.63271574
3690 0.65050962
3700 0.66844595
3710 0.68614921
3720 0.70217329
3730 0.71908615
3740 0.74338855
3750 0.76212281
3760 0.77741732
3770 0.79219927
3780 0.80558796
3790 0.81831263
3800 0.83045275
3810 0.84096503
3820 0.8518483
3830 0.86106282
3840 0.86949699
3850 0.87815348
3860 0.88525069
3870 0.89255057
3880 0.89896907
3890 0.90478012
3900 0.91017164
3910 0.9154413
3920 0.92015774
3930 0.92497997
3940 0.92877487
3950 0.93244049
3960 0.93583537
3970 0.93920499
3980 0.94196769
3990 0.94511123
4000 0.9473708
4010 0.95016726
4020 0.9517118
4030 0.95361612
4040 0.95633732
4050 0.95849495
4060 0.96001779
4070 0.96137238
4080 0.96276525
4090 0.96427475
4100 0.96495638
4110 0.96657243
4120 0.96795849
4130 0.96818665
4140 0.96983267
4150 0.97076423
4160 0.97130894
4170 0.9724188
4180 0.9734932
4190 0.97478602
4200 0.97483085
4210 0.9761086
4220 0.97645778
4230 0.97744569
4240 0.97823227
4250 0.97850233
4260 0.97839476
4270 0.97948552
4280 0.97985675
4290 0.98063635
4300 0.98112499
4310 0.98128718
4320 0.98128168
4330 0.98217787
4340 0.98201719
4350 0.98296837
4360 0.98282389
4370 0.98338314
4380 0.9837948
4390 0.98452565
4400 0.98405319
4410 0.98524874
4420 0.98498862
4430 0.98526949
4440 0.98493631
4450 0.98578536
4460 0.98582233
4470 0.98663648
4480 0.98670285
4490 0.98669016
4500 0.98694209
4510 0.98727899
4520 0.98780644
4530 0.98778921
4540 0.98777215
4550 0.98791431
4560 0.98755652
4570 0.98834909
4580 0.98833006
4590 0.98864912
4600 0.98861269
4610 0.98875828
4620 0.98882595
4630 0.98914729
4640 0.98877242
4650 0.98901748
4660 0.98917692
4670 0.98938297
4680 0.98873378
4690 0.98909912
4700 0.98901082
4710 0.98907252
4720 0.98958781
4730 0.98942945
4740 0.98911379
4750 0.98873669
4760 0.98903953
4770 0.98906422
4780 0.98903704
4790 0.98940544
4800 0.98941061
4810 0.9898911
4820 0.98948932
4830 0.9895769
4840 0.98948537
4850 0.99019853
4860 0.98997393
4870 0.99039091
4880 0.98998777
4890 0.99018189
4900 0.99002235
4910 0.99049021
4920 0.99010739
4930 0.99079657
4940 0.99111983
4950 0.99077111
4960 0.99043899
4970 0.99072828
4980 0.99075668
4990 0.99084729
5000 0.99076128
5010 0.9906379
5020 0.9907245
5030 0.99028578
5040 0.99092356
5050 0.99013449
5060 0.9902009
5070 0.98984592
5080 0.98992856
5090 0.98978389
5100 0.99001942
5110 0.98946146
5120 0.98942544
5130 0.9890553
5140 0.98939395
5150 0.98916294
5160 0.98914471
5170 0.9885432
5180 0.9886942
5190 0.98819841
5200 0.98839667
5210 0.9883227
5220 0.9884132
5230 0.98756474
5240 0.98773298
5250 0.98778194
5260 0.9877499
5270 0.98762805
5280 0.98789432
5290 0.98699066
5300 0.98725962
5310 0.98708985
5320 0.98711604
5330 0.98694144
5340 0.98675188
5350 0.98676292
5360 0.98655076
5370 0.98695221
5380 0.98647001
5390 0.98596975
5400 0.98629066
5410 0.98620624
5420 0.98600293
5430 0.9860245
5440 0.98585299
5450 0.98570544
5460 0.98562084
5470 0.98564767
5480 0.9857392
5490 0.98538405
5500 0.98493991
5510 0.98506862
5520 0.98527692
5530 0.98490312
5540 0.98495965
5550 0.98488242
5560 0.9847851
5570 0.98441508
5580 0.98457558
5590 0.98429628
5600 0.98478564
5610 0.9846637
5620 0.98425304
5630 0.98398709
5640 0.98395596
5650 0.98371296
5660 0.9835905
5670 0.98354531
5680 0.98337293
5690 0.98336402
5700 0.98306999
5710 0.98298211
5720 0.98303061
5730 0.98331849
5740 0.98289884
5750 0.98284943
5760 0.98290357
5770 0.9829521
5780 0.98242728
5790 0.98212645
5800 0.98227455
5810 0.98229722
5820 0.98214383
5830 0.98219275
5840 0.98181737
5850 0.98193529
5860 0.98204644
5870 0.98186193
5880 0.98181688
5890 0.98179548
5900 0.98154673
5910 0.98175423
5920 0.98118331
5930 0.98123874
5940 0.9811555
5950 0.98091263
5960 0.98082515
5970 0.98114393
5980 0.98141307
5990 0.98134526
6000 0.98080283
6010 0.98067069
6020 0.98087729
6030 0.98102858
6040 0.98058775
6050 0.98084371
6060 0.98074877
6070 0.98061233
6080 0.98071081
6090 0.98101826
6100 0.98101459
6110 0.98105505
6120 0.98092151
6130 0.98091549
6140 0.98096543
6150 0.98070311
6160 0.98054379
6170 0.98042693
6180 0.9809872
6190 0.98077138
6200 0.98082717
6210 0.98087982
6220 0.98088059
6230 0.98080308
6240 0.98110859
6250 0.98094742
6260 0.9809912
6270 0.98108456
6280 0.98141647
6290 0.98150866
6300 0.98161549
6310 0.98149949
6320 0.98143142
6330 0.98139396
6340 0.98087203
6350 0.98120218
6360 0.98152096
6370 0.98189012
6380 0.98200474
6390 0.98206953
6400 0.9818467
6410 0.98160479
6420 0.98159869
6430 0.98179621
6440 0.98200214
6450 0.98211086
6460 0.98175119
6470 0.98212157
6480 0.98261043
6490 0.98274548
6500 0.98271141
6510 0.9827254
6520 0.98296146
6530 0.98314272
6540 0.98275677
6550 0.98264112
6560 0.98293131
6570 0.98336596
6580 0.9833104
6590 0.98317357
6600 0.9831306
6610 0.98307007
6620 0.98349549
6630 0.9837811
6640 0.98388213
6650 0.98401148
6660 0.98402248
6670 0.98398012
6680 0.9843636
6690 0.98402771
6700 0.98385186
6710 0.98443094
6720 0.9848481
6730 0.9849663
6740 0.98464811
6750 0.9846275
6760 0.98483725
6770 0.9847626
6780 0.98503827
6790 0.98488596
6800 0.98520753
6810 0.98575476
6820 0.98596678
6830 0.98590926
6840 0.98539109
6850 0.98605955
6860 0.98674217
6870 0.98604524
6880 0.98574404
6890 0.98636349
6900 0.98687539
6910 0.98713406
6920 0.98701244
6930 0.98669019
6940 0.98691272
6950 0.98751025
6960 0.98673947
6970 0.9866179
6980 0.98743962
6990 0.98745905
7000 0.98729573
7010 0.9867729
7020 0.98798386
7030 0.98825164
7040 0.98743884
7050 0.98765218
7060 0.98801677
7070 0.98860617
7080 0.98887773
7090 0.98895692
7100 0.98924093
7110 0.98898583
7120 0.98880722
7130 0.98867555
7140 0.98904496
7150 0.98925775
7160 0.98855325
7170 0.98889906
7180 0.9890718
7190 0.98897537
7200 0.98919077
7210 0.99023067
7220 0.9907506
7230 0.99002482
7240 0.98967664
7250 0.99006859
7260 0.98950766
7270 0.99006165
7280 0.98993225
7290 0.99066356
7300 0.99011156
7310 0.99002261
7320 0.99046123
7330 0.99034429
7340 0.99104225
7350 0.99048126
7360 0.99049233
7370 0.99158158
7380 0.99157392
7390 0.99103005
7400 0.99059332
7410 0.99076232
7420 0.99163275
7430 0.99168516
7440 0.99135356
7450 0.99109785
7460 0.99220269
7470 0.9915425
7480 0.99276735
7490 0.99207749
7500 0.99170071
7510 0.99201712
7520 0.99118888
7530 0.99221516
7540 0.99248513
7550 0.99224257
7560 0.992354
7570 0.99189712
7580 0.99278787
7590 0.99268906
7600 0.9918782
7610 0.99264378
7620 0.99281861
7630 0.99272804
7640 0.99379257
7650 0.99254005
7660 0.9921391
7670 0.99178915
7680 0.99281381
7690 0.993684
7700 0.99294338
7710 0.99371756
7720 0.99324828
7730 0.99198838
7740 0.99278663
7750 0.99311754
7760 0.99374841
7770 0.993141
7780 0.99278119
7790 0.99344708
7800 0.99347316
7810 0.99428796
7820 0.99343205
7830 0.99296497
7840 0.99369167
7850 0.99291465
7860 0.99207777
7870 0.99395347
7880 0.99462226
7890 0.99553419
7900 0.99608997
7910 0.99539018
7920 0.99406853
7930 0.99617062
7940 0.99667249
7950 0.99450907
7960 0.99350833
7970 0.9935117
7980 0.99382668
7990 0.99579954
8000 0.99364162
8010 0.99389815
8020 0.99556238
8030 0.99467817
8040 0.99462583
8050 0.9940629
8060 0.99526382
8070 0.99308518
8080 0.9944263
8090 0.99575364
8100 0.99632134
8110 0.99484432
8120 0.99477153
8130 0.99451273
8140 0.99527519
8150 0.9955846
8160 0.99508491
8170 0.99698453
8180 0.99441686
8190 0.99363385
8200 0.99520213
8210 0.99400652
8220 0.9956008
8230 0.99631572
8240 0.99502779
8250 0.99495986
8260 0.99539551
8270 0.99421489
8280 0.99770932
8290 0.99435806
8300 0.99497362
8310 0.99525095
8320 0.99382359
8330 0.99541476
8340 0.99555515
8350 0.99382356
8360 0.99528539
8370 0.99437211
8380 0.99620672
8390 0.99301211
8400 0.993229
8410 0.99817328
8420 0.9934021
8430 0.9958121
8440 0.99515865
8450 0.99514686
8460 0.9951416
8470 0.99491567
8480 0.99493985
8490 0.99518729
8500 0.99460652
8510 0.99403969
8520 0.99446872
8530 0.99435877
8540 0.99450907
8550 0.99553398
8560 0.9941501
8570 0.99458922
8580 0.99473666
8590 0.99435382
8600 0.99414978
8610 0.99428457
8620 0.99439129
8630 0.99499783
8640 0.99507596
8650 0.99509163
8660 0.99495899
8670 0.99405992
8680 0.99446875
8690 0.99399758
8700 0.99349164
8710 0.99353776
8720 0.99312389
8730 0.99315003
8740 0.99258006
8750 0.99207645
8760 0.99280022
8770 0.99230134
8780 0.9918378
8790 0.99162104
8800 0.99147626
8810 0.99205897
8820 0.99158017
8830 0.99182267
8840 0.99092693
8850 0.99108473
8860 0.99073234
8870 0.9911797
8880 0.99053523
8890 0.9907074
8900 0.99077172
8910 0.9902112
8920 0.99075766
8930 0.99025471
8940 0.99022661
8950 0.98981713
8960 0.99022719
8970 0.98995699
8980 0.9901471
8990 0.99017168
9000 0.99006203
9010 0.98995957
9020 0.98950534
9030 0.98986433
9040 0.98962566
9050 0.99003037
9060 0.98958499
9070 0.98924696
9080 0.98933601
9090 0.98930798
9100 0.98934541
9110 0.98944077
9120 0.98916406
9130 0.98895391
9140 0.98908225
9150 0.98882022
9160 0.98914055
9170 0.98895136
9180 0.98886906
9190 0.98888737
9200 0.9888584
9210 0.98888998
9220 0.98861431
9230 0.98870069
9240 0.98854233
9250 0.9881781
9260 0.98863255
9270 0.98860867
9280 0.98865559
9290 0.9884086
9300 0.98871701
9310 0.98857533
9320 0.98872078
9330 0.98827686
9340 0.98812168
9350 0.9883672
9360 0.98865892
9370 0.98846707
9380 0.9882055
9390 0.98824848
9400 0.98830893
9410 0.98836125
9420 0.98836669
9430 0.98835859
9440 0.98799057
9450 0.9879237
9460 0.98772897
9470 0.98793964
9480 0.98798107
9490 0.98805668
9500 0.98827368
9510 0.98827978
9520 0.98773067
9530 0.98763491
9540 0.98770645
9550 0.98768142
9560 0.98767183
9570 0.98755091
9580 0.98756613
9590 0.98771213
9600 0.98780187
9610 0.98763054
9620 0.98758573
9630 0.98731702
9640 0.98742984
9650 0.98721543
9660 0.98709571
9670 0.98696067
9680 0.98710726
9690 0.98720724
9700 0.98710506
9710 0.98736548
9720 0.98734169
9730 0.98708392
9740 0.98701242
9750 0.98717594
9760 0.98705646
9770 0.98707774
9780 0.98705689
9790 0.98688958
9800 0.98701389
9810 0.98703304
9820 0.98693063
9830 0.98686968
9840 0.98682634
9850 0.98704584
9860 0.98684235
9870 0.9867215
9880 0.98687278
9890 0.98678524
9900 0.98659128
9910 0.98659324
9920 0.98667385
9930 0.98690805
9940 0.98657546
9950 0.98624575
9960 0.98643156
9970 0.98656123
9980 0.98673236
9990 0.98650341
10000 0.98631947
