# from https://alfresco.jpl.nasa.gov/share/page/document-details?nodeRef=workspace://SpacesStore/49fd714e-aa43-4df7-b471-d5fbcf6d8b6f#
3000 0.19063905
3010 0.1883385
3020 0.18738413
3030 0.18730766
3040 0.18711876
3050 0.18728801
3060 0.18859651
3070 0.19165599
3080 0.19623559
3090 0.20004146
3100 0.20755912
3110 0.21828433
3120 0.23054876
3130 0.24621219
3140 0.26212702
3150 0.28035799
3160 0.29934785
3170 0.31544926
3180 0.3333704
3190 0.351757
3200 0.36905362
3210 0.383534
3220 0.39584585
3230 0.40953702
3240 0.41998424
3250 0.42827527
3260 0.43676322
3270 0.44405306
3280 0.45103633
3290 0.45740479
3300 0.46200985
3310 0.46594797
3320 0.4692987
3330 0.47360101
3340 0.4781985
3350 0.48482092
3360 0.48951573
3370 0.4920334
3380 0.49679573
3390 0.50111573
3400 0.50437693
3410 0.50620781
3420 0.50691077
3430 0.50666809
3440 0.50627258
3450 0.50366124
3460 0.50115707
3470 0.49922958
3480 0.495803
3490 0.49014548
3500 0.48411763
3510 0.4793851
3520 0.47302619
3530 0.46791507
3540 0.46371695
3550 0.45861647
3560 0.45632589
3570 0.45501619
3580 0.45294765
3590 0.45370126
3600 0.4563537
3610 0.45930366
3620 0.4648626
3630 0.47264564
3640 0.48278588
3650 0.49590461
3660 0.51288878
3670 0.53075001
3680 0.55108194
3690 0.57248086
3700 0.5949855
3710 0.62112994
3720 0.64411134
3730 0.67901327
3740 0.70896754
3750 0.73152583
3760 0.75369991
3770 0.7739542
3780 0.79273234
3790 0.81041885
3800 0.8263647
3810 0.83907074
3820 0.85097048
3830 0.86363738
3840 0.87479422
3850 0.88421441
3860 0.89133147
3870 0.89856761
3880 0.90585376
3890 0.91367971
3900 0.91896522
3910 0.92430348
3920 0.92937923
3930 0.93443491
3940 0.93776056
3950 0.94080834
3960 0.94377325
3970 0.94660266
3980 0.94934223
3990 0.9522367
4000 0.95398921
4010 0.95733964
4020 0.95972087
4030 0.96074329
4040 0.96225308
4050 0.96433548
4060 0.96635172
4070 0.96658216
4080 0.96704582
4090 0.97071552
4100 0.97131038
4110 0.97126211
4120 0.97283602
4130 0.97370485
4140 0.97428119
4150 0.97538552
4160 0.97580455
4170 0.97709517
4180 0.97696886
4190 0.97796269
4200 0.97872469
4210 0.97925667
4220 0.98024442
4230 0.98050635
4240 0.98057838
4250 0.98116248
4260 0.9804249
4270 0.9812039
4280 0.98225081
4290 0.98238592
4300 0.98263997
4310 0.98330455
4320 0.98350552
4330 0.9834665
4340 0.98308315
4350 0.98447906
4360 0.98469465
4370 0.98502139
4380 0.98627053
4390 0.98478079
4400 0.98445908
4410 0.98556846
4420 0.98565963
4430 0.98563143
4440 0.98685256
4450 0.98662217
4460 0.98765176
4470 0.98646374
4480 0.98684292
4490 0.98686045
4500 0.98690361
4510 0.98737172
4520 0.98711528
4530 0.9876725
4540 0.9874113
4550 0.9881662
4560 0.98706395
4570 0.9879321
4580 0.98699924
4590 0.98766568
4600 0.98745402
4610 0.98779996
4620 0.98840418
4630 0.98754332
4640 0.98795409
4650 0.98826532
4660 0.98879982
4670 0.98840434
4680 0.98829386
4690 0.98857892
4700 0.98857058
4710 0.98780494
4720 0.98774572
4730 0.9883333
4740 0.98861846
4750 0.98890432
4760 0.98807934
4770 0.9887875
4780 0.98837166
4790 0.98810675
4800 0.98777584
4810 0.988726
4820 0.98811481
4830 0.9882964
4840 0.98866894
4850 0.98862327
4860 0.98781069
4870 0.98875996
4880 0.98815175
4890 0.98757893
4900 0.98841631
4910 0.98859797
4920 0.98876936
4930 0.98843748
4940 0.98845204
4950 0.98765133
4960 0.9882034
4970 0.98813054
4980 0.98833556
4990 0.98755831
5000 0.9874957
5010 0.98822263
5020 0.98858313
5030 0.98786059
5040 0.98786834
5050 0.98748622
5060 0.98743242
5070 0.98751661
5080 0.98737055
5090 0.98728673
5100 0.98786193
5110 0.98736807
5120 0.98684464
5130 0.98704182
5140 0.98801542
5150 0.98703501
5160 0.98668199
5170 0.98698886
5180 0.98713329
5190 0.98645526
5200 0.98629581
5210 0.98698784
5220 0.98683167
5230 0.9870962
5240 0.98740465
5250 0.98631845
5260 0.98667952
5270 0.98649994
5280 0.98654222
5290 0.98626229
5300 0.98557536
5310 0.98561902
5320 0.98521793
5330 0.98568964
5340 0.9856846
5350 0.98496064
5360 0.98508701
5370 0.98561199
5380 0.98554924
5390 0.98555324
5400 0.98506805
5410 0.98490459
5420 0.98537268
5430 0.98588556
5440 0.98473583
5450 0.9847275
5460 0.9849112
5470 0.98430027
5480 0.98419923
5490 0.98516234
5500 0.98439839
5510 0.98456766
5520 0.98357079
5530 0.98408389
5540 0.98416201
5550 0.98378848
5560 0.98390134
5570 0.98392994
5580 0.98369722
5590 0.98332492
5600 0.98288389
5610 0.98249204
5620 0.98267977
5630 0.98210599
5640 0.98243021
5650 0.98199144
5660 0.98264499
5670 0.98200646
5680 0.98186972
5690 0.98222216
5700 0.98182956
5710 0.98245409
5720 0.98211106
5730 0.9820975
5740 0.98157114
5750 0.98167822
5760 0.98135153
5770 0.98076762
5780 0.98049707
5790 0.9809319
5800 0.9818393
5810 0.98100083
5820 0.98054794
5830 0.98052812
5840 0.9809872
5850 0.98066895
5860 0.98075845
5870 0.98117489
5880 0.98086622
5890 0.98068782
5900 0.98041903
5910 0.98050722
5920 0.98020668
5930 0.98013411
5940 0.979469
5950 0.97966352
5960 0.97940614
5970 0.98031242
5980 0.98100747
5990 0.97987522
6000 0.9799316
6010 0.97936898
6020 0.97913675
6030 0.98017816
6040 0.97969133
6050 0.97950656
6060 0.97940214
6070 0.97943377
6080 0.97884593
6090 0.9796864
6100 0.97896179
6110 0.97927762
6120 0.97872505
6130 0.97861658
6140 0.97901156
6150 0.97888036
6160 0.97911868
6170 0.9789446
6180 0.9789748
6190 0.97892458
6200 0.97888669
6210 0.9799484
6220 0.9792162
6230 0.97872622
6240 0.97919963
6250 0.98028386
6260 0.97864181
6270 0.9792119
6280 0.97887382
6290 0.97881959
6300 0.97953928
6310 0.9803688
6320 0.98001348
6330 0.97919465
6340 0.97912514
6350 0.9798515
6360 0.97917913
6370 0.97942776
6380 0.97982456
6390 0.98006737
6400 0.98003819
6410 0.98014428
6420 0.97979901
6430 0.97987434
6440 0.97935976
6450 0.97944192
6460 0.97988022
6470 0.97968807
6480 0.98011367
6490 0.9810522
6500 0.98119191
6510 0.97972727
6520 0.97974546
6530 0.97954972
6540 0.97995006
6550 0.98085471
6560 0.98081591
6570 0.98029869
6580 0.98099146
6590 0.98005979
6600 0.98013014
6610 0.97971271
6620 0.980444
6630 0.9819275
6640 0.98141151
6650 0.98094656
6660 0.98136201
6670 0.98116836
6680 0.98082245
6690 0.98012951
6700 0.9810164
6710 0.98204307
6720 0.98226882
6730 0.98172676
6740 0.98141972
6750 0.98165429
6760 0.9819503
6770 0.98298742
6780 0.98280037
6790 0.98164348
6800 0.98156579
6810 0.98228129
6820 0.98188558
6830 0.98184411
6840 0.9824097
6850 0.98272496
6860 0.98235188
6870 0.98200914
6880 0.98195956
6890 0.98214075
6900 0.98183959
6910 0.98201979
6920 0.98237302
6930 0.98360316
6940 0.98404864
6950 0.98357466
6960 0.98263794
6970 0.98360487
6980 0.98444667
6990 0.98323196
7000 0.98374582
7010 0.98444094
7020 0.98428399
7030 0.98418345
7040 0.98437651
7050 0.98421346
7060 0.98327596
7070 0.98310632
7080 0.98381777
7090 0.98333189
7100 0.98387578
7110 0.9857391
7120 0.98588991
7130 0.98594112
7140 0.98524358
7150 0.98486711
7160 0.98464111
7170 0.98459896
7180 0.98548579
7190 0.98539105
7200 0.98501184
7210 0.98567259
7220 0.98689718
7230 0.98574525
7240 0.98398882
7250 0.98453794
7260 0.98510522
7270 0.98568387
7280 0.98609941
7290 0.98555757
7300 0.98718365
7310 0.98666966
7320 0.98583632
7330 0.98645892
7340 0.98587075
7350 0.98722646
7360 0.98570678
7370 0.98502453
7380 0.98623297
7390 0.98513282
7400 0.98466573
7410 0.98580618
7420 0.9858461
7430 0.98454937
7440 0.98606804
7450 0.98605583
7460 0.9861852
7470 0.98444744
7480 0.98493968
7490 0.98640353
7500 0.98600627
7510 0.9870597
7520 0.98727286
7530 0.98606905
7540 0.98750919
7550 0.98686981
7560 0.98757886
7570 0.98916908
7580 0.99035186
7590 0.98911452
7600 0.98627738
7610 0.98494962
7620 0.98514167
7630 0.98763462
7640 0.98895101
7650 0.98881861
7660 0.98899948
7670 0.98883799
7680 0.98671426
7690 0.98571118
7700 0.9861141
7710 0.98898812
7720 0.98787064
7730 0.98541921
7740 0.98474729
7750 0.9869444
7760 0.98925678
7770 0.98749847
7780 0.98751384
7790 0.9891892
7800 0.98875025
7810 0.98860457
7820 0.98869244
7830 0.98851783
7840 0.99062078
7850 0.98592459
7860 0.98751972
7870 0.98840761
7880 0.98794239
7890 0.99461007
7900 0.98889153
7910 0.98724812
7920 0.98891999
7930 0.98951135
7940 0.98911854
7950 0.98800926
7960 0.98935013
7970 0.99002391
7980 0.98831578
7990 0.98495372
8000 0.98537249
8010 0.98700934
8020 0.98919258
8030 0.98339548
8040 0.99084177
8050 0.98681454
8060 0.98932662
8070 0.98792275
8080 0.98927937
8090 0.98794293
8100 0.99062467
8110 0.98852763
8120 0.98947576
8130 0.98617122
8140 0.99050926
8150 0.98900797
8160 0.98452122
8170 0.98772329
8180 0.99088286
8190 0.98920247
8200 0.98821456
8210 0.9846685
8220 0.98959507
8230 0.99287183
8240 0.99079947
8250 0.99495558
8260 0.99246392
8270 0.99275998
8280 0.98999034
8290 0.99074977
8300 0.98721034
8310 0.9874048
8320 0.98710235
8330 0.99377382
8340 0.98272802
8350 0.98379766
8360 0.98819869
8370 0.99358532
8380 0.98918897
8390 0.98498181
8400 0.99045218
8410 0.98480656
8420 0.98649552
8430 0.98589112
8440 0.98493826
8450 0.98068395
8460 0.99133933
8470 0.98452945
8480 0.98690468
8490 0.99472711
8500 0.99098663
8510 0.99534522
8520 0.98955335
8530 0.99155987
8540 0.9881893
8550 0.98880827
8560 0.98755186
8570 0.99125837
8580 0.99070907
8590 0.9916476
8600 0.98916964
8610 0.99271089
8620 0.99077788
8630 0.9892171
8640 0.99042586
8650 0.9912405
8660 0.99275889
8670 0.99155009
8680 0.98850105
8690 0.98986568
8700 0.99034478
8710 0.98994267
8720 0.98961195
8730 0.99028463
8740 0.99021545
8750 0.99106314
8760 0.99018191
8770 0.9910992
8780 0.99001159
8790 0.99117509
8800 0.99086483
8810 0.98904139
8820 0.99110052
8830 0.99001605
8840 0.98916872
8850 0.99089288
8860 0.99033322
8870 0.99003253
8880 0.98960501
8890 0.99000311
8900 0.99070565
8910 0.99236941
8920 0.99104596
8930 0.99027252
8940 0.99029069
8950 0.99016093
8960 0.99041715
8970 0.99008793
8980 0.99137209
8990 0.99066645
9000 0.99086343
9010 0.99048326
9020 0.99068073
9030 0.99013775
9040 0.99004848
9050 0.98972655
9060 0.99150565
9070 0.99093289
9080 0.99049095
9090 0.99005656
9100 0.99068712
9110 0.98997
9120 0.99076928
9130 0.99037744
9140 0.99086434
9150 0.99080078
9160 0.99106211
9170 0.99008649
9180 0.99095648
9190 0.99145762
9200 0.99040658
9210 0.99148225
9220 0.99087555
9230 0.9906948
9240 0.99109981
9250 0.99083182
9260 0.99070462
9270 0.99109495
9280 0.99050724
9290 0.99045146
9300 0.9901486
9310 0.9904492
9320 0.99060071
9330 0.99039193
9340 0.98981216
9350 0.99084287
9360 0.99094697
9370 0.99111504
9380 0.99059774
9390 0.9900782
9400 0.99140734
9410 0.99076458
9420 0.99100464
9430 0.99118171
9440 0.99075723
9450 0.99072939
9460 0.99052762
9470 0.99028869
9480 0.99042341
9490 0.98996086
9500 0.98967403
9510 0.99022037
9520 0.989813
9530 0.98967231
9540 0.99009056
9550 0.98999676
9560 0.98996917
9570 0.98982203
9580 0.98950357
9590 0.98945072
9600 0.98912574
9610 0.98974124
9620 0.98944054
9630 0.98928717
9640 0.98913419
9650 0.98947135
9660 0.98913775
9670 0.98945894
9680 0.98917716
9690 0.9893203
9700 0.9890529
9710 0.98906583
9720 0.98933008
9730 0.98861556
9740 0.98922524
9750 0.98930119
9760 0.98859837
9770 0.98854017
9780 0.98897023
9790 0.98853076
9800 0.98843868
9810 0.98865209
9820 0.98890869
9830 0.98870699
9840 0.98841066
9850 0.98847292
9860 0.98853049
9870 0.98812241
9880 0.9882907
9890 0.98863097
9900 0.98827997
9910 0.9882812
9920 0.98836435
9930 0.98839548
9940 0.98817915
9950 0.98816824
9960 0.98823987
9970 0.98798094
9980 0.98790897
9990 0.98801335
10000 0.98828931
