# from https://alfresco.jpl.nasa.gov/share/page/document-details?nodeRef=workspace://SpacesStore/006a9bda-a35e-4ed5-81f7-97717cb550e6#
3000 0.15691809
3010 0.15904937
3020 0.15808089
3030 0.15705415
3040 0.15982244
3050 0.16151972
3060 0.15849792
3070 0.15766531
3080 0.15815061
3090 0.15669876
3100 0.15670611
3110 0.15419445
3120 0.15606807
3130 0.15678744
3140 0.15928051
3150 0.16525989
3160 0.17197175
3170 0.17959565
3180 0.19143378
3190 0.20872455
3200 0.23059377
3210 0.25193706
3220 0.27372503
3230 0.29642891
3240 0.31705722
3250 0.33903399
3260 0.3603888
3270 0.37995515
3280 0.39879189
3290 0.41680171
3300 0.43319738
3310 0.44677678
3320 0.45871415
3330 0.46987011
3340 0.47943675
3350 0.48813983
3360 0.49621494
3370 0.5047145
3380 0.51357353
3390 0.5216122
3400 0.52904678
3410 0.53714712
3420 0.54553697
3430 0.5530855
3440 0.56041297
3450 0.56758547
3460 0.57299288
3470 0.57815404
3480 0.58324457
3490 0.58590012
3500 0.58751459
3510 0.58786233
3520 0.58707678
3530 0.58577356
3540 0.58365382
3550 0.58088454
3560 0.57761897
3570 0.57270388
3580 0.56802292
3590 0.56365894
3600 0.55842007
3610 0.55340509
3620 0.5476865
3630 0.54237006
3640 0.53818699
3650 0.53447352
3660 0.53150143
3670 0.52924653
3680 0.52814268
3690 0.52851492
3700 0.53115262
3710 0.53523985
3720 0.54139013
3730 0.54997587
3740 0.56016397
3750 0.57286005
3760 0.58658775
3770 0.60183
3780 0.6178851
3790 0.64315249
3800 0.66994412
3810 0.68969866
3820 0.70916612
3830 0.72801707
3840 0.74635421
3850 0.76375749
3860 0.78012815
3870 0.79552541
3880 0.80977859
3890 0.82280021
3900 0.83503474
3910 0.84621861
3920 0.85663488
3930 0.86621141
3940 0.87465835
3950 0.88282405
3960 0.89051752
3970 0.89721651
3980 0.90334965
3990 0.90920258
4000 0.91444905
4010 0.91932694
4020 0.92358149
4030 0.92765613
4040 0.93148557
4050 0.93508303
4060 0.93845706
4070 0.94137492
4080 0.94417085
4090 0.94674887
4100 0.94914554
4110 0.95146756
4120 0.95346974
4130 0.9553306
4140 0.95693694
4150 0.95869078
4160 0.96023359
4170 0.96166824
4180 0.96283377
4190 0.96427596
4200 0.96530123
4210 0.96653802
4220 0.96768954
4230 0.9683925
4240 0.96912278
4250 0.97010027
4260 0.97112137
4270 0.97165769
4280 0.97233708
4290 0.97323794
4300 0.97395984
4310 0.97457258
4320 0.97522358
4330 0.97592971
4340 0.97636472
4350 0.97681535
4360 0.9772533
4370 0.97795544
4380 0.97828949
4390 0.97855424
4400 0.97896286
4410 0.97952741
4420 0.97976235
4430 0.98042834
4440 0.98057187
4450 0.98067338
4460 0.9810933
4470 0.98161566
4480 0.98162306
4490 0.98155904
4500 0.98212406
4510 0.98253056
4520 0.98275147
4530 0.98278929
4540 0.98291058
4550 0.98308439
4560 0.98329261
4570 0.98378487
4580 0.98385243
4590 0.98398548
4600 0.98412075
4610 0.98412117
4620 0.98409808
4630 0.98437411
4640 0.98461324
4650 0.98440535
4660 0.98423407
4670 0.98451539
4680 0.98461006
4690 0.98468119
4700 0.98475593
4710 0.98476569
4720 0.98473886
4730 0.9848012
4740 0.98496153
4750 0.9847986
4760 0.9848029
4770 0.98522969
4780 0.98501037
4790 0.98523907
4800 0.98512209
4810 0.98520064
4820 0.98527929
4830 0.98552263
4840 0.9854283
4850 0.98559877
4860 0.98597555
4870 0.98599873
4880 0.98585047
4890 0.98608175
4900 0.98598426
4910 0.98593896
4920 0.98618294
4930 0.98611601
4940 0.9861626
4950 0.98629769
4960 0.98655797
4970 0.98643062
4980 0.98631789
4990 0.98643598
5000 0.98641511
5010 0.9862252
5020 0.986642
5030 0.9861376
5040 0.9863166
5050 0.98629781
5060 0.9860266
5070 0.98621302
5080 0.98621214
5090 0.98604807
5100 0.98605049
5110 0.98603398
5120 0.98587845
5130 0.98570877
5140 0.98577811
5150 0.98579932
5160 0.98568615
5170 0.98555648
5180 0.98546637
5190 0.98530319
5200 0.98547961
5210 0.98525936
5220 0.98523661
5230 0.98517648
5240 0.98521707
5250 0.98496169
5260 0.9848865
5270 0.98494083
5280 0.9850766
5290 0.98480721
5300 0.98488561
5310 0.98476153
5320 0.98470311
5330 0.98470394
5340 0.98437295
5350 0.98450271
5360 0.98454901
5370 0.98427104
5380 0.98436512
5390 0.98432408
5400 0.98395949
5410 0.9842885
5420 0.98406951
5430 0.9839966
5440 0.98379532
5450 0.9838451
5460 0.98338856
5470 0.98369442
5480 0.98366542
5490 0.98364073
5500 0.98348785
5510 0.98357217
5520 0.98339172
5530 0.98311588
5540 0.98294756
5550 0.98348208
5560 0.98297832
5570 0.98273806
5580 0.98274476
5590 0.98275913
5600 0.98259156
5610 0.98200289
5620 0.98236626
5630 0.9822979
5640 0.98226858
5650 0.98201564
5660 0.98214645
5670 0.98162301
5680 0.98149543
5690 0.98179135
5700 0.98164975
5710 0.98154646
5720 0.98142397
5730 0.98148688
5740 0.98120701
5750 0.98096653
5760 0.98063164
5770 0.98078459
5780 0.98051273
5790 0.98061801
5800 0.98066023
5810 0.98061113
5820 0.98011115
5830 0.98014641
5840 0.98017176
5850 0.98009363
5860 0.9799269
5870 0.97981796
5880 0.97946631
5890 0.97954803
5900 0.97942662
5910 0.97913014
5920 0.97938141
5930 0.97929369
5940 0.97934921
5950 0.97909839
5960 0.97890355
5970 0.97895004
5980 0.97883346
5990 0.97885241
6000 0.97856038
6010 0.97865511
6020 0.9782502
6030 0.9781724
6040 0.97807751
6050 0.978129
6060 0.97831448
6070 0.97817785
6080 0.97783998
6090 0.97804212
6100 0.97765697
6110 0.97779634
6120 0.97769778
6130 0.97776993
6140 0.97741339
6150 0.97730754
6160 0.97731385
6170 0.97758643
6180 0.97754778
6190 0.97751934
6200 0.97729256
6210 0.9774129
6220 0.97718285
6230 0.97710382
6240 0.9771789
6250 0.97735304
6260 0.97719475
6270 0.97698728
6280 0.97688031
6290 0.97708638
6300 0.97685926
6310 0.97702772
6320 0.97690942
6330 0.97694021
6340 0.9770149
6350 0.97695646
6360 0.97666073
6370 0.97685351
6380 0.97656895
6390 0.97691591
6400 0.976983
6410 0.97700984
6420 0.97664586
6430 0.97674525
6440 0.97674792
6450 0.97697573
6460 0.9766193
6470 0.97689907
6480 0.97705198
6490 0.97701013
6500 0.97696132
6510 0.97699546
6520 0.9770091
6530 0.97699377
6540 0.97723234
6550 0.97727261
6560 0.97735661
6570 0.97719123
6580 0.97723484
6590 0.97709344
6600 0.97696281
6610 0.97718185
6620 0.9772728
6630 0.97731498
6640 0.97713223
6650 0.9772444
6660 0.97727024
6670 0.97721721
6680 0.9774769
6690 0.9776517
6700 0.97772052
6710 0.97787476
6720 0.97792132
6730 0.97801275
6740 0.97806192
6750 0.97796196
6760 0.97802498
6770 0.97821913
6780 0.97811528
6790 0.97812417
6800 0.97834617
6810 0.97818113
6820 0.97818564
6830 0.97842108
6840 0.97858856
6850 0.9787738
6860 0.97865463
6870 0.97880652
6880 0.97900462
6890 0.97892139
6900 0.97891646
6910 0.97894387
6920 0.97895644
6930 0.97902121
6940 0.97901653
6950 0.97908396
6960 0.97928591
6970 0.97954499
6980 0.97955374
6990 0.97945527
7000 0.97953305
7010 0.97978585
7020 0.97978126
7030 0.97978287
7040 0.9797333
7050 0.9799396
7060 0.9801384
7070 0.98019635
7080 0.98007007
7090 0.98000087
7100 0.9803264
7110 0.98036178
7120 0.98037115
7130 0.98041125
7140 0.98052734
7150 0.98055173
7160 0.9804465
7170 0.98053948
7180 0.98071046
7190 0.98085249
7200 0.98085511
7210 0.98098221
7220 0.98108933
7230 0.98117198
7240 0.98140176
7250 0.98143423
7260 0.98125429
7270 0.98124223
7280 0.98138514
7290 0.98144246
7300 0.98131415
7310 0.98144057
7320 0.98155422
7330 0.98147922
7340 0.9815419
7350 0.98155373
7360 0.98205214
7370 0.98231256
7380 0.98210947
7390 0.98224931
7400 0.98231337
7410 0.98243083
7420 0.98266866
7430 0.98265798
7440 0.98264809
7450 0.98254858
7460 0.9825479
7470 0.98259872
7480 0.98278128
7490 0.98252981
7500 0.98256307
7510 0.98289115
7520 0.98289635
7530 0.98304537
7540 0.98311732
7550 0.98295373
7560 0.98299626
7570 0.98296753
7580 0.98319215
7590 0.98351557
7600 0.98369292
7610 0.98348559
7620 0.98330706
7630 0.98356963
7640 0.98352483
7650 0.98355475
7660 0.98353912
7670 0.98327094
7680 0.98219336
7690 0.98304698
7700 0.98376784
7710 0.98389496
7720 0.98385366
7730 0.98373472
7740 0.98373025
7750 0.98389921
7760 0.98411114
7770 0.98412457
7780 0.98391213
7790 0.98414214
7800 0.98436952
7810 0.98436452
7820 0.98417262
7830 0.98443023
7840 0.98479996
7850 0.98447529
7860 0.98419915
7870 0.98436201
7880 0.98447938
7890 0.98446138
7900 0.98455279
7910 0.98457947
7920 0.98441021
7930 0.98449001
7940 0.98479264
7950 0.98485141
7960 0.9847321
7970 0.98503081
7980 0.9849112
7990 0.98506509
8000 0.98537203
8010 0.98518058
8020 0.98523757
8030 0.98508595
8040 0.98495602
8050 0.98514507
8060 0.98514768
8070 0.98545655
8080 0.98548203
8090 0.9854496
8100 0.9851183
8110 0.98527217
8120 0.98535449
8130 0.98548346
8140 0.98511117
8150 0.985443
8160 0.98548954
8170 0.98562025
8180 0.98573871
8190 0.98574586
8200 0.98576754
8210 0.98568291
8220 0.98577284
8230 0.9857308
8240 0.98574169
8250 0.98590435
8260 0.9861153
8270 0.98603442
8280 0.98587295
8290 0.98595131
8300 0.98582781
8310 0.98585416
8320 0.98602416
8330 0.9861056
8340 0.98563421
8350 0.98570972
8360 0.98584171
8370 0.98597378
8380 0.98606454
8390 0.98612566
8400 0.98599976
8410 0.98607499
8420 0.98572787
8430 0.98627191
8440 0.98647569
8450 0.9861382
8460 0.98649502
8470 0.98642272
8480 0.98644028
8490 0.98632501
8500 0.98628602
8510 0.98655463
8520 0.98692449
8530 0.98692068
8540 0.98665378
8550 0.98678496
8560 0.98683118
8570 0.98676932
8580 0.9867621
8590 0.98653426
8600 0.98637187
8610 0.98630959
8620 0.98636851
8630 0.98620045
8640 0.9861721
8650 0.98623952
8660 0.98646009
8670 0.9865583
8680 0.98651702
8690 0.98674597
8700 0.98640454
8710 0.98663744
8720 0.98650234
8730 0.98702947
8740 0.9865924
8750 0.98667001
8760 0.98667688
8770 0.98678945
8780 0.98656597
8790 0.98655013
8800 0.98676154
8810 0.98614708
8820 0.98673406
8830 0.98626691
8840 0.98624363
8850 0.98621037
8860 0.98602524
8870 0.98649566
8880 0.98631256
8890 0.98616287
8900 0.98677292
8910 0.98734945
8920 0.98633827
8930 0.98762543
8940 0.98535366
8950 0.98613465
8960 0.98696649
8970 0.98536856
8980 0.98499983
8990 0.98488458
9000 0.98566282
9010 0.9846554
9020 0.98403655
9030 0.98593406
9040 0.98497222
9050 0.98549065
9060 0.98556869
9070 0.9854658
9080 0.98431263
9090 0.98574504
9100 0.98469136
9110 0.98565592
9120 0.98628086
9130 0.98488755
9140 0.98579567
9150 0.9859818
9160 0.98554193
9170 0.98506334
9180 0.98508176
9190 0.98509199
9200 0.98514904
9210 0.98554979
9220 0.98553181
9230 0.98567841
9240 0.98583895
9250 0.9856103
9260 0.98510072
9270 0.98502797
9280 0.984904
9290 0.9847456
9300 0.98498114
9310 0.98475369
9320 0.98466954
9330 0.98511348
9340 0.98500704
9350 0.98476438
9360 0.98508058
9370 0.98541171
9380 0.98567668
9390 0.98531381
9400 0.98543563
9410 0.9851961
9420 0.98502103
9430 0.98492459
9440 0.98478342
9450 0.98476191
9460 0.98512806
9470 0.98513156
9480 0.98490746
9490 0.98467771
9500 0.98440843
9510 0.98480653
9520 0.9846104
9530 0.98392519
9540 0.98423969
9550 0.98436781
9560 0.98455479
9570 0.98416282
9580 0.98415774
9590 0.98434563
9600 0.98411326
9610 0.98415758
9620 0.98409727
9630 0.9843123
9640 0.98454148
9650 0.98459917
9660 0.98433609
9670 0.98405738
9680 0.98405197
9690 0.98416462
9700 0.98402334
9710 0.98391241
9720 0.9841569
9730 0.9841104
9740 0.98405642
9750 0.98387832
9760 0.98412776
9770 0.98428793
9780 0.98423907
9790 0.98427287
9800 0.98408627
9810 0.98417879
9820 0.98415329
9830 0.98389774
9840 0.98383732
9850 0.98385909
9860 0.98396582
9870 0.98410068
9880 0.98396134
9890 0.98396372
9900 0.98397428
9910 0.98390901
9920 0.98405521
9930 0.9839508
9940 0.98394086
9950 0.98400798
9960 0.98381433
9970 0.98393534
9980 0.98399166
9990 0.98386647
10000 0.98379732
