3600.0 0.60
4300 0.9003
4313.5 0.9035
4327 0.9066
4340.5 0.9096
4354 0.9125
4367.5 0.9153
4381 0.9180
4394.5 0.9207
4408 0.9232
4421.5 0.9257
4435 0.9280
4448.5 0.9303
4462 0.9325
4475.5 0.9346
4489 0.9366
4502.5 0.9385
4516 0.9400
4529.5 0.9415
4543 0.9430
4556.5 0.9444
4570 0.9457
4583.5 0.9469
4597 0.9481
4610.5 0.9493
4624 0.9504
4637.5 0.9515
4651 0.9525
4664.5 0.9535
4678 0.9545
4691.5 0.9554
4705 0.9563
4718.5 0.9572
4732 0.9581
4745.5 0.9589
4759 0.9597
4772.5 0.9605
4786 0.9613
4799.5 0.9620
4813 0.9627
4826.5 0.9634
4840 0.9640
4853.5 0.9647
4867 0.9653
4880.5 0.9659
4894 0.9665
4907.5 0.9671
4921 0.9677
4934.5 0.9682
4948 0.9688
4961.5 0.9693
4975 0.9698
4988.5 0.9703
5002 0.9708
5015.5 0.9712
5029 0.9716
5042.5 0.9720
5056 0.9724
5069.5 0.9727
5083 0.9731
5096.5 0.9734
5110 0.9737
5123.5 0.9741
5137 0.9744
5150.5 0.9747
5164 0.9750
5177.5 0.9753
5191 0.9755
5204.5 0.9758
5218 0.9761
5231.5 0.9763
5245 0.9766
5258.5 0.9768
5272 0.9771
5285.5 0.9773
5299 0.9775
5312.5 0.9777
5326 0.9779
5339.5 0.9782
5353 0.9784
5366.5 0.9786
5380 0.9789
5393.5 0.9791
5407 0.9793
5420.5 0.9795
5434 0.9797
5447.5 0.9799
5461 0.9801
5474.5 0.9802
5488 0.9804
5501.5 0.9806
5515 0.9807
5528.5 0.9809
5542 0.9811
5555.5 0.9812
5569 0.9814
5582.5 0.9815
5596 0.9817
5609.5 0.9818
5623 0.9819
5636.5 0.9821
5650 0.9822
5663.5 0.9823
5677 0.9824
5690.5 0.9826
5704 0.9827
5717.5 0.9828
5731 0.9829
5744.5 0.9830
5758 0.9831
5771.5 0.9832
5785 0.9833
5798.5 0.9834
5812 0.9835
5825.5 0.9836
5839 0.9837
5852.5 0.9838
5866 0.9839
5879.5 0.9840
5893 0.9841
5906.5 0.9842
5920 0.9843
5933.5 0.9844
5947 0.9845
5960.5 0.9845
5974 0.9846
5987.5 0.9847
6001 0.9848
6014.5 0.9848
6028 0.9849
6041.5 0.9850
6055 0.9850
6068.5 0.9851
6082 0.9851
6095.5 0.9852
6109 0.9852
6122.5 0.9853
6136 0.9853
6149.5 0.9854
6163 0.9854
6176.5 0.9855
6190 0.9855
6203.5 0.9856
6217 0.9856
6230.5 0.9856
6244 0.9857
6257.5 0.9857
6271 0.9858
6284.5 0.9858
6298 0.9858
6311.5 0.9859
6325 0.9859
6338.5 0.9859
6352 0.9860
6365.5 0.9860
6379 0.9860
6392.5 0.9860
6406 0.9861
6419.5 0.9861
6433 0.9861
6446.5 0.9862
6460 0.9862
6473.5 0.9862
6487 0.9862
6500.5 0.9862
6514 0.9863
6527.5 0.9863
6541 0.9863
6554.5 0.9864
6568 0.9864
6581.5 0.9864
6595 0.9864
6608.5 0.9865
6622 0.9865
6635.5 0.9865
6649 0.9865
6662.5 0.9866
6676 0.9866
6689.5 0.9866
6703 0.9866
6716.5 0.9866
6730 0.9867
6743.5 0.9867
6757 0.9867
6770.5 0.9867
6784 0.9867
6797.5 0.9867
6811 0.9868
6824.5 0.9868
6838 0.9868
6851.5 0.9868
6865 0.9868
6878.5 0.9868
6892 0.9868
6905.5 0.9868
6919 0.9869
6932.5 0.9869
6946 0.9869
6959.5 0.9869
6973 0.9869
6986.5 0.9869
7000 0.9869
7013.5 0.9869
7027 0.9869
7040.5 0.9869
7054 0.9869
7067.5 0.9869
7081 0.9870
7094.5 0.9870
7108 0.9870
7121.5 0.9870
7135 0.9870
7148.5 0.9870
7162 0.9870
7175.5 0.9870
7189 0.9870
7202.5 0.9870
7216 0.9870
7229.5 0.9870
7243 0.9870
7256.5 0.9870
7270 0.9870
7283.5 0.9870
7297 0.9870
7310.5 0.9870
7324 0.9870
7337.5 0.9870
7351 0.9870
7364.5 0.9870
7378 0.9870
7391.5 0.9870
7405 0.9870
7418.5 0.9870
7432 0.9870
7445.5 0.9870
7459 0.9870
7472.5 0.9870
7486 0.9870
7499.5 0.9870
7513 0.9869
7526.5 0.9869
7540 0.9869
7553.5 0.9869
7567 0.9869
7580.5 0.9868
7594 0.9868
7607.5 0.9868
7621 0.9868
7634.5 0.9867
7648 0.9867
7661.5 0.9867
7675 0.9867
7688.5 0.9866
7702 0.9866
7715.5 0.9866
7729 0.9866
7742.5 0.9865
7756 0.9865
7769.5 0.9865
7783 0.9865
7796.5 0.9864
7810 0.9864
7823.5 0.9864
7837 0.9863
7850.5 0.9863
7864 0.9863
7877.5 0.9863
7891 0.9862
7904.5 0.9862
7918 0.9862
7931.5 0.9861
7945 0.9861
7958.5 0.9861
7972 0.9860
7985.5 0.9860
7999 0.9860
8012.5 0.9859
8026 0.9859
8039.5 0.9859
8053 0.9858
8066.5 0.9858
8080 0.9858
8093.5 0.9857
8107 0.9857
8120.5 0.9857
8134 0.9856
8147.5 0.9856
8161 0.9856
8174.5 0.9855
8188 0.9855
8201.5 0.9855
8215 0.9854
8228.5 0.9854
8242 0.9854
8255.5 0.9853
8269 0.9853
8282.5 0.9852
8296 0.9852
8309.5 0.9852
8323 0.9851
8336.5 0.9851
8350 0.9851
8363.5 0.9850
8377 0.9850
8390.5 0.9850
8404 0.9849
8417.5 0.9849
8431 0.9849
8444.5 0.9848
8458 0.9848
8471.5 0.9847
8485 0.9847
8498.5 0.9847
8512 0.9846
8525.5 0.9846
8539 0.9846
8552.5 0.9846
8566 0.9845
8579.5 0.9845
8593 0.9845
8606.5 0.9844
8620 0.9844
8633.5 0.9844
8647 0.9843
8660.5 0.9843
8674 0.9843
8687.5 0.9843
8701 0.9842
8714.5 0.9842
8728 0.9842
8741.5 0.9841
8755 0.9841
8768.5 0.9841
8782 0.9840
8795.5 0.9840
8809 0.9840
8822.5 0.9839
8836 0.9839
8849.5 0.9839
8863 0.9838
8876.5 0.9838
8890 0.9838
8903.5 0.9837
8917 0.9837
8930.5 0.9837
8944 0.9836
8957.5 0.9836
8971 0.9836
8984.5 0.9835
8998 0.9835
9011.5 0.9835
9025 0.9834
9038.5 0.9834
9052 0.9834
9065.5 0.9833
9079 0.9833
9092.5 0.9832
9106 0.9832
9119.5 0.9832
9133 0.9831
9146.5 0.9831
9160 0.9831
9173.5 0.9830
9187 0.9830
9200.5 0.9829
9214 0.9829
9227.5 0.9829
9241 0.9828
9254.5 0.9828
9268 0.9827
9281.5 0.9827
9295 0.9827
9308.5 0.9826
9322 0.9826
9335.5 0.9825
9349 0.9825
9362.5 0.9825
9376 0.9824
9389.5 0.9824
9403 0.9823
9416.5 0.9823
9430 0.9823
9443.5 0.9822
9457 0.9822
9470.5 0.9822
9484 0.9821
9497.5 0.9821
9511 0.9820
9524.5 0.9819
9538 0.9818
9551.5 0.9817
9565 0.9816
9578.5 0.9815
9592 0.9815
9605.5 0.9814
9619 0.9813
9632.5 0.9812
9646 0.9811
9659.5 0.9810
9673 0.9809
9686.5 0.9808
9700 0.9807
10001 0.9800
10101 0.9800
