# use 8-8380R curve for SPAM open * geometric throughput (0.423144837213333)
# Throughput from np.sum(ls1)/np.sum(ls0), with ls1 and ls0 the pupil images in
# CGI_SEQ_NFOV_ALIGN_LSAM_1 and CGI_SEQ_NFOV_ALIGN_LSAM_0 data files from D.
# Marx's cgisim runs.
3000 0.08066793
3010 0.079694464
3020 0.079290627
3030 0.079258269
3040 0.079178337
3050 0.079249955
3060 0.07980364
3070 0.081098243
3080 0.083036077
3090 0.084646511
3100 0.08782757
3110 0.092365887
3120 0.097555518
3130 0.104183417
3140 0.110917695
3150 0.118632036
3160 0.126667497
3170 0.133480726
3180 0.141063964
3190 0.148844159
3200 0.156163134
3210 0.162290432
3220 0.167500128
3230 0.173293476
3240 0.177714163
3250 0.181222469
3260 0.184814102
3270 0.18789876
3280 0.190853694
3290 0.193548475
3300 0.195497083
3310 0.197163478
3320 0.198581322
3330 0.200401822
3340 0.202347226
3350 0.205149469
3360 0.207136054
3370 0.208201393
3380 0.210216548
3390 0.212044534
3400 0.213424494
3410 0.214199221
3420 0.214496675
3430 0.214393986
3440 0.214226628
3450 0.213121653
3460 0.212062027
3470 0.211246419
3480 0.20979648
3490 0.207402529
3500 0.204851876
3510 0.20284933
3520 0.20015859
3530 0.197995846
3540 0.196219433
3550 0.194061192
3560 0.193091944
3570 0.192537752
3580 0.19166246
3590 0.191981346
3600 0.193103712
3610 0.194351972
3620 0.196704209
3630 0.199997562
3640 0.204288353
3650 0.209839475
3660 0.217026239
3670 0.224584127
3680 0.233187478
3690 0.24224232
3700 0.251765043
3710 0.262827927
3720 0.272552388
3730 0.28732096
3740 0.299995954
3750 0.309541378
3760 0.318924226
3770 0.327494724
3780 0.335440597
3790 0.342924552
3800 0.349671956
3810 0.355048452
3820 0.360083765
3830 0.365443699
3840 0.370164658
3850 0.374150763
3860 0.37716231
3870 0.380224245
3880 0.383307342
3890 0.386618852
3900 0.388855388
3910 0.391114246
3920 0.393262023
3930 0.395401308
3940 0.39680854
3950 0.398098192
3960 0.399352778
3970 0.400550028
3980 0.401709263
3990 0.402934043
4000 0.403675609
4010 0.405093326
4020 0.406100931
4030 0.406533563
4040 0.407172423
4050 0.40805358
4060 0.408906741
4070 0.409004251
4080 0.409200446
4090 0.410753261
4100 0.411004973
4110 0.410984547
4120 0.411650539
4130 0.41201818
4140 0.412262056
4150 0.412729347
4160 0.412906657
4170 0.413452777
4180 0.413399329
4190 0.413819863
4200 0.4141423
4210 0.414367404
4220 0.414785366
4230 0.4148962
4240 0.414926679
4250 0.415173838
4260 0.414861735
4270 0.415191365
4280 0.415634359
4290 0.41569153
4300 0.41579903
4310 0.416080244
4320 0.416165283
4330 0.416148772
4340 0.415986559
4350 0.416577232
4360 0.416668457
4370 0.416806716
4380 0.417335283
4390 0.416704907
4400 0.416568777
4410 0.417038206
4420 0.417076784
4430 0.417064851
4440 0.417581566
4450 0.417484078
4460 0.417919743
4470 0.417417039
4480 0.417577487
4490 0.417584904
4500 0.417603167
4510 0.417801246
4520 0.417692734
4530 0.417928519
4540 0.417817994
4550 0.418137426
4560 0.417671014
4570 0.418038368
4580 0.417643633
4590 0.417925633
4600 0.417836071
4610 0.417982453
4620 0.418238126
4630 0.417873857
4640 0.418047673
4650 0.418179368
4660 0.418405539
4670 0.418238194
4680 0.418191445
4690 0.418312066
4700 0.418308537
4710 0.417984561
4720 0.417959502
4730 0.418208133
4740 0.418328797
4750 0.418449758
4760 0.418100671
4770 0.418400326
4780 0.418224365
4790 0.41811227
4800 0.417972247
4810 0.418374302
4820 0.41811568
4830 0.418192519
4840 0.418350158
4850 0.418330833
4860 0.417986994
4870 0.418388672
4880 0.418131311
4890 0.417888926
4900 0.418243259
4910 0.418320127
4920 0.41839265
4930 0.418252217
4940 0.418258378
4950 0.417919561
4960 0.418153167
4970 0.418122336
4980 0.41820909
4990 0.4178802
5000 0.417853707
5010 0.418161304
5020 0.418313848
5030 0.418008109
5040 0.418011388
5050 0.417849696
5060 0.417826931
5070 0.417862555
5080 0.417800751
5090 0.417765283
5100 0.418008676
5110 0.417799701
5120 0.417578215
5130 0.41766165
5140 0.418073624
5150 0.417658769
5160 0.41750939
5170 0.41763924
5180 0.417700355
5190 0.41741345
5200 0.41734598
5210 0.417638809
5220 0.417572726
5230 0.417684661
5240 0.41781518
5250 0.41735556
5260 0.417508345
5270 0.417432357
5280 0.417450247
5290 0.417331796
5300 0.417041125
5310 0.4170596
5320 0.416889881
5330 0.417089482
5340 0.41708735
5350 0.41678101
5360 0.416834482
5370 0.417056625
5380 0.417030073
5390 0.417031765
5400 0.41682646
5410 0.416757292
5420 0.416955362
5430 0.417172385
5440 0.416685882
5450 0.416682358
5460 0.416760089
5470 0.416501578
5480 0.416458823
5490 0.416866358
5500 0.416543096
5510 0.416614722
5520 0.416192902
5530 0.416410017
5540 0.416443074
5550 0.416285016
5560 0.416332772
5570 0.416344874
5580 0.4162464
5590 0.416088863
5600 0.415902244
5610 0.415736434
5620 0.415815871
5630 0.415573079
5640 0.415710271
5650 0.415524608
5660 0.415801154
5670 0.415530964
5680 0.415473103
5690 0.415622236
5700 0.415456109
5710 0.415720376
5720 0.415575225
5730 0.415569487
5740 0.41534676
5750 0.415392071
5760 0.415253833
5770 0.415006755
5780 0.414892273
5790 0.415076269
5800 0.415460231
5810 0.415105437
5820 0.414913798
5830 0.414905412
5840 0.415099669
5850 0.414965003
5860 0.415002875
5870 0.415179089
5880 0.415048477
5890 0.414972988
5900 0.414859251
5910 0.414896568
5920 0.414769396
5930 0.414738688
5940 0.414457251
5950 0.414539561
5960 0.414430652
5970 0.414814139
5980 0.415108246
5990 0.41462914
6000 0.414652997
6010 0.414414928
6020 0.414316661
6030 0.414757328
6040 0.414551328
6050 0.414473144
6060 0.414428959
6070 0.414442343
6080 0.414193602
6090 0.414549242
6100 0.414242627
6110 0.414376269
6120 0.414142452
6130 0.414096553
6140 0.414263687
6150 0.414208171
6160 0.414309014
6170 0.414235353
6180 0.414248132
6190 0.414226882
6200 0.414210849
6210 0.414660106
6220 0.41435028
6230 0.414142947
6240 0.414343268
6250 0.414802054
6260 0.414107229
6270 0.41434846
6280 0.414205403
6290 0.414182456
6300 0.414486989
6310 0.414837996
6320 0.414687644
6330 0.414341161
6340 0.414311748
6350 0.414619103
6360 0.414334594
6370 0.4144398
6380 0.414607704
6390 0.414710448
6400 0.4146981
6410 0.414742992
6420 0.414596893
6430 0.414628768
6440 0.414411026
6450 0.414445792
6460 0.414631256
6470 0.414549949
6480 0.414730039
6490 0.415127173
6500 0.415186291
6510 0.414566536
6520 0.414574233
6530 0.414491407
6540 0.414660809
6550 0.415043607
6560 0.415027189
6570 0.41480833
6580 0.415101472
6590 0.41470724
6600 0.414737009
6610 0.414560375
6620 0.414869817
6630 0.415497552
6640 0.415279214
6650 0.415082472
6660 0.415258268
6670 0.415176326
6680 0.415029956
6690 0.414736742
6700 0.415112025
6710 0.415546455
6720 0.41564198
6730 0.41541261
6740 0.415282688
6750 0.415381945
6760 0.4155072
6770 0.415946052
6780 0.415866903
6790 0.415377371
6800 0.415344496
6810 0.415647257
6820 0.415479814
6830 0.415462266
6840 0.415701593
6850 0.415834993
6860 0.415677126
6870 0.415532098
6880 0.415511118
6890 0.415587788
6900 0.415460353
6910 0.415536604
6920 0.415686072
6930 0.416206599
6940 0.416395102
6950 0.416194539
6960 0.415798171
6970 0.416207323
6980 0.416563526
6990 0.416049528
7000 0.416266965
7010 0.416561101
7020 0.416494689
7030 0.416452146
7040 0.416533838
7050 0.416464844
7060 0.416068146
7070 0.415996364
7080 0.41629741
7090 0.416091813
7100 0.416321957
7110 0.417110411
7120 0.417174225
7130 0.417195895
7140 0.416900734
7150 0.416741433
7160 0.416645802
7170 0.416627967
7180 0.417003224
7190 0.416963135
7200 0.416802675
7210 0.417082268
7220 0.417600447
7230 0.417113013
7240 0.416369789
7250 0.416602146
7260 0.416842188
7270 0.417087041
7280 0.417262874
7290 0.417033598
7300 0.417721665
7310 0.417504173
7320 0.417151549
7330 0.417414999
7340 0.417166118
7350 0.41773978
7360 0.417096735
7370 0.416808044
7380 0.41731939
7390 0.416853867
7400 0.41665622
7410 0.417138796
7420 0.417155688
7430 0.416606983
7440 0.4172496
7450 0.417244434
7460 0.417299176
7470 0.416563852
7480 0.416772141
7490 0.417391561
7500 0.417223463
7510 0.417669216
7520 0.417759414
7530 0.417250028
7540 0.417859415
7550 0.417588865
7560 0.417888896
7570 0.418561789
7580 0.419062277
7590 0.418538703
7600 0.417338181
7610 0.416776347
7620 0.416857612
7630 0.417912491
7640 0.418469514
7650 0.41841349
7660 0.418490024
7670 0.41842169
7680 0.417523045
7690 0.417098597
7700 0.41726909
7710 0.418485217
7720 0.418012361
7730 0.416975051
7740 0.416690732
7750 0.417620427
7760 0.418598899
7770 0.417854879
7780 0.417861383
7790 0.418570303
7800 0.418384564
7810 0.41832292
7820 0.418360102
7830 0.418286216
7840 0.419176069
7850 0.4171889
7860 0.417863871
7870 0.418239577
7880 0.418042722
7890 0.420864116
7900 0.418444345
7910 0.417748945
7920 0.418456388
7930 0.418706619
7940 0.418540404
7950 0.418071017
7960 0.4186384
7970 0.418923506
7980 0.41820072
7990 0.416778082
8000 0.416955282
8010 0.417647907
8020 0.418571733
8030 0.41611872
8040 0.419269579
8050 0.417565478
8060 0.418628452
8070 0.418034411
8080 0.418608458
8090 0.41804295
8100 0.419177715
8110 0.418290363
8120 0.418691559
8130 0.41729326
8140 0.41912888
8150 0.418493616
8160 0.416595071
8170 0.417950011
8180 0.419286966
8190 0.418575918
8200 0.418157889
8210 0.416657392
8220 0.418742045
8230 0.420128589
8240 0.41925168
8250 0.421010317
8260 0.419955984
8270 0.42008126
8280 0.418909301
8290 0.41923065
8300 0.417732959
8310 0.417815243
8320 0.417687263
8330 0.420510261
8340 0.415836288
8350 0.416288901
8360 0.418151174
8370 0.420430498
8380 0.418570206
8390 0.416789968
8400 0.419104726
8410 0.416715812
8420 0.417430486
8430 0.417174737
8440 0.41677154
8450 0.41497135
8460 0.419480119
8470 0.416598554
8480 0.41760362
8490 0.420913641
8500 0.419330876
8510 0.421175191
8520 0.418724391
8530 0.41957344
8540 0.4181472
8550 0.418409114
8560 0.417877471
8570 0.419445862
8580 0.419213428
8590 0.419610562
8600 0.418562026
8610 0.420060488
8620 0.419242545
8630 0.418582109
8640 0.419093589
8650 0.4194383
8660 0.420080799
8670 0.419569301
8680 0.418279116
8690 0.418856552
8700 0.419059281
8710 0.41888913
8720 0.418749187
8730 0.419033829
8740 0.419004555
8750 0.419363251
8760 0.418990363
8770 0.41937851
8780 0.418918293
8790 0.419410622
8800 0.419279337
8810 0.418507758
8820 0.419379068
8830 0.41892018
8840 0.418561637
8850 0.419291206
8860 0.419054389
8870 0.418927154
8880 0.418746251
8890 0.418914705
8900 0.419211981
8910 0.419915992
8920 0.419355981
8930 0.419028704
8940 0.419036393
8950 0.418981486
8960 0.419089904
8970 0.418950596
8980 0.419493982
8990 0.419195394
9000 0.419278745
9010 0.419117878
9020 0.419201436
9030 0.418971677
9040 0.418933903
9050 0.41879768
9060 0.419550497
9070 0.419308136
9080 0.419121132
9090 0.418937322
9100 0.41920414
9110 0.418900694
9120 0.419238906
9130 0.419073101
9140 0.41927913
9150 0.419252235
9160 0.419362815
9170 0.418949987
9180 0.419318118
9190 0.419530173
9200 0.419085431
9210 0.419540595
9220 0.419283873
9230 0.41920739
9240 0.419378768
9250 0.419265369
9260 0.419211545
9270 0.419376711
9280 0.419128025
9290 0.419104422
9300 0.418976268
9310 0.419103466
9320 0.419167576
9330 0.419079232
9340 0.418833905
9350 0.419270045
9360 0.419314094
9370 0.419385212
9380 0.419166319
9390 0.418946479
9400 0.419508897
9410 0.419236917
9420 0.419338497
9430 0.419413423
9440 0.419233807
9450 0.419222026
9460 0.419136649
9470 0.419035547
9480 0.419092553
9490 0.418896827
9500 0.418775456
9510 0.419006637
9520 0.418834261
9530 0.418774729
9540 0.418951709
9550 0.418912018
9560 0.418900343
9570 0.418838082
9580 0.418703327
9590 0.418680964
9600 0.41854345
9610 0.418803896
9620 0.418676656
9630 0.418611759
9640 0.418547026
9650 0.418689693
9660 0.418548532
9670 0.418684442
9680 0.418565208
9690 0.418625777
9700 0.418512628
9710 0.4185181
9720 0.418629916
9730 0.41832757
9740 0.418585553
9750 0.418617691
9760 0.418320296
9770 0.418295669
9780 0.418477647
9790 0.418291688
9800 0.418252724
9810 0.418343028
9820 0.418451607
9830 0.418366258
9840 0.418240868
9850 0.418267213
9860 0.418291573
9870 0.418118896
9880 0.418190107
9890 0.418334091
9900 0.418185567
9910 0.418186087
9920 0.418221272
9930 0.418234444
9940 0.418142906
9950 0.418138289
9960 0.418168599
9970 0.418059034
9980 0.41802858
9990 0.418072748
10000 0.418189519
