# Bare aluminum curve (alum.txt) * geometric thpt loss (0.38773208100028345)
# as derived from Calibration/pupilfit/testdata/:
#  imageUnmasked_SPCSPEC_LS2SPM.fits and imageUnmasked_SPCSPEC_LS2PUPIL.fits
# and further multiplied by 0.9252595 for SPEC -> SPECROT (see issue #260)
4.042771172000000206e+03 3.230753558146438054e-01
4.069762237999999797e+03 3.229649661457188459e-01
4.097156845000000430e+03 3.232483543032184659e-01
4.121793456000000333e+03 3.232448761949058280e-01
4.146649940999999671e+03 3.234559530635125468e-01
4.173558272999999645e+03 3.232648303839163462e-01
4.200829622000000199e+03 3.234279434393239616e-01
4.228018237999999656e+03 3.235103238428131411e-01
4.255186592000000019e+03 3.235729330212155364e-01
4.282289096000000427e+03 3.235712852696446262e-01
4.309499662000000171e+03 3.236750846497916667e-01
4.336647753999999622e+03 3.237179222443544169e-01
4.363898841999999604e+03 3.238612640746751370e-01
4.390972643000000062e+03 3.238316070576684469e-01
4.418240616000000045e+03 3.239914249686869918e-01
4.445415724000000409e+03 3.240606244358674171e-01
4.472557061999999860e+03 3.240968717416521372e-01
4.499696713000000273e+03 3.241314716546187524e-01
4.526784021000000394e+03 3.241149955739208721e-01
4.553876393999999891e+03 3.241034623891829725e-01
4.581070074999999633e+03 3.241907853298793274e-01
4.608138810000000376e+03 3.241561857756655174e-01
4.635167022999999972e+03 3.240820434125252225e-01
4.662318492000000333e+03 3.241281761514769877e-01
4.689628676000000269e+03 3.243291842642401224e-01
4.716643380999999863e+03 3.242418613235437119e-01
4.743666527999999744e+03 3.241627760644435474e-01
4.770828128000000106e+03 3.242187945953150519e-01
4.797883356000000276e+03 3.241710141047924876e-01
4.825060152000000016e+03 3.242418613235437119e-01
4.852106936999999562e+03 3.241858424339194023e-01
4.879217883999999685e+03 3.241924330814502375e-01
4.906364287999999760e+03 3.242336232831948273e-01
4.933466792000000169e+03 3.242319755316239727e-01
4.960589557999999670e+03 3.242500993638927076e-01
4.987714012000000366e+03 3.242698705889795474e-01
5.014803009000000202e+03 3.242550419010998275e-01
5.041902135999999700e+03 3.242500993638927076e-01
5.068992820999999822e+03 3.242369184275838978e-01
5.096078440999999657e+03 3.242187945953150519e-01
5.123233287000000018e+03 3.242682228374086373e-01
5.150264876000000186e+03 3.241973756186573019e-01
5.177320104000000356e+03 3.241495951281347376e-01
5.204353382000000238e+03 3.240803956609543124e-01
5.231383281999999781e+03 3.240079010493848721e-01
5.258497605999999905e+03 3.240177868413046669e-01
5.285556209999999737e+03 3.239733011364183124e-01
5.312618191999999908e+03 3.239321112934264169e-01
5.339722385000000031e+03 3.239321112934264169e-01
5.366843461999999818e+03 3.239485873741242972e-01
5.393900378000000273e+03 3.239024542764197268e-01
5.420893132999999580e+03 3.237937123590656774e-01
5.447943295000000035e+03 3.237409889725830769e-01
5.475066061000000445e+03 3.237591124460990621e-01
5.502143237999999656e+03 3.237327509322341368e-01
5.529168072999999822e+03 3.236553134247047714e-01
5.556201350999999704e+03 3.235861139575244017e-01
5.583216056000000208e+03 3.234987906580751860e-01
5.610298299000000043e+03 3.234773716814174360e-01
5.637414311000000453e+03 3.234889048661553912e-01
5.664388492000000042e+03 3.233620394752853566e-01
5.691421769999999924e+03 3.232928400081048759e-01
5.718524274000000332e+03 3.232911922565339657e-01
5.745604828999999881e+03 3.232681258870581109e-01
5.772570568000000094e+03 3.231330220970863865e-01
5.799632548999999926e+03 3.230918318953417412e-01
5.826677646000000095e+03 3.230341656128992156e-01
5.853746382000000267e+03 3.229995660586854056e-01
5.880828623999999763e+03 3.229781470820277112e-01
5.907799428999999691e+03 3.228479861880157453e-01
5.934812444999999570e+03 3.227590154957484803e-01
5.961830527000000075e+03 3.226749873406883351e-01
5.988850296999999955e+03 3.225926069371991001e-01
6.015908902000000126e+03 3.225481215910654398e-01
6.042920229000000290e+03 3.224575035059801253e-01
6.069907919000000220e+03 3.223438186926660398e-01
6.096920935000000100e+03 3.222548476416459695e-01
6.123932262999999693e+03 3.221642295565605441e-01
6.150967228999999861e+03 3.220966774821982792e-01
6.177978557000000364e+03 3.220060590383601040e-01
6.205054046000000199e+03 3.219780497729243796e-01
6.232026539000000412e+03 3.218495366304833794e-01
6.259020982000000004e+03 3.217424421059473238e-01
6.286025555999999597e+03 3.216452333733311186e-01
6.312960903000000144e+03 3.214804729251054538e-01
6.340014441999999690e+03 3.214310446830118684e-01
6.367015639000000192e+03 3.213305404472538984e-01
6.393994886999999835e+03 3.212086175935909282e-01
6.420958937999999762e+03 3.210718664108009879e-01
6.447872335000000021e+03 3.208856869859175731e-01
6.474880285999999614e+03 3.207917733976903829e-01
6.501871352000000115e+03 3.206813837287653124e-01
6.528850599000000329e+03 3.205594608751023422e-01
6.555789324000000306e+03 3.203979952125128317e-01
6.582800650999999561e+03 3.203073771274275172e-01
6.609749506000000110e+03 3.201557972567578014e-01
6.636661215000000084e+03 3.199679700803034765e-01
6.663623577999999725e+03 3.198295711459426260e-01
6.690580874999999651e+03 3.196862293156219614e-01
6.717501025999999911e+03 3.195066401795164657e-01
6.744409357999999884e+03 3.193155178586731258e-01
6.771415621000000101e+03 3.192199568776277752e-01
6.798312133999999787e+03 3.190173010132937303e-01
6.825222154000000046e+03 3.188278264440212451e-01
6.852105158999999730e+03 3.186119900021310847e-01
6.879074276000000282e+03 3.184801813565482642e-01
6.905979231000000254e+03 3.182857638913158538e-01
6.932906135999999606e+03 3.181127650439884991e-01
6.959817844999999579e+03 3.179249382262868684e-01
6.986635000000000218e+03 3.176448448544234582e-01
7.013582166999999572e+03 3.174916175909356930e-01
7.040574921999999788e+03 3.173828756735815326e-01
7.067361684999999852e+03 3.170731256434641820e-01
7.094266639999999825e+03 3.168787078194790219e-01
7.121185102999999799e+03 3.166974712905554767e-01
7.147980308999999579e+03 3.163959593007871218e-01
7.174944360000000415e+03 3.162592077592444317e-01
7.201861133999999765e+03 3.160763234787499210e-01
7.228690109000000120e+03 3.158077636503772156e-01
7.255584933000000092e+03 3.156034603932250104e-01
7.282403777000000446e+03 3.153250151316852601e-01
7.309315486000000419e+03 3.151371879552308797e-01
7.336220441000000392e+03 3.149427704899984692e-01
7.363010580999999547e+03 3.146363156042701892e-01
7.389787213999999949e+03 3.143166797822330438e-01
7.416643203999999969e+03 3.140744818264780136e-01
7.443585304999999607e+03 3.139163116670303233e-01
7.469161672000000181e+03 3.136276509197554740e-01
7.494625587999999880e+03 3.132292595324333018e-01
7.521402219999999943e+03 3.129096240691490172e-01
7.548278471999999965e+03 3.126871969797279660e-01
7.573851461999999628e+03 3.123952414468169625e-01
7.599298493000000235e+03 3.119803739787969099e-01
7.626061617999999726e+03 3.116475575792037600e-01
7.652839939000000413e+03 3.113295695087374693e-01
7.679657094000000143e+03 3.110494764956268643e-01
7.706479314999999588e+03 3.107743260197233237e-01
7.731952855000000454e+03 3.103853260629744759e-01
7.754974909999999909e+03 3.100085552713789383e-01
7.779182464999999866e+03 3.095864018929184724e-01
7.806036766999999600e+03 3.093425561855925321e-01
7.832767810999999710e+03 3.089784350174217264e-01
7.859527559000000110e+03 3.086423234734395060e-01
7.885085353000000396e+03 3.083355388938958663e-01
7.909294635000000198e+03 3.079150698597910019e-01
7.934790968999999677e+03 3.075483125761089842e-01
7.961554094000000077e+03 3.072154961765157788e-01
7.984560618999999861e+03 3.068235716670115187e-01
8.007615687999999864e+03 3.064790161585780326e-01
8.033156090999999833e+03 3.061552614957428475e-01
8.058657659000000422e+03 3.057936117755519767e-01
8.085454552999999578e+03 3.054937475373544764e-01
8.112259888999999930e+03 3.052021209807531110e-01
8.139075356000000284e+03 3.049203802160715404e-01
8.162279430999999931e+03 3.047212257789815304e-01
8.185317614999999932e+03 3.043601941898502750e-01
8.212171915999999328e+03 3.041163484825243346e-01
8.239108952000000500e+03 3.039532354271167192e-01
8.265991957000000184e+03 3.037373989852265588e-01
8.292956007999999201e+03 3.036006474436838687e-01
8.319979155000000901e+03 3.035215625433363984e-01
8.347073216999999204e+03 3.035116767514166036e-01
8.374202736999999615e+03 3.035363908724633686e-01
8.401436940999999933e+03 3.036632566220862639e-01
8.428682963999999629e+03 3.038016555564470589e-01
8.456003278000000137e+03 3.040125491023773496e-01
8.483365804999999455e+03 3.042646328500521746e-01
8.510662480999999389e+03 3.044524600265065550e-01
8.538011500000000524e+03 3.046913631966253755e-01
8.565416236999999455e+03 3.049846371460448458e-01
8.590404796999999235e+03 3.053245930849396994e-01
8.614266763999999966e+03 3.057674149292183285e-01
8.635524795999999697e+03 3.060737047886626372e-01
8.652008331000000908e+03 3.065298173476042609e-01
8.672120408999999199e+03 3.069200804729316223e-01
8.693553028000000268e+03 3.073967327054393239e-01
8.716083760999999868e+03 3.077427300413413946e-01
8.731640052999999170e+03 3.081527489653855256e-01
8.745309778000000733e+03 3.086110187048619058e-01
8.761721230999999534e+03 3.089967941915215954e-01
8.780627877999999328e+03 3.094129911973864666e-01
8.799837442000000010e+03 3.097812900418130955e-01
8.812617285000000265e+03 3.101726749871192568e-01
8.831146119000000908e+03 3.106209340887043369e-01
8.852476851999999781e+03 3.109981651601312347e-01
8.870141540000000532e+03 3.114046532392024114e-01
8.886557415999999648e+03 3.117947438044371689e-01
8.900438872999999148e+03 3.121161367976466039e-01
