# Bare aluminum curve (alum.txt) * geometric thpt loss (0.2737443859885439)
# as derived from Calibration/pupilfit/testdata/:
#  imageMasked_SPCSPEC_LS2SPM.fits and imageUnmasked_SPCSPEC_LS2PUPIL.fits
# and further multiplied by 0.9157 for SPEC -> SPECROT (see issue #260)
4.042771172000000206e+03 2.257391980641517415e-01
4.069762237999999797e+03 2.256620665996521835e-01
4.097156845000000430e+03 2.258600755602971355e-01
4.121793456000000333e+03 2.258576453366135661e-01
4.146649940999999671e+03 2.260051289567399369e-01
4.173558272999999645e+03 2.258715877266602723e-01
4.200829622000000199e+03 2.259855580733884095e-01
4.228018237999999656e+03 2.260431189052041490e-01
4.255186592000000019e+03 2.260868651875176938e-01
4.282289096000000427e+03 2.260857138706142688e-01
4.309499662000000171e+03 2.261582405688356556e-01
4.336647753999999622e+03 2.261881720509792415e-01
4.363898841999999604e+03 2.262883278482051008e-01
4.390972643000000062e+03 2.262676058986179128e-01
4.418240616000000045e+03 2.263792738622069090e-01
4.445415724000000409e+03 2.264276249107986250e-01
4.472557061999999860e+03 2.264529516266639841e-01
4.499696713000000273e+03 2.264771272762937104e-01
4.526784021000000394e+03 2.264656151099305459e-01
4.553876393999999891e+03 2.264575566436098919e-01
4.581070074999999633e+03 2.265185709248004053e-01
4.608138810000000376e+03 2.264943955258384156e-01
4.635167022999999972e+03 2.264425907772042446e-01
4.662318492000000333e+03 2.264748246424868883e-01
4.689628676000000269e+03 2.266152730219838096e-01
4.716643380999999863e+03 2.265542587407932684e-01
4.743666527999999744e+03 2.264990002921166146e-01
4.770828128000000106e+03 2.265381415574842239e-01
4.797883356000000276e+03 2.265047563752981830e-01
4.825060152000000016e+03 2.265542587407932684e-01
4.852106936999999562e+03 2.265151172247579225e-01
4.879217883999999685e+03 2.265197222417038303e-01
4.906364287999999760e+03 2.265485026576117000e-01
4.933466792000000169e+03 2.265473513407082751e-01
4.960589557999999670e+03 2.265600148239748646e-01
4.987714012000000366e+03 2.265738293734770870e-01
5.014803009000000202e+03 2.265634682733496386e-01
5.041902135999999700e+03 2.265600148239748646e-01
5.068992820999999822e+03 2.265508050407507856e-01
5.096078440999999657e+03 2.265381415574842239e-01
5.123233287000000018e+03 2.265726780565736620e-01
5.150264876000000186e+03 2.265231756910785765e-01
5.177320104000000356e+03 2.264897905088925356e-01
5.204353382000000238e+03 2.264414394603008474e-01
5.231383281999999781e+03 2.263907860285700735e-01
5.258497605999999905e+03 2.263976934286550668e-01
5.285556209999999737e+03 2.263666103789403472e-01
5.312618191999999908e+03 2.263378302137001863e-01
5.339722385000000031e+03 2.263378302137001863e-01
5.366843461999999818e+03 2.263493423800633508e-01
5.393900378000000273e+03 2.263171082641129706e-01
5.420893132999999580e+03 2.262411281165168375e-01
5.447943295000000035e+03 2.262042892342882583e-01
5.475066061000000445e+03 2.262169524668871112e-01
5.502143237999999656e+03 2.261985331511066899e-01
5.529168072999999822e+03 2.261444260193334332e-01
5.556201350999999704e+03 2.260960749707417172e-01
5.583216056000000208e+03 2.260350604388834672e-01
5.610298299000000043e+03 2.260200945724778199e-01
5.637414311000000453e+03 2.260281530387985016e-01
5.664388492000000042e+03 2.259395096586035157e-01
5.691421769999999924e+03 2.258911586100118274e-01
5.718524274000000332e+03 2.258900072931084024e-01
5.745604828999999881e+03 2.258738903604670945e-01
5.772570568000000094e+03 2.257794906464228035e-01
5.799632548999999926e+03 2.257507102305149338e-01
5.826677646000000095e+03 2.257104176482438718e-01
5.853746382000000267e+03 2.256862422492819098e-01
5.880828623999999763e+03 2.256712763828762625e-01
5.907799428999999691e+03 2.255803303688744543e-01
5.934812444999999570e+03 2.255181647707805159e-01
5.961830527000000075e+03 2.254594526220613515e-01
5.988850296999999955e+03 2.254018917902455843e-01
6.015908902000000126e+03 2.253708089911986290e-01
6.042920229000000290e+03 2.253074923268690299e-01
6.069907919000000220e+03 2.252280584792303586e-01
6.096920935000000100e+03 2.251658926304687114e-01
6.123932262999999693e+03 2.251025759661390846e-01
6.150967228999999861e+03 2.250553759837830570e-01
6.177978557000000364e+03 2.249920590687857769e-01
6.205054046000000199e+03 2.249724884361019306e-01
6.232026539000000412e+03 2.248826937390035474e-01
6.259020982000000004e+03 2.248078646576430473e-01
6.286025555999999597e+03 2.247399429763675405e-01
6.312960903000000144e+03 2.246248215634037704e-01
6.340014441999999690e+03 2.245902850643143045e-01
6.367015639000000192e+03 2.245200607492319478e-01
6.393994886999999835e+03 2.244348708184117358e-01
6.420958937999999762e+03 2.243393200381317842e-01
6.447872335000000021e+03 2.242092327587623390e-01
6.474880285999999614e+03 2.241436134606259178e-01
6.501871352000000115e+03 2.240664819961263599e-01
6.528850599000000329e+03 2.239812920653061201e-01
6.555789324000000306e+03 2.238684727848136435e-01
6.582800650999999561e+03 2.238051561204840723e-01
6.609749506000000110e+03 2.236992442400766168e-01
6.636661215000000084e+03 2.235680056438037744e-01
6.663623577999999725e+03 2.234713035466203701e-01
6.690580874999999651e+03 2.233711477493945108e-01
6.717501025999999911e+03 2.232456652363032645e-01
6.744409357999999884e+03 2.231121242568913365e-01
6.771415621000000101e+03 2.230453538925192269e-01
6.798312133999999787e+03 2.229037541961189084e-01
6.825222154000000046e+03 2.227713645336104054e-01
6.852105158999999730e+03 2.226205553046537444e-01
6.879074276000000282e+03 2.225284579737485391e-01
6.905979231000000254e+03 2.223926146111975255e-01
6.932906135999999606e+03 2.222717368643844227e-01
6.959817844999999579e+03 2.221404985187792891e-01
6.986635000000000218e+03 2.219447916906057139e-01
7.013582166999999572e+03 2.218377287439625978e-01
7.040574921999999788e+03 2.217617485963664370e-01
7.067361684999999852e+03 2.215453200692733549e-01
7.094266639999999825e+03 2.214094764560546047e-01
7.121185102999999799e+03 2.212828428767276701e-01
7.147980308999999579e+03 2.210721704328161841e-01
7.174944360000000415e+03 2.209766194018684959e-01
7.201861133999999765e+03 2.208488345056381363e-01
7.228690109000000120e+03 2.206611863944529239e-01
7.255584933000000092e+03 2.205184356318169170e-01
7.282403777000000446e+03 2.203238803712145033e-01
7.309315486000000419e+03 2.201926417749416609e-01
7.336220441000000392e+03 2.200567984123906751e-01
7.363010580999999547e+03 2.198426722684366508e-01
7.389787213999999949e+03 2.196193363412586030e-01
7.416643203999999969e+03 2.194501077965215485e-01
7.443585304999999607e+03 2.193395911498359219e-01
7.469161672000000181e+03 2.191378981255007186e-01
7.494625587999999880e+03 2.188595341132937577e-01
7.521402219999999943e+03 2.186361984367834466e-01
7.548278471999999965e+03 2.184807841908808779e-01
7.573851461999999628e+03 2.182767890340743255e-01
7.599298493000000235e+03 2.179869128555042002e-01
7.626061617999999726e+03 2.177543673957698100e-01
7.652839939000000413e+03 2.175321827854951595e-01
7.679657094000000143e+03 2.173364762079893209e-01
7.706479314999999588e+03 2.171442230798582285e-01
7.731952855000000454e+03 2.168724210475984349e-01
7.754974909999999909e+03 2.166091637770637679e-01
7.779182464999999866e+03 2.163141967874787908e-01
7.806036766999999600e+03 2.161438169258383390e-01
7.832767810999999710e+03 2.158893981996133082e-01
7.859527559000000110e+03 2.156545503567398325e-01
7.885085353000000396e+03 2.154401938491380675e-01
7.909294635000000198e+03 2.151464037445653676e-01
7.934790968999999677e+03 2.148901431118291072e-01
7.961554094000000077e+03 2.146575976520946893e-01
7.984560618999999861e+03 2.143837521764653253e-01
8.007615687999999864e+03 2.141430043671308237e-01
8.033156090999999833e+03 2.139167905236958322e-01
8.058657659000000422e+03 2.136640986474920567e-01
8.085454552999999578e+03 2.134545775204839679e-01
8.112259888999999930e+03 2.132508122259897387e-01
8.139075356000000284e+03 2.130539543315804474e-01
8.162279430999999931e+03 2.129148011522664363e-01
8.185317614999999932e+03 2.126625411765687701e-01
8.212171915999999328e+03 2.124921613149282906e-01
8.239108952000000500e+03 2.123781909682001812e-01
8.265991957000000184e+03 2.122273817392435202e-01
8.292956007999999201e+03 2.121318307082958321e-01
8.319979155000000901e+03 2.120765725102868871e-01
8.347073216999999204e+03 2.120696651102019215e-01
8.374202736999999615e+03 2.120869333597465989e-01
8.401436940999999933e+03 2.121755769906093214e-01
8.428682963999999629e+03 2.122722790877927257e-01
8.456003278000000137e+03 2.124196346167069038e-01
8.483365804999999455e+03 2.125957705615289239e-01
8.510662480999999389e+03 2.127270091578017663e-01
8.538011500000000524e+03 2.128939355700674718e-01
8.565416236999999455e+03 2.130988519307973894e-01
8.590404796999999235e+03 2.133363859291110831e-01
8.614266763999999966e+03 2.136457943882016652e-01
8.635524795999999697e+03 2.138598052249979231e-01
8.652008331000000908e+03 2.141785001716392245e-01
8.672120408999999199e+03 2.144511848049913127e-01
8.693553028000000268e+03 2.147842312314216240e-01
8.716083760999999868e+03 2.150259864743800930e-01
8.731640052999999170e+03 2.153124748785218423e-01
8.745309778000000733e+03 2.156326770902491918e-01
8.761721230999999534e+03 2.159022261209135318e-01
8.780627877999999328e+03 2.161930312741068005e-01
8.799837442000000010e+03 2.164503690260971280e-01
8.812617285000000265e+03 2.167238374974542192e-01
8.831146119000000908e+03 2.170370450767250825e-01
8.852476851999999781e+03 2.173006239539627960e-01
8.870141540000000532e+03 2.175846452862640334e-01
8.886557415999999648e+03 2.178572093484359151e-01
8.900438872999999148e+03 2.180817730461763193e-01
