# Bare aluminum curve (alum.txt) * geometric thpt loss (0.38773208100028345)
# as derived from Calibration/pupilfit/testdata/:
#  imageUnmasked_SPCSPEC_LS2SPM.fits and imageUnmasked_SPCSPEC_LS2PUPIL.fits
4.042771172000000206e+03 3.491726978373567714e-01
4.069762237999999797e+03 3.490533911251047505e-01
4.097156845000000430e+03 3.493596707769209275e-01
4.121793456000000333e+03 3.493559117143956172e-01
4.146649940999999671e+03 3.495840389247692470e-01
4.173558272999999645e+03 3.493774777604729542e-01
4.200829622000000199e+03 3.495537667425451245e-01
4.228018237999999656e+03 3.496428016603052025e-01
4.255186592000000019e+03 3.497104682753492955e-01
4.282289096000000427e+03 3.497086874219012542e-01
4.309499662000000171e+03 3.498208714958254140e-01
4.336647753999999622e+03 3.498671694204213978e-01
4.363898841999999604e+03 3.500220900997775275e-01
4.390972643000000062e+03 3.499900374518374879e-01
4.418240616000000045e+03 3.501627651147456444e-01
4.445415724000000409e+03 3.502375543681177095e-01
4.472557061999999860e+03 3.502767296543857212e-01
4.499696713000000273e+03 3.503141244749378158e-01
4.526784021000000394e+03 3.502963174913857891e-01
4.553876393999999891e+03 3.502838526804458175e-01
4.581070074999999633e+03 3.503782293830858263e-01
4.608138810000000376e+03 3.503408349502658559e-01
4.635167022999999972e+03 3.502607035242817912e-01
4.662318492000000333e+03 3.503105627680417888e-01
4.689628676000000269e+03 3.505278078898299565e-01
4.716643380999999863e+03 3.504334311871898922e-01
4.743666527999999744e+03 3.503479575885938280e-01
4.770828128000000106e+03 3.504085011775778247e-01
4.797883356000000276e+03 3.503568610803698413e-01
4.825060152000000016e+03 3.504334311871898922e-01
4.852106936999999562e+03 3.503728872104738268e-01
4.879217883999999685e+03 3.503800102365338676e-01
4.906364287999999760e+03 3.504245276954139343e-01
4.933466792000000169e+03 3.504227468419658931e-01
4.960589557999999670e+03 3.504423346789659610e-01
4.987714012000000366e+03 3.504637029816819460e-01
5.014803009000000202e+03 3.504476764638458919e-01
5.041902135999999700e+03 3.504423346789659610e-01
5.068992820999999822e+03 3.504280890145779481e-01
5.096078440999999657e+03 3.504085011775778247e-01
5.123233287000000018e+03 3.504619221282339048e-01
5.150264876000000186e+03 3.503853520214137984e-01
5.177320104000000356e+03 3.503337119242058151e-01
5.204353382000000238e+03 3.502589226708337500e-01
5.231383281999999781e+03 3.501805720982976711e-01
5.258497605999999905e+03 3.501912564435217257e-01
5.285556209999999737e+03 3.501431772777456319e-01
5.312618191999999908e+03 3.500986602065976339e-01
5.339722385000000031e+03 3.500986602065976339e-01
5.366843461999999818e+03 3.501164671901496606e-01
5.393900378000000273e+03 3.500666075586575943e-01
5.420893132999999580e+03 3.499490816998535592e-01
5.447943295000000035e+03 3.498920994300334653e-01
5.475066061000000445e+03 3.499116868793014645e-01
5.502143237999999656e+03 3.498831959382574519e-01
5.529168072999999822e+03 3.497995031931093735e-01
5.556201350999999704e+03 3.497247139397373084e-01
5.583216056000000208e+03 3.496303368493651753e-01
5.610298299000000043e+03 3.496071876932011491e-01
5.637414311000000453e+03 3.496196525041411762e-01
5.664388492000000042e+03 3.494825391960691419e-01
5.691421769999999924e+03 3.494077499426970213e-01
5.718524274000000332e+03 3.494059690892489800e-01
5.745604828999999881e+03 3.493810394673689812e-01
5.772570568000000094e+03 3.492350222797889203e-01
5.799632548999999926e+03 3.491905048209088536e-01
5.826677646000000095e+03 3.491281803784767601e-01
5.853746382000000267e+03 3.490907859456567897e-01
5.880828623999999763e+03 3.490676367894927634e-01
5.907799428999999691e+03 3.489269617745245911e-01
5.934812444999999570e+03 3.488308042184365410e-01
5.961830527000000075e+03 3.487399884472284217e-01
5.988850296999999955e+03 3.486509535294683437e-01
6.015908902000000126e+03 3.486028747514242632e-01
6.042920229000000290e+03 3.485049367296202960e-01
6.069907919000000220e+03 3.483820686982041503e-01
6.096920935000000100e+03 3.482859107543840316e-01
6.123932262999999693e+03 3.481879727325799534e-01
6.150967228999999861e+03 3.481149639449238609e-01
6.177978557000000364e+03 3.480170255353877695e-01
6.205054046000000199e+03 3.479867537408957712e-01
6.232026539000000412e+03 3.478478595793756956e-01
6.259020982000000004e+03 3.477321141862875220e-01
6.286025555999999597e+03 3.476270531384234586e-01
6.312960903000000144e+03 3.474489836906353712e-01
6.340014441999999690e+03 3.473955627399792911e-01
6.367015639000000192e+03 3.472869399852191452e-01
6.393994886999999835e+03 3.471551684620270417e-01
6.420958937999999762e+03 3.470073708087309527e-01
6.447872335000000021e+03 3.468061522047788392e-01
6.474880285999999614e+03 3.467046524760787340e-01
6.501871352000000115e+03 3.465853457638266022e-01
6.528850599000000329e+03 3.464535742406344987e-01
6.555789324000000306e+03 3.462790657242782455e-01
6.582800650999999561e+03 3.461811277024742783e-01
6.609749506000000110e+03 3.460173035313420797e-01
6.636661215000000084e+03 3.458143040739419249e-01
6.663623577999999725e+03 3.456647255671977947e-01
6.690580874999999651e+03 3.455098048878416650e-01
6.717501025999999911e+03 3.453157089222174680e-01
6.744409357999999884e+03 3.451091481456532994e-01
6.771415621000000101e+03 3.450058679512372217e-01
6.798312133999999787e+03 3.447868419760010128e-01
6.825222154000000046e+03 3.445820620528848854e-01
6.852105158999999730e+03 3.443487908009926768e-01
6.879074276000000282e+03 3.442063349325765187e-01
6.905979231000000254e+03 3.439962128368483363e-01
6.932906135999999606e+03 3.438092395095521669e-01
6.959817844999999579e+03 3.436062404398840253e-01
6.986635000000000218e+03 3.433035217194997379e-01
7.013582166999999572e+03 3.431379170826516223e-01
7.040574921999999788e+03 3.430203912238475317e-01
7.067361684999999852e+03 3.426856202432552179e-01
7.094266639999999825e+03 3.424754977597949668e-01
7.121185102999999799e+03 3.422796213284548528e-01
7.147980308999999579e+03 3.419537538396386078e-01
7.174944360000000415e+03 3.418059557986104502e-01
7.201861133999999765e+03 3.416082985138222394e-01
7.228690109000000120e+03 3.413180449921099924e-01
7.255584933000000092e+03 3.410972385511578109e-01
7.282403777000000446e+03 3.407963010719536334e-01
7.309315486000000419e+03 3.405933016145534231e-01
7.336220441000000392e+03 3.403831795188252407e-01
7.363010580999999547e+03 3.400519698573969407e-01
7.389787213999999949e+03 3.397065145315806278e-01
7.416643203999999969e+03 3.394447523386444621e-01
7.443585304999999607e+03 3.392738055291842914e-01
7.469161672000000181e+03 3.389618273789736236e-01
7.494625587999999880e+03 3.385312547803435712e-01
7.521402219999999943e+03 3.381857998422593825e-01
7.548278471999999965e+03 3.379454055643070776e-01
7.573851461999999628e+03 3.376298664826645202e-01
7.599298493000000235e+03 3.371814869004824411e-01
7.626061617999999726e+03 3.368217862980101840e-01
7.652839939000000413e+03 3.364781118256418568e-01
7.679657094000000143e+03 3.361753934929896381e-01
7.706479314999999588e+03 3.358780169452173503e-01
7.731952855000000454e+03 3.354575943970037333e-01
7.754974909999999909e+03 3.350503888599672964e-01
7.779182464999999866e+03 3.345941348269522719e-01
7.806036766999999600e+03 3.343305917805680649e-01
7.832767810999999710e+03 3.339370576767076715e-01
7.859527559000000110e+03 3.335737957550714006e-01
7.885085353000000396e+03 3.332422297678606649e-01
7.909294635000000198e+03 3.327877961369659077e-01
7.934790968999999677e+03 3.323914129777743032e-01
7.961554094000000077e+03 3.320317123753020461e-01
7.984560618999999861e+03 3.316081290351641786e-01
8.007615687999999864e+03 3.312357410635373700e-01
8.033156090999999833e+03 3.308858341856990570e-01
8.058657659000000422e+03 3.304949711681446911e-01
8.085454552999999578e+03 3.301708845327764319e-01
8.112259888999999930e+03 3.298557010014521174e-01
8.139075356000000284e+03 3.295512018153518574e-01
8.162279430999999931e+03 3.293359601052261998e-01
8.185317614999999932e+03 3.289457651500473645e-01
8.212171915999999328e+03 3.286822221036631575e-01
8.239108952000000500e+03 3.285059331215909872e-01
8.265991957000000184e+03 3.282726618696987786e-01
8.292956007999999201e+03 3.281248638286706210e-01
8.319979155000000901e+03 3.280393906178065699e-01
8.347073216999999204e+03 3.280287062725825709e-01
8.374202736999999615e+03 3.280554167479105554e-01
8.401436940999999933e+03 3.281925304437147140e-01
8.428682963999999629e+03 3.283421089504588442e-01
8.456003278000000137e+03 3.285700380297390533e-01
8.483365804999999455e+03 3.288424845678992736e-01
8.510662480999999389e+03 3.290454840252994284e-01
8.538011500000000524e+03 3.293036852868037045e-01
8.565416236999999455e+03 3.296206492838439917e-01
8.590404796999999235e+03 3.299880661424602346e-01
8.614266763999999966e+03 3.304666581961258620e-01
8.635524795999999697e+03 3.307976895007969653e-01
8.652008331000000908e+03 3.312906458648673946e-01
8.672120408999999199e+03 3.317124336177381672e-01
8.693553028000000268e+03 3.322275888066421601e-01
8.716083760999999868e+03 3.326015350735024856e-01
8.731640052999999170e+03 3.330446744566097905e-01
8.745309778000000733e+03 3.335399622536833197e-01
8.761721230999999534e+03 3.339568998659528387e-01
8.780627877999999328e+03 3.344067163832270539e-01
8.799837442000000010e+03 3.348047656271706529e-01
8.812617285000000265e+03 3.352277658182588049e-01
8.831146119000000908e+03 3.357122343393440511e-01
8.852476851999999781e+03 3.361199373366404175e-01
8.870141540000000532e+03 3.365592606606064852e-01
8.886557415999999648e+03 3.369808619143463413e-01
8.900438872999999148e+03 3.373282163518954158e-01
