# Bare aluminum curve (alum.txt) * geometric thpt loss (0.2737443859885439)
# as derived from Calibration/pupilfit/testdata/:
#  imageMasked_SPCSPEC_LS2SPM.fits and imageUnmasked_SPCSPEC_LS2PUPIL.fits
4.042771172000000206e+03 2.465209108486969003e-01
4.069762237999999797e+03 2.464366786061507053e-01
4.097156845000000430e+03 2.466529164139970864e-01
4.121793456000000333e+03 2.466502624621749185e-01
4.146649940999999671e+03 2.468113235303483199e-01
4.173558272999999645e+03 2.466654883986680036e-01
4.200829622000000199e+03 2.467899509374122669e-01
4.228018237999999656e+03 2.468528108607667970e-01
4.255186592000000019e+03 2.469005844572651487e-01
4.282289096000000427e+03 2.468993271493002961e-01
4.309499662000000171e+03 2.469785307074758851e-01
4.336647753999999622e+03 2.470112177033736423e-01
4.363898841999999604e+03 2.471205939152616715e-01
4.390972643000000062e+03 2.470979642881051819e-01
4.418240616000000045e+03 2.472199124846641005e-01
4.445415724000000409e+03 2.472727147655330582e-01
4.472557061999999860e+03 2.473003730770601816e-01
4.499696713000000273e+03 2.473267743543668407e-01
4.526784021000000394e+03 2.473142023696959235e-01
4.553876393999999891e+03 2.473054020351751758e-01
4.581070074999999633e+03 2.473720333349354872e-01
4.608138810000000376e+03 2.473456323313731886e-01
4.635167022999999972e+03 2.472890584003541170e-01
4.662318492000000333e+03 2.473242597384371633e-01
4.689628676000000269e+03 2.474776378966733748e-01
4.716643380999999863e+03 2.474110065969130356e-01
4.743666527999999744e+03 2.473506610157438224e-01
4.770828128000000106e+03 2.473934056541271520e-01
4.797883356000000276e+03 2.473569470080792809e-01
4.825060152000000016e+03 2.474110065969130356e-01
4.852106936999999562e+03 2.473682616847853455e-01
4.879217883999999685e+03 2.473732906429003398e-01
4.906364287999999760e+03 2.474047206045776048e-01
4.933466792000000169e+03 2.474034632966127523e-01
4.960589557999999670e+03 2.474172925892485220e-01
4.987714012000000366e+03 2.474323789161047282e-01
5.014803009000000202e+03 2.474210639656543032e-01
5.041902135999999700e+03 2.474172925892485220e-01
5.068992820999999822e+03 2.474072349467629217e-01
5.096078440999999657e+03 2.473934056541271520e-01
5.123233287000000018e+03 2.474311216081398757e-01
5.150264876000000186e+03 2.473770620193060932e-01
5.177320104000000356e+03 2.473406033732582221e-01
5.204353382000000238e+03 2.472878010923892644e-01
5.231383281999999781e+03 2.472324844693350177e-01
5.258497605999999905e+03 2.472400277696353288e-01
5.285556209999999737e+03 2.472060831920283586e-01
5.312618191999999908e+03 2.471746535040954540e-01
5.339722385000000031e+03 2.471746535040954540e-01
5.366843461999999818e+03 2.471872254887663711e-01
5.393900378000000273e+03 2.471520238769389366e-01
5.420893132999999580e+03 2.470690489423575942e-01
5.447943295000000035e+03 2.470288186461595259e-01
5.475066061000000445e+03 2.470426476650509073e-01
5.502143237999999656e+03 2.470225326538240673e-01
5.529168072999999822e+03 2.469634443806196789e-01
5.556201350999999704e+03 2.469106420997507212e-01
5.583216056000000208e+03 2.468440105262460216e-01
5.610298299000000043e+03 2.468276668914249627e-01
5.637414311000000453e+03 2.468364672259457382e-01
5.664388492000000042e+03 2.467396632724730143e-01
5.691421769999999924e+03 2.466868609916040567e-01
5.718524274000000332e+03 2.466856036836392041e-01
5.745604828999999881e+03 2.466680030145976810e-01
5.772570568000000094e+03 2.465649127950451103e-01
5.799632548999999926e+03 2.465334828333678452e-01
5.826677646000000095e+03 2.464894808870196352e-01
5.853746382000000267e+03 2.464630798834573644e-01
5.880828623999999763e+03 2.464467362486363056e-01
5.907799428999999691e+03 2.463474176792338766e-01
5.934812444999999570e+03 2.462795290715087126e-01
5.961830527000000075e+03 2.462154118401893299e-01
5.988850296999999955e+03 2.461525519168347720e-01
6.015908902000000126e+03 2.461186076129721900e-01
6.042920229000000290e+03 2.460494619710265896e-01
6.069907919000000220e+03 2.459627153862950499e-01
6.096920935000000100e+03 2.458948265048254977e-01
6.123932262999999693e+03 2.458256808628798695e-01
6.150967228999999861e+03 2.457741356162313762e-01
6.177978557000000364e+03 2.457049897005414152e-01
6.205054046000000199e+03 2.456836173813497226e-01
6.232026539000000412e+03 2.455855561199121462e-01
6.259020982000000004e+03 2.455038382195512126e-01
6.286025555999999597e+03 2.454296636194906178e-01
6.312960903000000144e+03 2.453039440465259180e-01
6.340014441999999690e+03 2.452662280925131666e-01
6.367015639000000192e+03 2.451895388765228390e-01
6.393994886999999835e+03 2.450965062994558685e-01
6.420958937999999762e+03 2.449921590456828613e-01
6.447872335000000021e+03 2.448500958378970749e-01
6.474880285999999614e+03 2.447784355800217693e-01
6.501871352000000115e+03 2.446942033374755465e-01
6.528850599000000329e+03 2.446011707604085761e-01
6.555789324000000306e+03 2.444779652558847494e-01
6.582800650999999561e+03 2.444088196139391489e-01
6.609749506000000110e+03 2.442931574097156611e-01
6.636661215000000084e+03 2.441498368939650498e-01
6.663623577999999725e+03 2.440442323322271345e-01
6.690580874999999651e+03 2.439348561203391053e-01
6.717501025999999911e+03 2.437978215969239526e-01
6.744409357999999884e+03 2.436519867389880523e-01
6.771415621000000101e+03 2.435790694468922546e-01
6.798312133999999787e+03 2.434244339806911905e-01
6.825222154000000046e+03 2.432798564307201150e-01
6.852105158999999730e+03 2.431151635957778390e-01
6.879074276000000282e+03 2.430145877184105574e-01
6.905979231000000254e+03 2.428662385182893124e-01
6.932906135999999606e+03 2.427342326792447658e-01
6.959817844999999579e+03 2.425909124372385151e-01
6.986635000000000218e+03 2.423771886978330625e-01
7.013582166999999572e+03 2.422602694593891104e-01
7.040574921999999788e+03 2.421772945248077402e-01
7.067361684999999852e+03 2.419409414319901308e-01
7.094266639999999825e+03 2.417925919581245253e-01
7.121185102999999799e+03 2.416543004004889084e-01
7.147980308999999579e+03 2.414242333000067575e-01
7.174944360000000415e+03 2.413198857724893620e-01
7.201861133999999765e+03 2.411803369068888647e-01
7.228690109000000120e+03 2.409754137757485482e-01
7.255584933000000092e+03 2.408195212753269920e-01
7.282403777000000446e+03 2.406070551176307803e-01
7.309315486000000419e+03 2.404637346018801691e-01
7.336220441000000392e+03 2.403153854017589519e-01
7.363010580999999547e+03 2.400815466511266316e-01
7.389787213999999949e+03 2.398376502580087388e-01
7.416643203999999969e+03 2.396528424118396505e-01
7.443585304999999607e+03 2.395321515232455289e-01
7.469161672000000181e+03 2.393118904941582692e-01
7.494625587999999880e+03 2.390079000909618445e-01
7.521402219999999943e+03 2.387640039715883400e-01
7.548278471999999965e+03 2.385942821785310697e-01
7.573851461999999628e+03 2.383715070810028813e-01
7.599298493000000235e+03 2.380549446931355395e-01
7.626061617999999726e+03 2.378009909312764347e-01
7.652839939000000413e+03 2.375583518461233667e-01
7.679657094000000143e+03 2.373446283804623025e-01
7.706479314999999588e+03 2.371346762912069916e-01
7.731952855000000454e+03 2.368378519685469530e-01
7.754974909999999909e+03 2.365503590445165172e-01
7.779182464999999866e+03 2.362282371819141580e-01
7.806036766999999600e+03 2.360421720277802171e-01
7.832767810999999710e+03 2.357643313307997424e-01
7.859527559000000110e+03 2.355078632267553207e-01
7.885085353000000396e+03 2.352737729050322912e-01
7.909294635000000198e+03 2.349529362723221382e-01
7.934790968999999677e+03 2.346730841015934321e-01
7.961554094000000077e+03 2.344191303397342996e-01
7.984560618999999861e+03 2.341200744528397215e-01
8.007615687999999864e+03 2.338571632271823075e-01
8.033156090999999833e+03 2.336101239747688518e-01
8.058657659000000422e+03 2.333341691028634479e-01
8.085454552999999578e+03 2.331053593103461496e-01
8.112259888999999930e+03 2.328828352364199494e-01
8.139075356000000284e+03 2.326678544627940048e-01
8.162279430999999931e+03 2.325158907418002074e-01
8.185317614999999932e+03 2.322404075314718486e-01
8.212171915999999328e+03 2.320543423773378799e-01
8.239108952000000500e+03 2.319298798385936444e-01
8.265991957000000184e+03 2.317651870036513406e-01
8.292956007999999201e+03 2.316608394761339174e-01
8.319979155000000901e+03 2.316004941687090646e-01
8.347073216999999204e+03 2.315929508684087812e-01
8.374202736999999615e+03 2.316118088454151014e-01
8.401436940999999933e+03 2.317086130726322413e-01
8.428682963999999629e+03 2.318142176343701288e-01
8.456003278000000137e+03 2.319751388191622909e-01
8.483365804999999455e+03 2.321674899656316904e-01
8.510662480999999389e+03 2.323108104813823016e-01
8.538011500000000524e+03 2.324931042591104891e-01
8.565416236999999455e+03 2.327168853672571813e-01
8.590404796999999235e+03 2.329762869161418615e-01
8.614266763999999966e+03 2.333141797403097961e-01
8.635524795999999697e+03 2.335478925685245399e-01
8.652008331000000908e+03 2.338959268009601911e-01
8.672120408999999199e+03 2.341937149776032734e-01
8.693553028000000268e+03 2.345574218973699165e-01
8.716083760999999868e+03 2.348214333017146493e-01
8.731640052999999170e+03 2.351342960342053534e-01
8.745309778000000733e+03 2.354839762916339507e-01
8.761721230999999534e+03 2.357783401997526895e-01
8.780627877999999328e+03 2.360959170843145161e-01
8.799837442000000010e+03 2.363769455346698134e-01
8.812617285000000265e+03 2.366755897100079054e-01
8.831146119000000908e+03 2.370176314040898791e-01
8.852476851999999781e+03 2.373054755421675210e-01
8.870141540000000532e+03 2.376156440824113147e-01
8.886557415999999648e+03 2.379133005880047225e-01
8.900438872999999148e+03 2.381585377811251958e-01
