# Bare aluminum curve (alum.txt) * geometric thpt loss (0.3591715515031566)
# as derived from Calibration/pupilfit/testdata/:
#  imageUnmasked_SPCWFOV_LS2SPM.fits and imageUnmasked_SPCSPEC_LS2PUPIL.fits
4.042771172000000206e+03 3.234524708433776929e-01
4.069762237999999797e+03 3.233419523202940016e-01
4.097156845000000430e+03 3.236256712672866409e-01
4.121793456000000333e+03 3.236221890990947925e-01
4.146649940999999671e+03 3.238335123506518864e-01
4.173558272999999645e+03 3.236421665799609770e-01
4.200829622000000199e+03 3.238054700317682943e-01
4.228018237999999656e+03 3.238879465951399750e-01
4.255186592000000019e+03 3.239506288551367019e-01
4.282289096000000427e+03 3.239489791802006580e-01
4.309499662000000171e+03 3.240528997218832807e-01
4.336647753999999622e+03 3.240957873193336392e-01
4.363898841999999604e+03 3.242392964677660028e-01
4.390972643000000062e+03 3.242096048331179481e-01
4.418240616000000045e+03 3.243696092942246478e-01
4.445415724000000409e+03 3.244388895356225544e-01
4.472557061999999860e+03 3.244751791516717332e-01
4.499696713000000273e+03 3.245098194519565049e-01
4.526784021000000394e+03 3.244933241392821133e-01
4.553876393999999891e+03 3.244817774922444387e-01
4.581070074999999633e+03 3.245692023620811439e-01
4.608138810000000376e+03 3.245345624209679536e-01
4.635167022999999972e+03 3.244603335139334965e-01
4.662318492000000333e+03 3.245065201020843615e-01
4.689628676000000269e+03 3.247077628448769016e-01
4.716643380999999863e+03 3.246203379750401963e-01
4.743666527999999744e+03 3.245411604023690777e-01
4.770828128000000106e+03 3.245972443217932102e-01
4.797883356000000276e+03 3.245494080587062458e-01
4.825060152000000016e+03 3.246203379750401963e-01
4.852106936999999562e+03 3.245642536964445379e-01
4.879217883999999685e+03 3.245708520370171879e-01
4.906364287999999760e+03 3.246120903187030282e-01
4.933466792000000169e+03 3.246104406437669843e-01
4.960589557999999670e+03 3.246285856313773643e-01
4.987714012000000366e+03 3.246483799347522625e-01
5.014803009000000202e+03 3.246335339378424445e-01
5.041902135999999700e+03 3.246285856313773643e-01
5.068992820999999822e+03 3.246153893094035903e-01
5.096078440999999657e+03 3.245972443217932102e-01
5.123233287000000018e+03 3.246467302598162186e-01
5.150264876000000186e+03 3.245758003434822681e-01
5.177320104000000356e+03 3.245279640803953036e-01
5.204353382000000238e+03 3.244586838389973971e-01
5.231383281999999781e+03 3.243861046068989284e-01
5.258497605999999905e+03 3.243960019381721960e-01
5.285556209999999737e+03 3.243514643066142678e-01
5.312618191999999908e+03 3.243102263840999533e-01
5.339722385000000031e+03 3.243102263840999533e-01
5.366843461999999818e+03 3.243267216967742894e-01
5.393900378000000273e+03 3.242805347494518431e-01
5.420893132999999580e+03 3.241716659013041957e-01
5.447943295000000035e+03 3.241188809725806252e-01
5.475066061000000445e+03 3.241370256010194795e-01
5.502143237999999656e+03 3.241106333162434572e-01
5.529168072999999822e+03 3.240331054185083826e-01
5.556201350999999704e+03 3.239638251771104760e-01
5.583216056000000208e+03 3.238763999481021894e-01
5.610298299000000043e+03 3.238549559697912472e-01
5.637414311000000453e+03 3.238665026168290328e-01
5.664388492000000042e+03 3.237394891402424757e-01
5.691421769999999924e+03 3.236702088988445691e-01
5.718524274000000332e+03 3.236685592239085252e-01
5.745604828999999881e+03 3.236454659298330649e-01
5.772570568000000094e+03 3.235102044377378694e-01
5.799632548999999926e+03 3.234689661560520291e-01
5.826677646000000095e+03 3.234112325616918526e-01
5.853746382000000267e+03 3.233765926205787178e-01
5.880828623999999763e+03 3.233551486422677756e-01
5.907799428999999691e+03 3.232248358158091306e-01
5.934812444999999570e+03 3.231357612710363258e-01
5.961830527000000075e+03 3.230516350327286013e-01
5.988850296999999955e+03 3.229691584693569761e-01
6.015908902000000126e+03 3.229246211969705738e-01
6.042920229000000290e+03 3.228338973364333064e-01
6.069907919000000220e+03 3.227200798226489975e-01
6.096920935000000100e+03 3.226310049187046669e-01
6.123932262999999693e+03 3.225402810581673441e-01
6.150967228999999861e+03 3.224726501325339556e-01
6.177978557000000364e+03 3.223819259128251624e-01
6.205054046000000199e+03 3.223538839531130962e-01
6.232026539000000412e+03 3.222252208015904951e-01
6.259020982000000004e+03 3.221180012692073658e-01
6.286025555999999597e+03 3.220206790680973929e-01
6.312960903000000144e+03 3.218557263005256130e-01
6.340014441999999690e+03 3.218062403625026047e-01
6.367015639000000192e+03 3.217056188115205440e-01
6.393994886999999835e+03 3.215835536413991225e-01
6.420958937999999762e+03 3.214466428335394088e-01
6.447872335000000021e+03 3.212602460876566313e-01
6.474880285999999614e+03 3.211662228772472205e-01
6.501871352000000115e+03 3.210557043541635291e-01
6.528850599000000329e+03 3.209336391840420522e-01
6.555789324000000306e+03 3.207719850479992529e-01
6.582800650999999561e+03 3.206812611874619856e-01
6.609749506000000110e+03 3.205295043826924539e-01
6.636661215000000084e+03 3.203414579618736879e-01
6.663623577999999725e+03 3.202028974790778748e-01
6.690580874999999651e+03 3.200593883306454557e-01
6.717501025999999911e+03 3.198795895661638578e-01
6.744409357999999884e+03 3.196882441546445297e-01
6.771415621000000101e+03 3.195925716284706009e-01
6.798312133999999787e+03 3.193896792107420168e-01
6.825222154000000046e+03 3.191999834741587327e-01
6.852105158999999730e+03 3.189838950936279005e-01
6.879074276000000282e+03 3.188519325922332115e-01
6.905979231000000254e+03 3.186572881900132659e-01
6.932906135999999606e+03 3.184840874069327921e-01
6.959817844999999579e+03 3.182960413452855519e-01
6.986635000000000218e+03 3.180156210298218378e-01
7.013582166999999572e+03 3.178622149092878435e-01
7.040574921999999788e+03 3.177533460611401406e-01
7.067361684999999852e+03 3.174432344701998976e-01
7.094266639999999825e+03 3.172485897088084261e-01
7.121185102999999799e+03 3.170671416285623101e-01
7.147980308999999579e+03 3.167652776939592352e-01
7.174944360000000415e+03 3.166283665269279957e-01
7.201861133999999765e+03 3.164452687717457802e-01
7.228690109000000120e+03 3.161763954624913775e-01
7.255584933000000092e+03 3.159718537289982754e-01
7.282403777000000446e+03 3.156930834476421865e-01
7.309315486000000419e+03 3.155050370268234206e-01
7.336220441000000392e+03 3.153103926246035305e-01
7.363010580999999547e+03 3.150035800243638495e-01
7.389787213999999949e+03 3.146835711021503945e-01
7.416643203999999969e+03 3.144410904368435400e-01
7.443585304999999607e+03 3.142827356506728287e-01
7.469161672000000181e+03 3.139937379593877309e-01
7.494625587999999880e+03 3.135948815431589543e-01
7.521402219999999943e+03 3.132748729801170806e-01
7.548278471999999965e+03 3.130521862590135984e-01
7.573851461999999628e+03 3.127598899361994644e-01
7.599298493000000235e+03 3.123445382072963517e-01
7.626061617999999726e+03 3.120113333222807039e-01
7.652839939000000413e+03 3.116929740750032929e-01
7.679657094000000143e+03 3.114125541187111601e-01
7.706479314999999588e+03 3.111370824688841075e-01
7.731952855000000454e+03 3.107476284455305549e-01
7.754974909999999909e+03 3.103704178620247389e-01
7.779182464999999866e+03 3.099477717180821879e-01
7.806036766999999600e+03 3.097036413778392894e-01
7.832767810999999710e+03 3.093390951832394320e-01
7.859527559000000110e+03 3.090025913075232222e-01
7.885085353000000396e+03 3.086954486286276889e-01
7.909294635000000198e+03 3.082744887951194279e-01
7.934790968999999677e+03 3.079073034079591320e-01
7.961554094000000077e+03 3.075740985229434843e-01
7.984560618999999861e+03 3.071817165331021116e-01
8.007615687999999864e+03 3.068367588365781828e-01
8.033156090999999833e+03 3.065126262657819067e-01
8.058657659000000422e+03 3.061505544040003524e-01
8.085454552999999578e+03 3.058503401443333214e-01
8.112259888999999930e+03 3.055583731818319326e-01
8.139075356000000284e+03 3.052763035506037559e-01
8.162279430999999931e+03 3.050769166472178107e-01
8.185317614999999932e+03 3.047154636380194903e-01
8.212171915999999328e+03 3.044713332977765918e-01
8.239108952000000500e+03 3.043080298459693300e-01
8.265991957000000184e+03 3.040919414654384423e-01
8.292956007999999201e+03 3.039550302984071473e-01
8.319979155000000901e+03 3.038758530849076100e-01
8.347073216999999204e+03 3.038659557536343980e-01
8.374202736999999615e+03 3.038906987226459022e-01
8.401436940999999933e+03 3.040177125584039297e-01
8.428682963999999629e+03 3.041562730411997428e-01
8.456003278000000137e+03 3.043674127560939691e-01
8.483365804999999455e+03 3.046197907526740356e-01
8.510662480999999389e+03 3.048078371734928016e-01
8.538011500000000524e+03 3.050470192072706754e-01
8.565416236999999455e+03 3.053406354855365823e-01
8.590404796999999235e+03 3.056809882435987391e-01
8.614266763999999966e+03 3.061243269789664656e-01
8.635524795999999697e+03 3.064309743602924851e-01
8.652008331000000908e+03 3.068876193241287242e-01
8.672120408999999199e+03 3.072783379905150714e-01
8.693553028000000268e+03 3.077555466031896003e-01
8.716083760999999868e+03 3.081019478101790221e-01
8.731640052999999170e+03 3.085124453355635454e-01
8.745309778000000733e+03 3.089712499979390126e-01
8.761721230999999534e+03 3.093574757873875924e-01
8.780627877999999328e+03 3.097741586060605568e-01
8.799837442000000010e+03 3.101428873533776387e-01
8.812617285000000265e+03 3.105347291492055462e-01
8.831146119000000908e+03 3.109835114886079221e-01
8.852476851999999781e+03 3.113611828892143274e-01
8.870141540000000532e+03 3.117681454481889269e-01
8.886557415999999648e+03 3.121586913530589591e-01
8.900438872999999148e+03 3.124804594975317262e-01
