# Bare aluminum curve (alum.txt) * geometric thpt loss (0.31188040904032716)
# as derived from Calibration/pupilfit/testdata/:
#  imageMasked_SPCWFOV_LS2SPM.fits and imageUnmasked_SPCSPEC_LS2PUPIL.fits
4.042771172000000206e+03 2.808643626967503582e-01
4.069762237999999797e+03 2.807683958473670138e-01
4.097156845000000430e+03 2.810147582913585795e-01
4.121793456000000333e+03 2.810117346107929293e-01
4.146649940999999671e+03 2.811952335038971906e-01
4.173558272999999645e+03 2.810290817110241979e-01
4.200829622000000199e+03 2.811708834409613611e-01
4.228018237999999656e+03 2.812425005392892863e-01
4.255186592000000019e+03 2.812969295963945737e-01
4.282289096000000427e+03 2.812954971296758311e-01
4.309499662000000171e+03 2.813857347359451366e-01
4.336647753999999622e+03 2.814229754399473760e-01
4.363898841999999604e+03 2.815475891286619015e-01
4.390972643000000062e+03 2.815218069108877952e-01
4.418240616000000045e+03 2.816607440192678835e-01
4.445415724000000409e+03 2.817209023194872652e-01
4.472557061999999860e+03 2.817524137803754658e-01
4.499696713000000273e+03 2.817824930864253896e-01
4.526784021000000394e+03 2.817681696667597713e-01
4.553876393999999891e+03 2.817581433353699705e-01
4.581070074999999633e+03 2.818340572100932473e-01
4.608138810000000376e+03 2.818039782159237339e-01
4.635167022999999972e+03 2.817395228274285901e-01
4.662318492000000333e+03 2.817796281529879598e-01
4.689628676000000269e+03 2.819543738105320108e-01
4.716643380999999863e+03 2.818784599358086784e-01
4.743666527999999744e+03 2.818097074590378281e-01
4.770828128000000106e+03 2.818584069611486109e-01
4.797883356000000276e+03 2.818168691688706096e-01
4.825060152000000016e+03 2.818784599358086784e-01
4.852106936999999562e+03 2.818297601218174853e-01
4.879217883999999685e+03 2.818354896768119344e-01
4.906364287999999760e+03 2.818712982259758970e-01
4.933466792000000169e+03 2.818698657592572099e-01
4.960589557999999670e+03 2.818856216456415154e-01
4.987714012000000366e+03 2.819028096868640976e-01
5.014803009000000202e+03 2.818899184220368670e-01
5.041902135999999700e+03 2.818856216456415154e-01
5.068992820999999822e+03 2.818741628475329719e-01
5.096078440999999657e+03 2.818584069611486109e-01
5.123233287000000018e+03 2.819013772201454104e-01
5.150264876000000186e+03 2.818397864532072861e-01
5.177320104000000356e+03 2.817982486609292847e-01
5.204353382000000238e+03 2.817380903607099030e-01
5.231383281999999781e+03 2.816750674389334463e-01
5.258497605999999905e+03 2.816836616154849704e-01
5.285556209999999737e+03 2.816449881328835780e-01
5.312618191999999908e+03 2.816091798956000258e-01
5.339722385000000031e+03 2.816091798956000258e-01
5.366843461999999818e+03 2.816235033152655887e-01
5.393900378000000273e+03 2.815833976778258640e-01
5.420893132999999580e+03 2.814888632951612624e-01
5.447943295000000035e+03 2.814430284146074435e-01
5.475066061000000445e+03 2.814587839891113386e-01
5.502143237999999656e+03 2.814358667047746621e-01
5.529168072999999822e+03 2.813685466947224989e-01
5.556201350999999704e+03 2.813083883945031172e-01
5.583216056000000208e+03 2.812324742078994300e-01
5.610298299000000043e+03 2.812138536999581051e-01
5.637414311000000453e+03 2.812238800313479059e-01
5.664388492000000042e+03 2.811135900741794091e-01
5.691421769999999924e+03 2.810534317739600274e-01
5.718524274000000332e+03 2.810519993072412848e-01
5.745604828999999881e+03 2.810319466444616276e-01
5.772570568000000094e+03 2.809144946655799391e-01
5.799632548999999926e+03 2.808786861164159765e-01
5.826677646000000095e+03 2.808285541475863956e-01
5.853746382000000267e+03 2.807984751534169376e-01
5.880828623999999763e+03 2.807798546454755573e-01
5.907799428999999691e+03 2.806666997548695752e-01
5.934812444999999570e+03 2.805893534134276113e-01
5.961830527000000075e+03 2.805163038483809435e-01
5.988850296999999955e+03 2.804446867500530183e-01
6.015908902000000126e+03 2.804060135793320363e-01
6.042920229000000290e+03 2.803272350830517401e-01
6.069907919000000220e+03 2.802284036121113209e-01
6.096920935000000100e+03 2.801510569587888910e-01
6.123932262999999693e+03 2.800722784625085948e-01
6.150967228999999861e+03 2.800135523171275453e-01
6.177978557000000364e+03 2.799347735089668388e-01
6.205054046000000199e+03 2.799104237579114196e-01
6.232026539000000412e+03 2.797987013340241247e-01
6.259020982000000004e+03 2.797055991061978553e-01
6.286025555999999597e+03 2.796210910549230544e-01
6.312960903000000144e+03 2.794778571701476144e-01
6.340014441999999690e+03 2.794348869111508149e-01
6.367015639000000192e+03 2.793475139264385843e-01
6.393994886999999835e+03 2.792415207456654391e-01
6.420958937999999762e+03 2.791226366119454183e-01
6.447872335000000021e+03 2.789607822192285980e-01
6.474880285999999614e+03 2.788791387895108165e-01
6.501871352000000115e+03 2.787831719401274722e-01
6.528850599000000329e+03 2.786771787593543270e-01
6.555789324000000306e+03 2.785368091842554961e-01
6.582800650999999561e+03 2.784580306879751999e-01
6.609749506000000110e+03 2.783262552894278929e-01
6.636661215000000084e+03 2.781629684299923300e-01
6.663623577999999725e+03 2.780426518295535665e-01
6.690580874999999651e+03 2.779180381408390965e-01
6.717501025999999911e+03 2.777619129912363705e-01
6.744409357999999884e+03 2.775957615102437881e-01
6.771415621000000101e+03 2.775126859256877299e-01
6.798312133999999787e+03 2.773365078014249363e-01
6.825222154000000046e+03 2.771717887871510966e-01
6.852105158999999730e+03 2.769841521766601700e-01
6.879074276000000282e+03 2.768695648193355008e-01
6.905979231000000254e+03 2.767005487167858990e-01
6.932906135999999606e+03 2.765501528102972117e-01
6.959817844999999579e+03 2.763868662627421147e-01
6.986635000000000218e+03 2.761433681284271580e-01
7.013582166999999572e+03 2.760101605750415743e-01
7.040574921999999788e+03 2.759156261923769171e-01
7.067361684999999852e+03 2.756463461521682090e-01
7.094266639999999825e+03 2.754773297377381969e-01
7.121185102999999799e+03 2.753197724332971941e-01
7.147980308999999579e+03 2.750576541029212674e-01
7.174944360000000415e+03 2.749387696573208917e-01
7.201861133999999765e+03 2.747797798861610907e-01
7.228690109000000120e+03 2.745463083951163452e-01
7.255584933000000092e+03 2.743686981160152749e-01
7.282403777000000446e+03 2.741266327602994157e-01
7.309315486000000419e+03 2.739633459008639083e-01
7.336220441000000392e+03 2.737943297983143065e-01
7.363010580999999547e+03 2.735279143796626733e-01
7.389787213999999949e+03 2.732500401629024411e-01
7.416643203999999969e+03 2.730394862680748380e-01
7.443585304999999607e+03 2.729019816264134368e-01
7.469161672000000181e+03 2.726510354760502408e-01
7.494625587999999880e+03 2.723046954006149711e-01
7.521402219999999943e+03 2.720268214957352049e-01
7.548278471999999965e+03 2.718334553302498291e-01
7.573851461999999628e+03 2.715796448702099131e-01
7.599298493000000235e+03 2.712189813751091361e-01
7.626061617999999726e+03 2.709296486721207708e-01
7.652839939000000413e+03 2.706532069220792813e-01
7.679657094000000143e+03 2.704097090996447350e-01
7.706479314999999588e+03 2.701705080536055403e-01
7.731952855000000454e+03 2.698323323835182252e-01
7.754974909999999909e+03 2.695047880928142514e-01
7.779182464999999866e+03 2.691377906184862501e-01
7.806036766999999600e+03 2.689258042569399043e-01
7.832767810999999710e+03 2.686092568694587457e-01
7.859527559000000110e+03 2.683170595449133611e-01
7.885085353000000396e+03 2.680503575081657486e-01
7.909294635000000198e+03 2.676848243123582383e-01
7.934790968999999677e+03 2.673659852276313864e-01
7.961554094000000077e+03 2.670766525246430767e-01
7.984560618999999861e+03 2.667359344054612280e-01
8.007615687999999864e+03 2.664363963517282774e-01
8.033156090999999833e+03 2.661549414359918320e-01
8.058657659000000422e+03 2.658405425926485544e-01
8.085454552999999578e+03 2.655798567289913703e-01
8.112259888999999930e+03 2.653263322632865573e-01
8.139075356000000284e+03 2.650814019741332683e-01
8.162279430999999931e+03 2.649082678026627446e-01
8.185317614999999932e+03 2.645944063292641757e-01
8.212171915999999328e+03 2.643824199677178299e-01
8.239108952000000500e+03 2.642406182377807222e-01
8.265991957000000184e+03 2.640529816272897401e-01
8.292956007999999201e+03 2.639340971816893089e-01
8.319979155000000901e+03 2.638653450167988135e-01
8.347073216999999204e+03 2.638567508402473449e-01
8.374202736999999615e+03 2.638782359697456892e-01
8.401436940999999933e+03 2.639885262387945963e-01
8.428682963999999629e+03 2.641088428392333598e-01
8.456003278000000137e+03 2.642921823614485799e-01
8.483365804999999455e+03 2.645113304328277071e-01
8.510662480999999389e+03 2.646746172922632145e-01
8.538011500000000524e+03 2.648823068774142087e-01
8.565416236999999455e+03 2.651372634979572984e-01
8.590404796999999235e+03 2.654328029329659500e-01
8.614266763999999966e+03 2.658177684614195790e-01
8.635524795999999697e+03 2.660840404150831007e-01
8.652008331000000908e+03 2.664805601770504073e-01
8.672120408999999199e+03 2.668198339780579742e-01
8.693553028000000268e+03 2.672342098290840795e-01
8.716083760999999868e+03 2.675350013301809882e-01
8.731640052999999170e+03 2.678914497615536017e-01
8.745309778000000733e+03 2.682898448604204567e-01
8.761721230999999534e+03 2.686252173493913209e-01
8.780627877999999328e+03 2.689870366732880491e-01
8.799837442000000010e+03 2.693072159081325023e-01
8.812617285000000265e+03 2.696474649591791839e-01
8.831146119000000908e+03 2.700371573471122000e-01
8.852476851999999781e+03 2.703651017803809786e-01
8.870141540000000532e+03 2.707184806847677816e-01
8.886557415999999648e+03 2.710576044712985633e-01
8.900438872999999148e+03 2.713370062783022618e-01
