# From Gary Kuan, 11/28/23
# Product of (1-R) for reflectance off both sides and 0.99 for FS transmission
4000 0.45506516
4010 0.465118026
4020 0.479291836
4030 0.497096464
4040 0.517565973
4050 0.53954164
4060 0.562170814
4070 0.58542817
4080 0.611010532
4090 0.637978564
4100 0.665722981
4110 0.693633985
4120 0.721368151
4130 0.748576841
4140 0.77492467
4150 0.80027451
4160 0.824141282
4170 0.845978312
4180 0.865156943
4190 0.880953143
4200 0.89284394
4210 0.90050376
4220 0.903667614
4230 0.90223425
4240 0.896175039
4250 0.885633237
4260 0.870971137
4270 0.852612538
4280 0.830951118
4290 0.806571134
4300 0.779672328
4310 0.750578247
4320 0.719755424
4330 0.687868505
4340 0.655677193
4350 0.623931863
4360 0.592935043
4370 0.56287936
4380 0.533752194
4390 0.505484914
4400 0.478195099
4410 0.452099962
4420 0.427413783
4430 0.404605919
4440 0.383526104
4450 0.364043238
4460 0.346008184
4470 0.329034575
4480 0.312982164
4490 0.298026318
4500 0.284215754
4510 0.271476506
4520 0.259879102
4530 0.249312908
4540 0.23953834
4550 0.23049131
4560 0.222024236
4570 0.214211643
4580 0.207096912
4590 0.200639586
4600 0.19502618
4610 0.190025145
4620 0.185491894
4630 0.181423421
4640 0.177766638
4650 0.174388014
4660 0.171374344
4670 0.168745197
4680 0.1664356
4690 0.164593285
4700 0.163092945
4710 0.161780642
4720 0.160825728
4730 0.160147811
4740 0.159616486
4750 0.159356447
4760 0.159297661
4770 0.159486767
4780 0.159891069
4790 0.160525494
4800 0.161383836
4810 0.162451806
4820 0.163708496
4830 0.165196737
4840 0.166832184
4850 0.168604744
4860 0.170647031
4870 0.172905007
4880 0.175336103
4890 0.178033873
4900 0.180932452
4910 0.18400255
4920 0.18725644
4930 0.190689077
4940 0.194329978
4950 0.198180366
4960 0.202418347
4970 0.20694686
4980 0.211654088
4990 0.216607367
5000 0.221727983
5010 0.22694494
5020 0.23250455
5030 0.238307189
5040 0.244545796
5050 0.251113226
5060 0.258042046
5070 0.265185044
5080 0.272556972
5090 0.27997305
5100 0.287690363
5110 0.295772813
5120 0.30424924
5130 0.313113724
5140 0.322217895
5150 0.33157574
5160 0.341180852
5170 0.350914271
5180 0.360987137
5190 0.371345594
5200 0.382175299
5210 0.393340313
5220 0.40477626
5230 0.416270065
5240 0.427825841
5250 0.439479839
5260 0.451389414
5270 0.463613335
5280 0.476175595
5290 0.489015777
5300 0.501969737
5310 0.514955239
5320 0.527893989
5330 0.540724023
5340 0.553674077
5350 0.566805078
5360 0.58010964
5370 0.593540877
5380 0.606935163
5390 0.620185019
5400 0.633218475
5410 0.64606359
5420 0.658845436
5430 0.671612328
5440 0.684382385
5450 0.697161409
5460 0.70970819
5470 0.721906942
5480 0.733745052
5490 0.745247334
5500 0.75649984
5510 0.767650082
5520 0.778602662
5530 0.789414463
5540 0.799933193
5550 0.810073739
5560 0.819775311
5570 0.829035397
5580 0.837997704
5590 0.84675187
5600 0.855280936
5610 0.863528228
5620 0.871445349
5630 0.878947947
5640 0.886031208
5650 0.892749883
5660 0.89913346
5670 0.90528604
5680 0.91122594
5690 0.916924216
5700 0.922342068
5710 0.927401171
5720 0.932125364
5730 0.936542818
5740 0.940713979
5750 0.944652625
5760 0.948391155
5770 0.951909894
5780 0.955215356
5790 0.958278148
5800 0.961083429
5810 0.963669113
5820 0.966063643
5830 0.968315254
5840 0.970425393
5850 0.972402419
5860 0.974218424
5870 0.975872952
5880 0.977368538
5890 0.978720564
5900 0.979963204
5910 0.981100189
5920 0.982133308
5930 0.983089033
5940 0.983952444
5950 0.984721445
5960 0.985392962
5970 0.985979739
5980 0.986498501
5990 0.986962043
6000 0.987373293
6010 0.987741118
6020 0.988058571
6030 0.988324637
6040 0.988544244
6050 0.988728257
6060 0.98887172
6070 0.988989467
6080 0.989078524
6090 0.989140866
6100 0.989189356
6110 0.989217065
6120 0.989223992
6130 0.989207169
6140 0.989181439
6150 0.989144825
6160 0.989095346
6170 0.989035973
6180 0.988973634
6190 0.98890437
6200 0.988836097
6210 0.988760901
6220 0.988680762
6230 0.988586776
6240 0.988495762
6250 0.988402773
6260 0.98830583
6270 0.988209882
6280 0.988123828
6290 0.988037779
6300 0.9879547
6310 0.987868659
6320 0.987788554
6330 0.987696587
6340 0.987627366
6350 0.987543314
6360 0.987466187
6370 0.987392028
6380 0.987313916
6390 0.98724174
6400 0.987165614
6410 0.987099379
6420 0.987038086
6430 0.986984705
6440 0.986943184
6450 0.986895737
6460 0.986849276
6470 0.986789966
6480 0.986735602
6490 0.986676299
6500 0.986614033
6510 0.986560665
6520 0.986515206
6530 0.986481604
6540 0.986448993
6550 0.986423299
6560 0.986401557
6570 0.986382781
6580 0.986379814
6590 0.986373887
6600 0.986373889
6610 0.986374877
6620 0.986371915
6630 0.986377847
6640 0.986383774
6650 0.98639168
6660 0.986404528
6670 0.986416388
6680 0.986423309
6690 0.986422325
6700 0.986415411
6710 0.986401578
6720 0.986393674
6730 0.986390713
6740 0.98639862
6750 0.986402573
6760 0.986398622
6770 0.986389732
6780 0.986388747
6790 0.986381831
6800 0.986375903
6810 0.986368988
6820 0.986365038
6830 0.986368996
6840 0.986369987
6850 0.986374932
6860 0.986378886
6870 0.986385807
6880 0.986396679
6890 0.986403599
6900 0.9864036
6910 0.986396686
6920 0.986395701
6930 0.986403609
6940 0.986417446
6950 0.986429306
6960 0.986446106
6970 0.986471801
6980 0.986495519
6990 0.986512322
7000 0.986538018
7010 0.986558774
7020 0.986581507
7030 0.986614123
7040 0.986642785
7050 0.986673425
7060 0.986699122
7070 0.986737669
7080 0.986772263
7090 0.986799939
7100 0.986833545
7110 0.986870117
7120 0.986915585
7130 0.986953147
7140 0.986997629
7150 0.987033216
7160 0.987071768
7170 0.987113287
7180 0.987146899
7190 0.987179522
7200 0.987218077
7210 0.987256633
7220 0.987296178
7230 0.987335725
7240 0.987381203
7250 0.987419762
7260 0.987464254
7270 0.987507758
7280 0.987541376
7290 0.987575983
7300 0.98761059
7310 0.987655087
7320 0.987692662
7330 0.98772925
7340 0.987768805
7350 0.98780935
7360 0.98785286
7370 0.987882527
7380 0.987914172
7390 0.98794384
7400 0.987967575
7410 0.9880012
7420 0.988024936
7430 0.988056585
7440 0.988084279
7450 0.988122851
7460 0.988160435
7470 0.988200988
7480 0.988220771
7490 0.988253412
7500 0.988281107
7510 0.988306825
7520 0.988313748
7530 0.988320672
7540 0.988324629
7550 0.988336499
7560 0.988333531
7570 0.988351336
7580 0.98837112
7590 0.988383979
7600 0.98838101
7610 0.988393871
7620 0.988380023
7630 0.988395849
7640 0.988387936
7650 0.988405741
7660 0.988391891
7670 0.988383976
7680 0.988382985
7690 0.988380017
7700 0.988355288
7710 0.988358256
7720 0.988354299
7730 0.988350342
7740 0.988331547
7750 0.988322648
7760 0.988280115
7770 0.988258354
7780 0.988209886
7790 0.988177248
7800 0.988127792
7810 0.988105039
7820 0.988079321
7830 0.988061518
7840 0.988020968
7850 0.988025916
7860 0.987993282
7870 0.9879468
7880 0.987903287
7890 0.987881532
7900 0.987847906
7910 0.987833075
7920 0.987791539
7930 0.98776484
7940 0.98771935
7950 0.987671884
7960 0.987601679
7970 0.987564108
7980 0.987496871
7990 0.98748303
8000 0.987445459
8010 0.987427661
8020 0.987371306
8030 0.987312974
8040 0.987268482
8050 0.987220043
8060 0.987126126
8070 0.987084611
8080 0.987050999
8090 0.987011457
8100 0.986963016
8110 0.986929408
8120 0.986894809
8130 0.986859228
8140 0.986840449
8150 0.986860221
8160 0.986846381
8170 0.986805855
8180 0.986741608
8190 0.986682305
8200 0.986602242
8210 0.986561726
8220 0.98652714
8230 0.986518251
8240 0.986496508
8250 0.986460935
8260 0.986425353
8270 0.986362108
8280 0.986324551
8290 0.986270208
8300 0.986281067
8310 0.986293915
8320 0.986270199
8330 0.986267231
8340 0.986269205
8350 0.986277115
8360 0.986239568
8370 0.986202025
8380 0.986220797
8390 0.986209935
8400 0.986265265
8410 0.986291944
8420 0.986277115
8430 0.986192142
8440 0.986191157
8450 0.986205983
8460 0.986184246
8470 0.986076556
8480 0.98597874
8490 0.98575844
8500 0.985590508
8510 0.985432462
8520 0.98534256
8530 0.985192418
8540 0.985283243
8550 0.985439238
8560 0.985730609
8570 0.985803763
8580 0.985943141
8590 0.98600935
8600 0.985982661
8610 0.985894752
8620 0.985729759
8630 0.985503543
8640 0.985542066
8650 0.985691256
8660 0.985828566
8670 0.985827569
8680 0.985991576
8690 0.985982655
8700 0.986009325
8710 0.985943101
8720 0.985977673
8730 0.986000347
8740 0.986130738
8750 0.986355102
8760 0.986338372
8770 0.98630671
8780 0.986176278
8790 0.986201042
8800 0.986185218
8810 0.985979672
8820 0.98605177
8830 0.986176224
8840 0.986310638
8850 0.986453927
8860 0.986678318
8870 0.986780115
8880 0.986879977
8890 0.986892837
8900 0.986813777
8910 0.986587431
8920 0.986367055
8930 0.986394732
8940 0.986583468
8950 0.986614086
8960 0.986763332
8970 0.986866148
8980 0.987012453
8990 0.986881971
9000 0.986820696
9010 0.986513325
9020 0.98638189
9030 0.98632853
9040 0.986497509
9050 0.986320606
9060 0.986431261
9070 0.986409523
9080 0.986551843
9090 0.986618067
9100 0.986665507
9110 0.986474776
9120 0.986305798
9130 0.986230689
9140 0.98620995
9150 0.986078537
9160 0.986028148
9170 0.985991574
9180 0.986080457
9190 0.985835428
9200 0.985740551
9210 0.98541261
9220 0.985110419
9230 0.984905039
9240 0.984950483
9250 0.985024572
9260 0.985136178
9270 0.9852379
9280 0.985129261
9290 0.984845846
9300 0.984539769
9310 0.984279158
9320 0.983966224
9330 0.98349545
9340 0.983214196
9350 0.982959675
9360 0.982792965
9370 0.982567112
9380 0.982322554
9390 0.982195328
9400 0.982142114
9410 0.98191437
9420 0.981553571
9430 0.981030215
9440 0.980614381
9450 0.980459695
9460 0.980303051
9470 0.980069588
9480 0.979774101
9490 0.979405768
9500 0.979132007
9510 0.978743132
9520 0.97834154
9530 0.978008917
9540 0.977773779
9550 0.977297698
9560 0.976844314
9570 0.976344815
9580 0.975646912
9590 0.975196843
9600 0.974780279
9610 0.974496397
9620 0.974015164
9630 0.973598823
9640 0.973052047
9650 0.972299392
9660 0.971595033
9670 0.970999825
9680 0.970638072
9690 0.969991252
9700 0.969537592
9710 0.969117312
9720 0.968503258
9730 0.967908977
9740 0.967138756
9750 0.966510691
9760 0.965701901
9770 0.965081115
9780 0.964414607
9790 0.96369948
9800 0.962708327
9810 0.961812324
9820 0.960958675
9830 0.960185364
9840 0.95939092
9850 0.958556879
9860 0.957733895
9870 0.956877187
9880 0.956089917
9890 0.955415824
9900 0.954660319
9910 0.953718537
9920 0.952836451
9930 0.952088743
9940 0.951181208
9950 0.950185842
9960 0.949018452
9970 0.948081378
9980 0.94725516
9990 0.946634518
10000 0.946156355
