# From Gary Kuan, 11/28/23
# Product of (1-R) for reflectance off both sides and 0.99 for FS transmission
4000 0.375822391
4010 0.373208037
4020 0.370027945
4030 0.366608902
4040 0.363397228
4050 0.360753919
4060 0.358901538
4070 0.357774584
4080 0.35657115
4090 0.355998515
4100 0.3557909
4110 0.356099393
4120 0.356659328
4130 0.357577116
4140 0.358701744
4150 0.360190837
4160 0.362084819
4170 0.364270729
4180 0.366816496
4190 0.369745228
4200 0.372911418
4210 0.376507416
4220 0.380188043
4230 0.384202608
4240 0.388523112
4250 0.393246741
4260 0.398205891
4270 0.403523459
4280 0.40899627
4290 0.414682294
4300 0.420696482
4310 0.427016344
4320 0.433651249
4330 0.440798596
4340 0.448159361
4350 0.455725478
4360 0.463357146
4370 0.471080953
4380 0.478997169
4390 0.487260318
4400 0.495836809
4410 0.50475326
4420 0.513940494
4430 0.523234148
4440 0.532591212
4450 0.542021891
4460 0.551492009
4470 0.561201979
4480 0.571172701
4490 0.581402557
4500 0.591808361
4510 0.602185056
4520 0.612556965
4530 0.622973445
4540 0.633539574
4550 0.644300758
4560 0.655260327
4570 0.666359383
4580 0.67742732
4590 0.688346528
4600 0.699086868
4610 0.709587116
4620 0.720022305
4630 0.730555621
4640 0.741136208
4650 0.751638544
4660 0.762035588
4670 0.772190338
4680 0.78203572
4690 0.791591697
4700 0.800943027
4710 0.810117291
4720 0.819206836
4730 0.8282038
4740 0.836944742
4750 0.84529854
4760 0.853284346
4770 0.860920033
4780 0.868296559
4790 0.875434466
4800 0.88238276
4810 0.889134999
4820 0.89570012
4830 0.901945162
4840 0.907814343
4850 0.913326683
4860 0.918533117
4870 0.923566753
4880 0.92840411
4890 0.933071466
4900 0.937522108
4910 0.941728411
4920 0.945682788
4930 0.949374879
4940 0.952829256
4950 0.956065983
4960 0.959169708
4970 0.962101775
4980 0.964845716
4990 0.967387978
5000 0.96969248
5010 0.971795644
5020 0.973742944
5030 0.975556513
5040 0.977232041
5050 0.978791827
5060 0.980216876
5070 0.981507886
5080 0.982656699
5090 0.983663082
5100 0.984563329
5110 0.985364219
5120 0.986081438
5130 0.986720826
5140 0.987267481
5150 0.987725283
5160 0.988102084
5170 0.988415642
5180 0.988659993
5190 0.988848965
5200 0.988986499
5210 0.989083471
5220 0.989134927
5230 0.98914779
5240 0.989124039
5250 0.989060706
5260 0.98897066
5270 0.988858851
5280 0.988723304
5290 0.988566992
5300 0.988401789
5310 0.988230667
5320 0.988044723
5330 0.987843963
5340 0.987636301
5350 0.987420751
5360 0.987196328
5370 0.98697786
5380 0.986766335
5390 0.986560762
5400 0.986363115
5410 0.986172404
5420 0.985984675
5430 0.985796964
5440 0.985608282
5450 0.985432458
5460 0.985265537
5470 0.985112455
5480 0.984963335
5490 0.98482805
5500 0.984706597
5510 0.984583177
5520 0.984470622
5530 0.984369919
5540 0.984274158
5550 0.984198143
5560 0.98413595
5570 0.984092512
5580 0.984045128
5590 0.984002682
5600 0.983979978
5610 0.983964183
5620 0.983954307
5630 0.983962196
5640 0.983981933
5650 0.984003646
5660 0.984033254
5670 0.984071743
5680 0.984107276
5690 0.984152679
5700 0.98420598
5710 0.984272116
5720 0.984340225
5730 0.984416232
5740 0.984502119
5750 0.984585052
5760 0.984675887
5770 0.984771665
5780 0.984857573
5790 0.984950396
5800 0.985043223
5810 0.98514099
5820 0.985245679
5830 0.985363214
5840 0.985476805
5850 0.985592378
5860 0.985704996
5870 0.985814656
5880 0.985911476
5890 0.986008302
5900 0.986108096
5910 0.986216789
5920 0.986323512
5930 0.986437157
5940 0.986545869
5950 0.986650632
5960 0.986746505
5970 0.986852268
5980 0.986945187
5990 0.987039096
6000 0.987128069
6010 0.987219023
6020 0.98730405
6030 0.987387104
6040 0.987465218
6050 0.987539378
6060 0.987616507
6070 0.987685727
6080 0.987751982
6090 0.987820217
6100 0.987881532
6110 0.98794186
6120 0.987998235
6130 0.988053621
6140 0.988102086
6150 0.988144616
6160 0.988182203
6170 0.988219789
6180 0.988258366
6190 0.98828804
6200 0.98832266
6210 0.988352336
6220 0.988383001
6230 0.988405752
6240 0.988429493
6250 0.988451256
6260 0.988472029
6270 0.988490825
6280 0.988513577
6290 0.988527426
6300 0.988543254
6310 0.988560072
6320 0.988570953
6330 0.988580846
6340 0.98858876
6350 0.988597663
6360 0.988605577
6370 0.988604587
6380 0.988607553
6390 0.988605574
6400 0.988603594
6410 0.988601615
6420 0.988599636
6430 0.988596669
6440 0.988598647
6450 0.988604583
6460 0.988605571
6470 0.98860656
6480 0.988606559
6490 0.988609527
6500 0.988607548
6510 0.988601612
6520 0.988599634
6530 0.988596667
6540 0.988594688
6550 0.988598645
6560 0.98860656
6570 0.988611508
6580 0.988620412
6590 0.988635251
6600 0.988661963
6610 0.988686697
6620 0.988710442
6630 0.988734187
6640 0.988753973
6650 0.98877574
6660 0.988791571
6670 0.98880938
6680 0.988824221
6690 0.988842031
6700 0.988870725
6710 0.988895462
6720 0.988919209
6730 0.988937019
6740 0.988956809
6750 0.98897264
6760 0.988979568
6770 0.988993421
6780 0.989003316
6790 0.989011232
6800 0.989022116
6810 0.989037949
6820 0.989043886
6830 0.989047845
6840 0.989056751
6850 0.989066647
6860 0.989077532
6870 0.989089406
6880 0.989099301
6890 0.989108207
6900 0.989108207
6910 0.989111176
6920 0.989107217
6930 0.989107217
6940 0.989103258
6950 0.989105238
6960 0.989117112
6970 0.989120081
6980 0.989127998
6990 0.989127009
7000 0.989118103
7010 0.989109197
7020 0.989093364
7030 0.989070604
7040 0.989051802
7050 0.989029043
7060 0.989004305
7070 0.988988472
7080 0.988960765
7090 0.988925143
7100 0.988887544
7110 0.988842029
7120 0.988794536
7130 0.988735173
7140 0.988667896
7150 0.988605569
7160 0.988546211
7170 0.988487843
7180 0.988426509
7190 0.988348361
7200 0.98826428
7210 0.98817328
7220 0.988075359
7230 0.987960632
7240 0.987850856
7250 0.987744053
7260 0.987628355
7270 0.987502776
7280 0.987370285
7290 0.987220997
7300 0.987081602
7310 0.986935298
7320 0.986792957
7330 0.986629872
7340 0.986467792
7350 0.986289913
7360 0.986103157
7370 0.985905553
7380 0.985701055
7390 0.985491634
7400 0.985271373
7410 0.98504323
7420 0.984796358
7430 0.984528783
7440 0.984268153
7450 0.98399571
7460 0.983735153
7470 0.983454885
7480 0.983185517
7490 0.982905331
7500 0.982595597
7510 0.982269137
7520 0.981931895
7530 0.981561184
7540 0.981197463
7550 0.980850545
7560 0.980499759
7570 0.980136223
7580 0.979756988
7590 0.979366
7600 0.978952461
7610 0.978510461
7620 0.978047903
7630 0.977591358
7640 0.977121151
7650 0.976667765
7660 0.976231192
7670 0.975739654
7680 0.97526006
7690 0.974754048
7700 0.974240322
7710 0.973694327
7720 0.973165185
7730 0.972618507
7740 0.972077871
7750 0.971529547
7760 0.970949991
7770 0.970357866
7780 0.969748265
7790 0.969121232
7800 0.968495362
7810 0.967850101
7820 0.967226605
7830 0.96658573
7840 0.96592844
7850 0.965202963
7860 0.964491436
7870 0.963777215
7880 0.963077861
7890 0.962393468
7900 0.961675116
7910 0.960943413
7920 0.960208062
7930 0.959445734
7940 0.958645687
7950 0.957830369
7960 0.957039715
7970 0.956252285
7980 0.955473935
7990 0.954598753
8000 0.95375896
8010 0.952926353
8020 0.952101814
8030 0.951275762
8040 0.950451989
8050 0.949593712
8060 0.948725077
8070 0.947809429
8080 0.946879715
8090 0.945889473
8100 0.944954911
8110 0.944022731
8120 0.943170181
8130 0.942220415
8140 0.941350301
8150 0.940392796
8160 0.939457905
8170 0.938426121
8180 0.937445154
8190 0.936425199
8200 0.935363558
8210 0.93434862
8220 0.933355334
8230 0.932315313
8240 0.931269223
8250 0.930196852
8260 0.929202804
8270 0.928171882
8280 0.927184623
8290 0.926143576
8300 0.925052333
8310 0.923928121
8320 0.922805552
8330 0.921655897
8340 0.920492751
8350 0.919395244
8360 0.918372698
8370 0.91722306
8380 0.916104775
8390 0.914909037
8400 0.91385769
8410 0.912910337
8420 0.911821623
8430 0.91052897
8440 0.909770521
8450 0.909011843
8460 0.907840556
8470 0.905989832
8480 0.903680403
8490 0.90091566
8500 0.898067103
8510 0.895282563
8520 0.893031407
8530 0.891124048
8540 0.890019044
8550 0.889308235
8560 0.888551125
8570 0.887229917
8580 0.886042168
8590 0.884659665
8600 0.883322333
8610 0.882016001
8620 0.880840822
8630 0.879663719
8640 0.878433433
8650 0.877300781
8660 0.876021483
8670 0.87462249
8680 0.873174648
8690 0.871636065
8700 0.870330483
8710 0.869192332
8720 0.868099043
8730 0.86700479
8740 0.866043931
8750 0.865067982
8760 0.864065379
8770 0.862896881
8780 0.86148684
8790 0.860179891
8800 0.858726138
8810 0.857498128
8820 0.856186459
8830 0.855002495
8840 0.853805843
8850 0.852580157
8860 0.851284189
8870 0.849986423
8880 0.848748676
8890 0.847398159
8900 0.846285626
8910 0.845150717
8920 0.844061036
8930 0.842919408
8940 0.841686885
8950 0.840524606
8960 0.839465001
8970 0.838378125
8980 0.837234255
8990 0.836051936
9000 0.834721494
9010 0.833396155
9020 0.832008326
9030 0.830599629
9040 0.829317097
9050 0.828041362
9060 0.826899649
9070 0.825615495
9080 0.824416251
9090 0.823173287
9100 0.822180469
9110 0.820908714
9120 0.819700695
9130 0.818521717
9140 0.817303397
9150 0.8162344
9160 0.815139909
9170 0.813981583
9180 0.812823572
9190 0.811848437
9200 0.810804781
9210 0.809603243
9220 0.808280286
9230 0.806928061
9240 0.805664567
9250 0.804393072
9260 0.803270993
9270 0.802074419
9280 0.800915403
9290 0.799914189
9300 0.798873283
9310 0.797633396
9320 0.796434004
9330 0.795392331
9340 0.794383324
9350 0.793508696
9360 0.792399056
9370 0.791328791
9380 0.790254142
9390 0.78919218
9400 0.788128035
9410 0.78700391
9420 0.785800109
9430 0.784697295
9440 0.783653752
9450 0.782429307
9460 0.7812615
9470 0.780210746
9480 0.779294453
9490 0.778444373
9500 0.777508466
9510 0.776450088
9520 0.775540182
9530 0.77462318
9540 0.773650684
9550 0.772687098
9560 0.771665067
9570 0.770551945
9580 0.769642615
9590 0.768626823
9600 0.76742757
9610 0.766302815
9620 0.76529094
9630 0.764304972
9640 0.76331536
9650 0.762302018
9660 0.761235832
9670 0.760294137
9680 0.759319946
9690 0.758414341
9700 0.757587907
9710 0.756536088
9720 0.755519969
9730 0.754623319
9740 0.753662795
9750 0.752728492
9760 0.751748972
9770 0.750888016
9780 0.750019318
9790 0.7493346
9800 0.748397918
9810 0.747516762
9820 0.746425617
9830 0.745432541
9840 0.744498357
9850 0.743494212
9860 0.742601311
9870 0.741732086
9880 0.740955083
9890 0.740007321
9900 0.739157423
9910 0.738444338
9920 0.737663424
9930 0.737025855
9940 0.736304112
9950 0.735598126
9960 0.734801542
9970 0.734079196
9980 0.733374475
9990 0.732725818
10000 0.732391243
